1.0310923973763693e-17 -0.10163857612916291 -1.3877787807814457e-17
1.0310923973763693e-17 -0.10163857612916291 -1.3877787807814457e-17
1.0310923973763693e-17 -0.10163857612916291 -1.3877787807814457e-17
1.0310923973763693e-17 -0.10163857612916291 -1.3877787807814457e-17
1.0310923973763693e-17 -0.10163857612916291 -1.3877787807814457e-17
1.0310923973763693e-17 -0.10163857612916291 -1.3877787807814457e-17
1.0310923973763693e-17 -0.10163857612916291 -1.3877787807814457e-17
1.0310923973763693e-17 -0.10163857612916291 -1.3877787807814457e-17
1.0310923973763693e-17 -0.10163857612916291 -1.3877787807814457e-17
1.0310923973763693e-17 -0.10163857612916291 -1.3877787807814457e-17
1.0310923973763693e-17 -0.10163857612916291 -1.3877787807814457e-17
1.0310923973763693e-17 -0.10163857612916291 -1.3877787807814457e-17
1.0310923973763693e-17 -0.10163857612916291 -1.3877787807814457e-17
1.0310923973763693e-17 -0.10163857612916291 -1.3877787807814457e-17
1.0310923973763693e-17 -0.10163857612916291 -1.3877787807814457e-17
1.0310923973763693e-17 -0.10163857612916291 -1.3877787807814457e-17
1.0310923973763693e-17 -0.10163857612916291 -1.3877787807814457e-17
1.0310923973763693e-17 -0.10163857612916291 -1.3877787807814457e-17
1.0310923973763693e-17 -0.10163857612916291 -1.3877787807814457e-17
1.0310923973763693e-17 -0.10163857612916291 -1.3877787807814457e-17
1.0310923973763693e-17 -0.10163857612916291 -1.3877787807814457e-17
1.0310923973763693e-17 -0.10163857612916291 -1.3877787807814457e-17
1.0310923973763693e-17 -0.10163857612916291 -1.3877787807814457e-17
1.0310923973763693e-17 -0.10163857612916291 -1.3877787807814457e-17
1.0310923973763693e-17 -0.10163857612916291 -1.3877787807814457e-17
1.0310923973763693e-17 -0.10163857612916291 -1.3877787807814457e-17
1.0310923973763693e-17 -0.10163857612916291 -1.3877787807814457e-17
1.0310923973763693e-17 -0.10163857612916291 -1.3877787807814457e-17
1.0310923973763693e-17 -0.10163857612916291 -1.3877787807814457e-17
1.0310923973763693e-17 -0.10163857612916291 -1.3877787807814457e-17
1.0310923973763693e-17 -0.10163857612916291 -1.3877787807814457e-17
1.0310923973763693e-17 -0.10163857612916291 -1.3877787807814457e-17
1.0310923973763693e-17 -0.10163857612916291 -1.3877787807814457e-17
1.0310923973763693e-17 -0.10163857612916291 -1.3877787807814457e-17
1.0310923973763693e-17 -0.10163857612916291 -1.3877787807814457e-17
1.0310923973763693e-17 -0.10163857612916291 -1.3877787807814457e-17
1.0310923973763693e-17 -0.10163857612916291 -1.3877787807814457e-17
1.0310923973763693e-17 -0.10163857612916291 -1.3877787807814457e-17
1.0310923973763693e-17 -0.10163857612916291 -1.3877787807814457e-17
1.0310923973763693e-17 -0.10163857612916291 -1.3877787807814457e-17
1.0310923973763693e-17 -0.10163857612916291 -1.3877787807814457e-17
1.0310923973763693e-17 -0.10163857612916291 -1.3877787807814457e-17
1.0310923973763693e-17 -0.10163857612916291 -1.3877787807814457e-17
1.0310923973763693e-17 -0.10163857612916291 -1.3877787807814457e-17
1.0310923973763693e-17 -0.10163857612916291 -1.3877787807814457e-17
1.0310923973763693e-17 -0.10163857612916291 -1.3877787807814457e-17
1.0310923973763693e-17 -0.10163857612916291 -1.3877787807814457e-17
1.0310923973763693e-17 -0.10163857612916291 -1.3877787807814457e-17
1.0310923973763693e-17 -0.10163857612916291 -1.3877787807814457e-17
1.0310923973763693e-17 -0.10163857612916291 -1.3877787807814457e-17
1.0310923973763693e-17 -0.10163857612916291 -1.3877787807814457e-17
1.0310923973763693e-17 -0.10163857612916291 -1.3877787807814457e-17
1.0310923973763693e-17 -0.10163857612916291 -1.3877787807814457e-17
1.0310923973763693e-17 -0.10163857612916291 -1.3877787807814457e-17
1.0310923973763693e-17 -0.10163857612916291 -1.3877787807814457e-17
1.0310923973763693e-17 -0.10163857612916291 -1.3877787807814457e-17
1.0310923973763693e-17 -0.10163857612916291 -1.3877787807814457e-17
1.0310923973763693e-17 -0.10163857612916291 -1.3877787807814457e-17
1.0310923973763693e-17 -0.10163857612916291 -1.3877787807814457e-17
1.0310923973763693e-17 -0.10163857612916291 -1.3877787807814457e-17
1.0310923973763693e-17 -0.10163857612916291 -1.3877787807814457e-17
1.0310923973763693e-17 -0.10163857612916291 -1.3877787807814457e-17
1.0310923973763693e-17 -0.10163857612916291 -1.3877787807814457e-17
1.0310923973763693e-17 -0.10163857612916291 -1.3877787807814457e-17
1.0310923973763693e-17 -0.10163857612916291 -1.3877787807814457e-17
1.0310923973763693e-17 -0.10163857612916291 -1.3877787807814457e-17
1.0310923973763693e-17 -0.10163857612916291 -1.3877787807814457e-17
1.0310923973763693e-17 -0.10163857612916291 -1.3877787807814457e-17
1.0310923973763693e-17 -0.10163857612916291 -1.3877787807814457e-17
1.0310923973763693e-17 -0.10163857612916291 -1.3877787807814457e-17
1.0310923973763693e-17 -0.10163857612916291 -1.3877787807814457e-17
1.0310923973763693e-17 -0.10163857612916291 -1.3877787807814457e-17
1.0310923973763693e-17 -0.10163857612916291 -1.3877787807814457e-17
1.0310923973763693e-17 -0.10163857612916291 -1.3877787807814457e-17
1.0310923973763693e-17 -0.10163857612916291 -1.3877787807814457e-17
1.0310923973763693e-17 -0.10163857612916291 -1.3877787807814457e-17
1.0310923973763693e-17 -0.10163857612916291 -1.3877787807814457e-17
1.0310923973763693e-17 -0.10163857612916291 -1.3877787807814457e-17
1.0310923973763693e-17 -0.10163857612916291 -1.3877787807814457e-17
1.0310923973763693e-17 -0.10163857612916291 -1.3877787807814457e-17
1.0310923973763693e-17 -0.10163857612916291 -1.3877787807814457e-17
1.0310923973763693e-17 -0.10163857612916291 -1.3877787807814457e-17
1.0310923973763693e-17 -0.10163857612916291 -1.3877787807814457e-17
1.0310923973763693e-17 -0.10163857612916291 -1.3877787807814457e-17
1.0310923973763693e-17 -0.10163857612916291 -1.3877787807814457e-17
1.0310923973763693e-17 -0.10163857612916291 -1.3877787807814457e-17
1.0310923973763693e-17 -0.10163857612916291 -1.3877787807814457e-17
1.0310923973763693e-17 -0.10163857612916291 -1.3877787807814457e-17
1.0310923973763693e-17 -0.10163857612916291 -1.3877787807814457e-17
1.0310923973763693e-17 -0.10163857612916291 -1.3877787807814457e-17
1.0310923973763693e-17 -0.10163857612916291 -1.3877787807814457e-17
1.0310923973763693e-17 -0.10163857612916291 -1.3877787807814457e-17
1.0310923973763693e-17 -0.10163857612916291 -1.3877787807814457e-17
1.0310923973763693e-17 -0.10163857612916291 -1.3877787807814457e-17
1.0310923973763693e-17 -0.10163857612916291 -1.3877787807814457e-17
1.0310923973763693e-17 -0.10163857612916291 -1.3877787807814457e-17
1.0310923973763693e-17 -0.10163857612916291 -1.3877787807814457e-17
1.0310923973763693e-17 -0.10163857612916291 -1.3877787807814457e-17
1.0310923973763693e-17 -0.10163857612916291 -1.3877787807814457e-17
1.0310923973763693e-17 -0.10163857612916291 -1.3877787807814457e-17
1.0310923973763693e-17 -0.10163857612916291 -1.3877787807814457e-17
1.0310923973763693e-17 -0.10163857612916291 -1.3877787807814457e-17
1.0310923973763693e-17 -0.10163857612916291 -1.3877787807814457e-17
1.0310923973763693e-17 -0.10163857612916291 -1.3877787807814457e-17
1.0310923973763693e-17 -0.10163857612916291 -1.3877787807814457e-17
1.0310923973763693e-17 -0.10163857612916291 -1.3877787807814457e-17
1.0310923973763693e-17 -0.10163857612916291 -1.3877787807814457e-17
1.0310923973763693e-17 -0.10163857612916291 -1.3877787807814457e-17
1.0310923973763693e-17 -0.10163857612916291 -1.3877787807814457e-17
1.0310923973763693e-17 -0.10163857612916291 -1.3877787807814457e-17
1.0310923973763693e-17 -0.10163857612916291 -1.3877787807814457e-17
1.0310923973763693e-17 -0.10163857612916291 -1.3877787807814457e-17
1.0310923973763693e-17 -0.10163857612916291 -1.3877787807814457e-17
1.0310923973763693e-17 -0.10163857612916291 -1.3877787807814457e-17
1.0310923973763693e-17 -0.10163857612916291 -1.3877787807814457e-17
1.0310923973763693e-17 -0.10163857612916291 -1.3877787807814457e-17
1.0310923973763693e-17 -0.10163857612916291 -1.3877787807814457e-17
1.0310923973763693e-17 -0.10163857612916291 -1.3877787807814457e-17
1.0310923973763693e-17 -0.10163857612916291 -1.3877787807814457e-17
1.0310923973763693e-17 -0.10163857612916291 -1.3877787807814457e-17
1.0310923973763693e-17 -0.10163857612916291 -1.3877787807814457e-17
1.0310923973763693e-17 -0.10163857612916291 -1.3877787807814457e-17
1.0310923973763693e-17 -0.10163857612916291 -1.3877787807814457e-17
1.0310923973763693e-17 -0.10163857612916291 -1.3877787807814457e-17
1.0310923973763693e-17 -0.10163857612916291 -1.3877787807814457e-17
1.0310923973763693e-17 -0.10163857612916291 -1.3877787807814457e-17
1.0310923973763693e-17 -0.10163857612916291 -1.3877787807814457e-17
1.0310923973763693e-17 -0.10163857612916291 -1.3877787807814457e-17
1.0310923973763693e-17 -0.10163857612916291 -1.3877787807814457e-17
1.0310923973763693e-17 -0.10163857612916291 -1.3877787807814457e-17
1.0310923973763693e-17 -0.10163857612916291 -1.3877787807814457e-17
1.0310923973763693e-17 -0.10163857612916291 -1.3877787807814457e-17
1.0310923973763693e-17 -0.10163857612916291 -1.3877787807814457e-17
1.0310923973763693e-17 -0.10163857612916291 -1.3877787807814457e-17
1.0310923973763693e-17 -0.10163857612916291 -1.3877787807814457e-17
1.0310923973763693e-17 -0.10163857612916291 -1.3877787807814457e-17
1.0310923973763693e-17 -0.10163857612916291 -1.3877787807814457e-17
1.0310923973763693e-17 -0.10163857612916291 -1.3877787807814457e-17
1.0310923973763693e-17 -0.10163857612916291 -1.3877787807814457e-17
1.0310923973763693e-17 -0.10163857612916291 -1.3877787807814457e-17
1.0310923973763693e-17 -0.10163857612916291 -1.3877787807814457e-17
1.0310923973763693e-17 -0.10163857612916291 -1.3877787807814457e-17
1.0310923973763693e-17 -0.10163857612916291 -1.3877787807814457e-17
1.0310923973763693e-17 -0.10163857612916291 -1.3877787807814457e-17
1.0310923973763693e-17 -0.10163857612916291 -1.3877787807814457e-17
1.0310923973763693e-17 -0.10163857612916291 -1.3877787807814457e-17
1.0310923973763693e-17 -0.10163857612916291 -1.3877787807814457e-17
1.0310923973763693e-17 -0.10163857612916291 -1.3877787807814457e-17
1.0310923973763693e-17 -0.10163857612916291 -1.3877787807814457e-17
1.0310923973763693e-17 -0.10163857612916291 -1.3877787807814457e-17
1.0310923973763693e-17 -0.10163857612916291 -1.3877787807814457e-17
1.0310923973763693e-17 -0.10163857612916291 -1.3877787807814457e-17
1.0310923973763693e-17 -0.10163857612916291 -1.3877787807814457e-17
1.0310923973763693e-17 -0.10163857612916291 -1.3877787807814457e-17
1.0310923973763693e-17 -0.10163857612916291 -1.3877787807814457e-17
1.0310923973763693e-17 -0.10163857612916291 -1.3877787807814457e-17
1.0310923973763693e-17 -0.10163857612916291 -1.3877787807814457e-17
1.0310923973763693e-17 -0.10163857612916291 -1.3877787807814457e-17
1.0310923973763693e-17 -0.10163857612916291 -1.3877787807814457e-17
1.0310923973763693e-17 -0.10163857612916291 -1.3877787807814457e-17
1.0310923973763693e-17 -0.10163857612916291 -1.3877787807814457e-17
1.0310923973763693e-17 -0.10163857612916291 -1.3877787807814457e-17
1.0310923973763693e-17 -0.10163857612916291 -1.3877787807814457e-17
1.0310923973763693e-17 -0.10163857612916291 -1.3877787807814457e-17
1.0310923973763693e-17 -0.10163857612916291 -1.3877787807814457e-17
1.0310923973763693e-17 -0.10163857612916291 -1.3877787807814457e-17
1.0310923973763693e-17 -0.10163857612916291 -1.3877787807814457e-17
1.0310923973763693e-17 -0.10163857612916291 -1.3877787807814457e-17
1.0310923973763693e-17 -0.10163857612916291 -1.3877787807814457e-17
1.0310923973763693e-17 -0.10163857612916291 -1.3877787807814457e-17
1.0310923973763693e-17 -0.10163857612916291 -1.3877787807814457e-17
1.0310923973763693e-17 -0.10163857612916291 -1.3877787807814457e-17
1.0310923973763693e-17 -0.10163857612916291 -1.3877787807814457e-17
1.0310923973763693e-17 -0.10163857612916291 -1.3877787807814457e-17
1.0310923973763693e-17 -0.10163857612916291 -1.3877787807814457e-17
1.0310923973763693e-17 -0.10163857612916291 -1.3877787807814457e-17
1.0310923973763693e-17 -0.10163857612916291 -1.3877787807814457e-17
1.0310923973763693e-17 -0.10163857612916291 -1.3877787807814457e-17
1.0310923973763693e-17 -0.10163857612916291 -1.3877787807814457e-17
1.0310923973763693e-17 -0.10163857612916291 -1.3877787807814457e-17
1.0310923973763693e-17 -0.10163857612916291 -1.3877787807814457e-17
1.0310923973763693e-17 -0.10163857612916291 -1.3877787807814457e-17
1.0310923973763693e-17 -0.10163857612916291 -1.3877787807814457e-17
1.0310923973763693e-17 -0.10163857612916291 -1.3877787807814457e-17
1.0310923973763693e-17 -0.10163857612916291 -1.3877787807814457e-17
1.0310923973763693e-17 -0.10163857612916291 -1.3877787807814457e-17
1.0310923973763693e-17 -0.10163857612916291 -1.3877787807814457e-17
1.0310923973763693e-17 -0.10163857612916291 -1.3877787807814457e-17
1.0310923973763693e-17 -0.10163857612916291 -1.3877787807814457e-17
1.0310923973763693e-17 -0.10163857612916291 -1.3877787807814457e-17
1.0310923973763693e-17 -0.10163857612916291 -1.3877787807814457e-17
1.0310923973763693e-17 -0.10163857612916291 -1.3877787807814457e-17
1.0310923973763693e-17 -0.10163857612916291 -1.3877787807814457e-17
1.0310923973763693e-17 -0.10163857612916291 -1.3877787807814457e-17
1.0310923973763693e-17 -0.10163857612916291 -1.3877787807814457e-17
1.0310923973763693e-17 -0.10163857612916291 -1.3877787807814457e-17
1.0310923973763693e-17 -0.10163857612916291 -1.3877787807814457e-17
1.0310923973763693e-17 -0.10163857612916291 -1.3877787807814457e-17
1.0310923973763693e-17 -0.10163857612916291 -1.3877787807814457e-17
1.0310923973763693e-17 -0.10163857612916291 -1.3877787807814457e-17
1.0310923973763693e-17 -0.1 0.0
1.0310923973763693e-17 -0.1 0.0
1.0310923973763693e-17 -0.1 0.0
1.0310923973763693e-17 -0.1 0.0
1.0310923973763693e-17 -0.1 0.0
1.0310923973763693e-17 -0.1 0.0
1.0310923973763693e-17 -0.1 0.0
1.0310923973763693e-17 -0.1 0.0
1.0310923973763693e-17 -0.1 0.0
1.0310923973763693e-17 -0.1 0.0
1.0310923973763693e-17 -0.1 0.0
1.0310923973763693e-17 -0.1 0.0
1.0310923973763693e-17 -0.1 0.0
1.0310923973763693e-17 -0.1 0.0
1.0310923973763693e-17 -0.1 0.0
1.0310923973763693e-17 -0.1 0.0
1.0310923973763693e-17 -0.1 0.0
1.0310923973763693e-17 -0.1 0.0
1.0310923973763693e-17 -0.1 0.0
1.0310923973763693e-17 -0.1 0.0
1.0310923973763693e-17 -0.1 0.0
1.0310923973763693e-17 -0.1 0.0
1.0310923973763693e-17 -0.1 0.0
1.0310923973763693e-17 -0.1 0.0
1.0310923973763693e-17 -0.1 0.0
1.0310923973763693e-17 -0.1 0.0
1.0310923973763693e-17 -0.1 0.0
1.0310923973763693e-17 -0.1 0.0
1.0310923973763693e-17 -0.1 0.0
1.0310923973763693e-17 -0.1 0.0
1.0310923973763693e-17 -0.1 0.0
1.0310923973763693e-17 -0.1 0.0
1.0310923973763693e-17 -0.1 0.0
1.0310923973763693e-17 -0.1 0.0
1.0310923973763693e-17 -0.1 0.0
1.0310923973763693e-17 -0.1 0.0
1.0310923973763693e-17 -0.1 0.0
1.0310923973763693e-17 -0.1 0.0
1.0310923973763693e-17 -0.1 0.0
1.0310923973763693e-17 -0.1 0.0
1.0310923973763693e-17 -0.1 0.0
1.0310923973763693e-17 -0.1 0.0
1.0310923973763693e-17 -0.1 0.0
1.0310923973763693e-17 -0.1 0.0
1.0310923973763693e-17 -0.1 0.0
1.0310923973763693e-17 -0.1 0.0
1.0310923973763693e-17 -0.1 0.0
1.0310923973763693e-17 -0.1 0.0
1.0310923973763693e-17 -0.1 0.0
1.0310923973763693e-17 -0.1 0.0
1.0310923973763693e-17 -0.1 0.0
1.0310923973763693e-17 -0.1 0.0
1.0310923973763693e-17 -0.1 0.0
1.0310923973763693e-17 -0.1 0.0
1.0310923973763693e-17 -0.1 0.0
1.0310923973763693e-17 -0.1 0.0
1.0310923973763693e-17 -0.1 0.0
1.0310923973763693e-17 -0.1 0.0
1.0310923973763693e-17 -0.1 0.0
1.0310923973763693e-17 -0.1 0.0
1.0310923973763693e-17 -0.1 0.0
1.0310923973763693e-17 -0.1 0.0
1.0310923973763693e-17 -0.1 0.0
1.0310923973763693e-17 -0.1 0.0
1.0310923973763693e-17 -0.1 0.0
1.0310923973763693e-17 -0.1 0.0
1.0310923973763693e-17 -0.1 0.0
1.0310923973763693e-17 -0.1 0.0
1.0310923973763693e-17 -0.1 0.0
1.0310923973763693e-17 -0.1 0.0
1.0310923973763693e-17 -0.1 0.0
1.0310923973763693e-17 -0.1 0.0
1.0310923973763693e-17 -0.1 0.0
1.0310923973763693e-17 -0.1 0.0
1.0310923973763693e-17 -0.1 0.0
1.0310923973763693e-17 -0.1 0.0
1.0310923973763693e-17 -0.1 0.0
1.0310923973763693e-17 -0.1 0.0
1.0310923973763693e-17 -0.1 0.0
1.0310923973763693e-17 -0.1 0.0
1.0310923973763693e-17 -0.1 0.0
1.0310923973763693e-17 -0.1 0.0
1.0310923973763693e-17 -0.1 0.0
1.0310923973763693e-17 -0.1 0.0
1.0310923973763693e-17 -0.1 0.0
1.0310923973763693e-17 -0.1 0.0
1.0310923973763693e-17 -0.1 0.0
1.0310923973763693e-17 -0.1 0.0
1.0310923973763693e-17 -0.1 0.0
1.0310923973763693e-17 -0.1 0.0
1.0310923973763693e-17 -0.1 0.0
1.0310923973763693e-17 -0.1 0.0
1.0310923973763693e-17 -0.1 0.0
1.0310923973763693e-17 -0.1 0.0
1.0310923973763693e-17 -0.1 0.0
1.0310923973763693e-17 -0.1 0.0
1.0310923973763693e-17 -0.1 0.0
1.0310923973763693e-17 -0.1 0.0
1.0310923973763693e-17 -0.1 0.0
1.0310923973763693e-17 -0.1 0.0
1.0310923973763693e-17 -0.1 0.0
0.00024256559766764897 -0.1 6.345356101624323e-05
0.000960932944606425 -0.1 0.0002465106205747605
0.0021411078717201285 -0.1 0.0005384556434818824
0.0037690962099125496 -0.1 0.000928892961266139
0.005830903790087478 -0.1 0.001407746772178259
0.008312536443148704 -0.1 0.00196526114119117
0.011200000000000017 -0.1 0.0025919999999999997
0.01447930029154521 -0.1 0.003278847147022074
0.01813644314868807 -0.1 0.004017006247396917
0.022157434402332386 -0.1 0.004798000832986255
0.026528279883381953 -0.1 0.00561367430237401
0.031234985422740558 -0.1 0.006456189920866304
0.03626355685131199 -0.1 0.007318030820491461
0.04160000000000003 -0.1 0.008192
0.04723032069970849 -0.1 0.00907122032486464
0.05314052478134115 -0.1 0.009949134527280298
0.05931661807580179 -0.1 0.010819505206164096
0.06574460641399422 -0.1 0.01167641482715535
0.07241049562682222 -0.1 0.012514265722615575
0.07930029154518958 -0.1 0.013327780091628487
0.08640000000000006 -0.1 0.014112
0.09369562682215753 -0.1 0.014862287380258223
0.1011731778425657 -0.1 0.015574324031653479
0.10881865889212837 -0.1 0.016244111620158264
0.11661807580174935 -0.1 0.016867971678467306
0.12455743440233247 -0.1 0.0174425456059975
0.13262274052478143 -0.1 0.01796479466888796
0.1408000000000001 -0.1 0.018431999999999997
0.14907521865889223 -0.1 0.01884176259891711
0.1574344023323616 -0.1 0.019192003331945026
0.16586355685131204 -0.1 0.01948096293211162
0.17434868804664733 -0.1 0.019707201999167007
0.1828758017492713 -0.1 0.0198696009995835
0.19143090379008756 -0.1 0.019967360266555594
0.20000000000000015 -0.1 0.01999999999999999
0.20856909620991268 -0.1 0.0199673602665556
0.21712419825072898 -0.1 0.0198696009995835
0.22565131195335292 -0.1 0.019707201999167007
0.23413644314868823 -0.1 0.0194809629321116
0.2425655976676387 -0.1 0.019192003331945026
0.25092478134110807 -0.1 0.018841762598917122
0.25920000000000015 -0.1 0.018432000000000004
0.26737725947521884 -0.1 0.01796479466888795
0.27544256559766783 -0.1 0.017442545605997506
0.28338192419825087 -0.1 0.01686797167846729
0.29118134110787197 -0.1 0.016244111620158264
0.29882682215743456 -0.1 0.015574324031653486
0.3063043731778428 -0.1 0.014862287380258216
0.3136000000000002 -0.1 0.014112000000000013
0.32069970845481066 -0.1 0.013327780091628494
0.327589504373178 -0.1 0.012514265722615547
0.33425539358600603 -0.1 0.01167641482715534
0.34068338192419845 -0.1 0.01081950520616412
0.3468594752186591 -0.1 0.009949134527280301
0.3527696793002918 -0.1 0.009071220324864626
0.3584000000000002 -0.1 0.008192000000000005
0.36373644314868836 -0.1 0.007318030820491456
0.36876501457725963 -0.1 0.006456189920866273
0.3734717201166182 -0.1 0.005613674302374
0.3778425655976678 -0.1 0.004798000832986288
0.38186355685131207 -0.1 0.004017006247396898
0.38552069970845504 -0.1 0.0032788471470220903
0.3888000000000002 -0.1 0.0025920000000000387
0.3916874635568515 -0.1 0.001965261141191166
0.39416909620991275 -0.1 0.0014077467721782533
0.3962309037900878 -0.1 0.0009288929612661367
0.3978588921282802 -0.1 0.0005384556434818721
0.39903906705539377 -0.1 0.00024651062057473583
0.3997574344023325 -0.1 6.345356101622457e-05
0.4000000000000003 -0.1 0.0
0.4000000000000003 -0.1 0.0
0.4000000000000003 -0.1 0.0
0.4000000000000003 -0.1 0.0
0.4000000000000003 -0.1 0.0
0.4000000000000003 -0.1 0.0
0.4000000000000003 -0.1 0.0
0.4000000000000003 -0.1 0.0
0.4000000000000003 -0.1 0.0
0.4000000000000003 -0.1 0.0
0.4000000000000003 -0.1 0.0
0.4000000000000003 -0.1 0.0
0.4000000000000003 -0.1 0.0
0.4000000000000003 -0.1 0.0
0.4000000000000003 -0.1 0.0
0.4000000000000003 -0.1 0.0
0.4000000000000003 -0.1 0.0
0.4000000000000003 -0.1 0.0
0.4000000000000003 -0.1 0.0
0.4000000000000003 -0.1 0.0
0.4000000000000003 -0.1 0.0
0.4000000000000003 -0.1 0.0
0.4000000000000003 -0.1 0.0
0.4000000000000003 -0.1 0.0
0.4000000000000003 -0.1 0.0
0.4000000000000003 -0.1 0.0
0.4000000000000003 -0.1 0.0
0.4000000000000003 -0.1 0.0
0.4000000000000003 -0.1 0.0
0.4000000000000003 -0.1 0.0
0.4000000000000003 -0.1 0.0
0.4000000000000003 -0.1 0.0
0.4000000000000003 -0.1 0.0
0.4000000000000003 -0.1 0.0
0.4000000000000003 -0.1 0.0
0.4000000000000003 -0.1 0.0
0.4000000000000003 -0.1 0.0
0.4000000000000003 -0.1 0.0
0.4000000000000003 -0.1 0.0
0.4000000000000003 -0.1 0.0
0.4000000000000003 -0.1 0.0
0.4000000000000003 -0.1 0.0
0.4000000000000003 -0.1 0.0
0.4000000000000003 -0.1 0.0
0.4000000000000003 -0.1 0.0
0.4000000000000003 -0.1 0.0
0.4000000000000003 -0.1 0.0
0.4000000000000003 -0.1 0.0
0.4000000000000003 -0.1 0.0
0.4000000000000003 -0.1 0.0
0.4000000000000003 -0.1 0.0
0.4000000000000003 -0.1 0.0
0.4000000000000003 -0.1 0.0
0.4000000000000003 -0.1 0.0
0.4000000000000003 -0.1 0.0
0.4000000000000003 -0.1 0.0
0.4000000000000003 -0.1 0.0
0.4000000000000003 -0.1 0.0
0.4000000000000003 -0.1 0.0
0.4000000000000003 -0.1 0.0
0.4000000000000003 -0.1 0.0
0.4000000000000003 -0.1 0.0
0.4000000000000003 -0.1 0.0
0.4000000000000003 -0.1 0.0
0.4000000000000003 -0.1 0.0
0.4000000000000003 -0.1 0.0
0.4000000000000003 -0.1 0.0
0.4000000000000003 -0.1 0.0
0.4000000000000003 -0.1 0.0
0.4000000000000003 -0.1 0.0
0.4000000000000003 -0.1 0.0
0.4000000000000003 -0.1 0.0
0.4000000000000003 -0.1 0.0
0.4000000000000003 -0.1 0.0
0.4000000000000003 -0.1 0.0
0.4000000000000003 -0.1 0.0
0.4000000000000003 -0.1 0.0
0.4000000000000003 -0.1 0.0
0.4000000000000003 -0.1 0.0
0.4000000000000003 -0.1 0.0
0.4000000000000003 -0.1 0.0
0.4000000000000003 -0.1 0.0
0.4000000000000003 -0.1 0.0
0.4000000000000003 -0.1 0.0
0.4000000000000003 -0.1 0.0
0.4000000000000003 -0.1 0.0
0.4000000000000003 -0.1 0.0
0.4000000000000003 -0.1 0.0
0.4000000000000003 -0.1 0.0
0.4000000000000003 -0.1 0.0
0.4000000000000003 -0.1 0.0
0.4000000000000003 -0.1 0.0
0.4000000000000003 -0.1 0.0
0.4000000000000003 -0.1 0.0
0.4000000000000003 -0.1 0.0
0.4000000000000003 -0.1 0.0
0.4000000000000003 -0.1 0.0
0.4000000000000003 -0.1 0.0
0.4000000000000003 -0.1 0.0
0.4000000000000003 -0.1 0.0
0.4000000000000003 -0.1 0.0
0.4000000000000003 -0.1 0.0
0.4000000000000003 -0.1 0.0
0.4000000000000003 -0.1 0.0
0.4000000000000003 -0.1 0.0
0.4000000000000003 -0.1 0.0
0.4000000000000003 -0.1 0.0
0.4000000000000003 -0.1 0.0
0.4000000000000003 -0.1 0.0
0.4000000000000003 -0.1 0.0
0.4000000000000003 -0.1 0.0
0.4000000000000003 -0.1 0.0
0.4000000000000003 -0.1 0.0
0.4000000000000003 -0.1 0.0
0.4000000000000003 -0.1 0.0
0.4000000000000003 -0.1 0.0
0.4000000000000003 -0.1 0.0
0.4000000000000003 -0.1 0.0
0.4000000000000003 -0.1 0.0
0.4000000000000003 -0.1 0.0
0.4000000000000003 -0.1 0.0
0.4000000000000003 -0.1 0.0
0.4000000000000003 -0.1 0.0
0.4000000000000003 -0.1 0.0
0.4000000000000003 -0.1 0.0
0.4000000000000003 -0.1 0.0
0.4000000000000003 -0.1 0.0
0.4000000000000003 -0.1 0.0
0.4000000000000003 -0.1 0.0
0.4000000000000003 -0.1 0.0
0.4000000000000003 -0.1 0.0
0.40024256559766797 -0.1 6.345356101624323e-05
0.4009609329446067 -0.1 0.0002465106205747605
0.4021411078717204 -0.1 0.0005384556434818824
0.40376909620991286 -0.1 0.000928892961266139
0.4058309037900878 -0.1 0.001407746772178259
0.408312536443149 -0.1 0.00196526114119117
0.4112000000000003 -0.1 0.0025919999999999997
0.4144793002915455 -0.1 0.003278847147022074
0.41813644314868836 -0.1 0.004017006247396917
0.42215743440233267 -0.1 0.004798000832986255
0.42652827988338227 -0.1 0.00561367430237401
0.43123498542274086 -0.1 0.006456189920866304
0.4362635568513123 -0.1 0.007318030820491461
0.4416000000000003 -0.1 0.008192
0.4472303206997088 -0.1 0.00907122032486464
0.4531405247813414 -0.1 0.009949134527280298
0.4593166180758021 -0.1 0.010819505206164096
0.4657446064139945 -0.1 0.01167641482715535
0.4724104956268225 -0.1 0.012514265722615575
0.4793002915451899 -0.1 0.013327780091628487
0.48640000000000033 -0.1 0.014112
0.49369562682215784 -0.1 0.014862287380258223
0.501173177842566 -0.1 0.015574324031653479
0.5088186588921286 -0.1 0.016244111620158264
0.5166180758017497 -0.1 0.016867971678467306
0.5245574344023327 -0.1 0.0174425456059975
0.5326227405247818 -0.1 0.01796479466888796
0.5408000000000004 -0.1 0.018431999999999997
0.5490752186588925 -0.1 0.01884176259891711
0.5574344023323619 -0.1 0.019192003331945026
0.5658635568513124 -0.1 0.01948096293211162
0.5743486880466476 -0.1 0.019707201999167007
0.5828758017492716 -0.1 0.0198696009995835
0.5914309037900879 -0.1 0.019967360266555594
0.6000000000000004 -0.1 0.01999999999999999
0.608569096209913 -0.1 0.0199673602665556
0.6171241982507293 -0.1 0.0198696009995835
0.6256513119533532 -0.1 0.019707201999167007
0.6341364431486886 -0.1 0.0194809629321116
0.642565597667639 -0.1 0.019192003331945026
0.6509247813411083 -0.1 0.018841762598917122
0.6592000000000005 -0.1 0.018432000000000004
0.6673772594752192 -0.1 0.01796479466888795
0.6754425655976681 -0.1 0.017442545605997506
0.6833819241982512 -0.1 0.01686797167846729
0.6911813411078722 -0.1 0.016244111620158264
0.6988268221574349 -0.1 0.015574324031653486
0.7063043731778431 -0.1 0.014862287380258216
0.7136000000000005 -0.1 0.014112000000000013
0.720699708454811 -0.1 0.013327780091628494
0.7275895043731784 -0.1 0.012514265722615547
0.7342553935860063 -0.1 0.01167641482715534
0.7406833819241987 -0.1 0.01081950520616412
0.7468594752186595 -0.1 0.009949134527280301
0.752769679300292 -0.1 0.009071220324864626
0.7584000000000005 -0.1 0.008192000000000005
0.7637364431486886 -0.1 0.007318030820491456
0.76876501457726 -0.1 0.006456189920866273
0.7734717201166186 -0.1 0.005613674302374
0.7778425655976682 -0.1 0.004798000832986288
0.7818635568513124 -0.1 0.004017006247396898
0.7855206997084554 -0.1 0.0032788471470220903
0.7888000000000005 -0.1 0.0025920000000000387
0.7916874635568518 -0.1 0.001965261141191166
0.794169096209913 -0.1 0.0014077467721782533
0.7962309037900881 -0.1 0.0009288929612661367
0.7978588921282805 -0.1 0.0005384556434818721
0.7990390670553941 -0.1 0.00024651062057473583
0.7997574344023328 -0.1 6.345356101622457e-05
0.8000000000000006 -0.1 0.0
0.8000000000000006 -0.1 0.0
0.8000000000000006 -0.1 0.0
0.8000000000000006 -0.1 0.0
0.8000000000000006 -0.1 0.0
0.8000000000000006 -0.1 0.0
0.8000000000000006 -0.1 0.0
0.8000000000000006 -0.1 0.0
0.8000000000000006 -0.1 0.0
0.8000000000000006 -0.1 0.0
0.8000000000000006 -0.1 0.0
0.8000000000000006 -0.1 0.0
0.8000000000000006 -0.1 0.0
0.8000000000000006 -0.1 0.0
0.8000000000000006 -0.1 0.0
0.8000000000000006 -0.1 0.0
0.8000000000000006 -0.1 0.0
0.8000000000000006 -0.1 0.0
0.8000000000000006 -0.1 0.0
0.8000000000000006 -0.1 0.0
0.8000000000000006 -0.1 0.0
0.8000000000000006 -0.1 0.0
0.8000000000000006 -0.1 0.0
0.8000000000000006 -0.1 0.0
0.8000000000000006 -0.1 0.0
0.8000000000000006 -0.1 0.0
0.8000000000000006 -0.1 0.0
0.8000000000000006 -0.1 0.0
0.8000000000000006 -0.1 0.0
0.8000000000000006 -0.1 0.0
0.8000000000000006 -0.1 0.0
0.8000000000000006 -0.1 0.0
0.8000000000000006 -0.1 0.0
0.8000000000000006 -0.1 0.0
0.8000000000000006 -0.1 0.0
0.8000000000000006 -0.1 0.0
0.8000000000000006 -0.1 0.0
0.8000000000000006 -0.1 0.0
0.8000000000000006 -0.1 0.0
0.8000000000000006 -0.1 0.0
0.8000000000000006 -0.1 0.0
0.8000000000000006 -0.1 0.0
0.8000000000000006 -0.1 0.0
0.8000000000000006 -0.1 0.0
0.8000000000000006 -0.1 0.0
0.8000000000000006 -0.1 0.0
0.8000000000000006 -0.1 0.0
0.8000000000000006 -0.1 0.0
0.8000000000000006 -0.1 0.0
0.8000000000000006 -0.1 0.0
0.8000000000000006 -0.1 0.0
0.8000000000000006 -0.1 0.0
0.8000000000000006 -0.1 0.0
0.8000000000000006 -0.1 0.0
0.8000000000000006 -0.1 0.0
0.8000000000000006 -0.1 0.0
0.8000000000000006 -0.1 0.0
0.8000000000000006 -0.1 0.0
0.8000000000000006 -0.1 0.0
0.8000000000000006 -0.1 0.0
0.8000000000000006 -0.1 0.0
0.8000000000000006 -0.1 0.0
0.8000000000000006 -0.1 0.0
0.8000000000000006 -0.1 0.0
0.8000000000000006 -0.1 0.0
0.8000000000000006 -0.1 0.0
0.8000000000000006 -0.1 0.0
0.8000000000000006 -0.1 0.0
0.8000000000000006 -0.1 0.0
0.8000000000000006 -0.1 0.0
0.8000000000000006 -0.1 0.0
0.8000000000000006 -0.1 0.0
0.8000000000000006 -0.1 0.0
0.8000000000000006 -0.1 0.0
0.8000000000000006 -0.1 0.0
0.8000000000000006 -0.1 0.0
0.8000000000000006 -0.1 0.0
0.8000000000000006 -0.1 0.0
0.8000000000000006 -0.1 0.0
0.8000000000000006 -0.1 0.0
0.8000000000000006 -0.1 0.0
0.8000000000000006 -0.1 0.0
0.8000000000000006 -0.1 0.0
0.8000000000000006 -0.1 0.0
0.8000000000000006 -0.1 0.0
0.8000000000000006 -0.1 0.0
0.8000000000000006 -0.1 0.0
0.8000000000000006 -0.1 0.0
0.8000000000000006 -0.1 0.0
0.8000000000000006 -0.1 0.0
0.8000000000000006 -0.1 0.0
0.8000000000000006 -0.1 0.0
0.8000000000000006 -0.1 0.0
0.8000000000000006 -0.1 0.0
0.8000000000000006 -0.1 0.0
0.8000000000000006 -0.1 0.0
0.8000000000000006 -0.1 0.0
0.8000000000000006 -0.1 0.0
0.8000000000000006 -0.1 0.0
0.8000000000000006 -0.1 0.0
0.8000000000000006 -0.1 0.0
0.8000000000000006 -0.1 0.0
0.8000000000000006 -0.1 0.0
0.8000000000000006 -0.1 0.0
0.8000000000000006 -0.1 0.0
0.8000000000000006 -0.1 0.0
0.8000000000000006 -0.1 0.0
0.8000000000000006 -0.1 0.0
0.8000000000000006 -0.1 0.0
0.8000000000000006 -0.1 0.0
0.8000000000000006 -0.1 0.0
0.8000000000000006 -0.1 0.0
0.8000000000000006 -0.1 0.0
0.8000000000000006 -0.1 0.0
0.8000000000000006 -0.1 0.0
0.8000000000000006 -0.1 0.0
0.8000000000000006 -0.1 0.0
0.8000000000000006 -0.1 0.0
0.8000000000000006 -0.1 0.0
0.8000000000000006 -0.1 0.0
0.8000000000000006 -0.1 0.0
0.8000000000000006 -0.1 0.0
0.8000000000000006 -0.1 0.0
0.8000000000000006 -0.1 0.0
0.8000000000000006 -0.1 0.0
0.8000000000000006 -0.1 0.0
0.8000000000000006 -0.1 0.0
0.8000000000000006 -0.1 0.0
0.8000000000000006 -0.1 0.0
0.8000000000000006 -0.1 0.0
0.8000000000000006 -0.1 0.0
0.8002425655976683 -0.1 6.345356101624323e-05
0.800960932944607 -0.1 0.0002465106205747605
0.8021411078717208 -0.1 0.0005384556434818824
0.8037690962099131 -0.1 0.000928892961266139
0.805830903790088 -0.1 0.001407746772178259
0.8083125364431493 -0.1 0.00196526114119117
0.8112000000000006 -0.1 0.0025919999999999997
0.8144793002915458 -0.1 0.003278847147022074
0.8181364431486886 -0.1 0.004017006247396917
0.822157434402333 -0.1 0.004798000832986255
0.8265282798833825 -0.1 0.00561367430237401
0.8312349854227411 -0.1 0.006456189920866304
0.8362635568513126 -0.1 0.007318030820491461
0.8416000000000006 -0.1 0.008192
0.847230320699709 -0.1 0.00907122032486464
0.8531405247813417 -0.1 0.009949134527280298
0.8593166180758024 -0.1 0.010819505206164096
0.8657446064139949 -0.1 0.01167641482715535
0.8724104956268228 -0.1 0.012514265722615575
0.8793002915451902 -0.1 0.013327780091628487
0.8864000000000006 -0.1 0.014112
0.8936956268221581 -0.1 0.014862287380258223
0.9011731778425662 -0.1 0.015574324031653479
0.908818658892129 -0.1 0.016244111620158264
0.9166180758017499 -0.1 0.016867971678467306
0.9245574344023331 -0.1 0.0174425456059975
0.932622740524782 -0.1 0.01796479466888796
0.9408000000000006 -0.1 0.018431999999999997
0.9490752186588928 -0.1 0.01884176259891711
0.9574344023323622 -0.1 0.019192003331945026
0.9658635568513126 -0.1 0.01948096293211162
0.9743486880466479 -0.1 0.019707201999167007
0.9828758017492718 -0.1 0.0198696009995835
0.9914309037900881 -0.1 0.019967360266555594
1.0000000000000007 -0.1 0.01999999999999999
1.0085690962099132 -0.1 0.0199673602665556
1.0171241982507295 -0.1 0.0198696009995835
1.0256513119533535 -0.1 0.019707201999167007
1.0341364431486888 -0.1 0.0194809629321116
1.0425655976676393 -0.1 0.019192003331945026
1.0509247813411087 -0.1 0.018841762598917122
1.0592000000000006 -0.1 0.018432000000000004
1.0673772594752193 -0.1 0.01796479466888795
1.0754425655976685 -0.1 0.017442545605997506
1.0833819241982514 -0.1 0.01686797167846729
1.0911813411078726 -0.1 0.016244111620158264
1.098826822157435 -0.1 0.015574324031653486
1.1063043731778435 -0.1 0.014862287380258216
1.1136000000000008 -0.1 0.014112000000000013
1.1206997084548114 -0.1 0.013327780091628494
1.1275895043731787 -0.1 0.012514265722615547
1.1342553935860065 -0.1 0.01167641482715534
1.140683381924199 -0.1 0.01081950520616412
1.1468594752186596 -0.1 0.009949134527280301
1.1527696793002924 -0.1 0.009071220324864626
1.1584000000000008 -0.1 0.008192000000000005
1.163736443148689 -0.1 0.007318030820491456
1.1687650145772601 -0.1 0.006456189920866273
1.1734717201166187 -0.1 0.005613674302374
1.1778425655976683 -0.1 0.004798000832986288
1.1818635568513125 -0.1 0.004017006247396898
1.1855206997084555 -0.1 0.0032788471470220903
1.1888000000000007 -0.1 0.0025920000000000387
1.191687463556852 -0.1 0.001965261141191166
1.1941690962099134 -0.1 0.0014077467721782533
1.1962309037900885 -0.1 0.0009288929612661367
1.1978588921282807 -0.1 0.0005384556434818721
1.1990390670553943 -0.1 0.00024651062057473583
1.1997574344023332 -0.1 6.345356101622457e-05
1.2000000000000008 -0.1 0.0
1.2000000000000008 -0.1 0.0
1.2000000000000008 -0.1 0.0
1.2000000000000008 -0.1 0.0
1.2000000000000008 -0.1 0.0
1.2000000000000008 -0.1 0.0
1.2000000000000008 -0.1 0.0
1.2000000000000008 -0.1 0.0
1.2000000000000008 -0.1 0.0
1.2000000000000008 -0.1 0.0
1.2000000000000008 -0.1 0.0
1.2000000000000008 -0.1 0.0
1.2000000000000008 -0.1 0.0
1.2000000000000008 -0.1 0.0
1.2000000000000008 -0.1 0.0
1.2000000000000008 -0.1 0.0
1.2000000000000008 -0.1 0.0
1.2000000000000008 -0.1 0.0
1.2000000000000008 -0.1 0.0
1.2000000000000008 -0.1 0.0
1.2000000000000008 -0.1 0.0
1.2000000000000008 -0.1 0.0
1.2000000000000008 -0.1 0.0
1.2000000000000008 -0.1 0.0
1.2000000000000008 -0.1 0.0
1.2000000000000008 -0.1 0.0
1.2000000000000008 -0.1 0.0
1.2000000000000008 -0.1 0.0
1.2000000000000008 -0.1 0.0
1.2000000000000008 -0.1 0.0
1.2000000000000008 -0.1 0.0
1.2000000000000008 -0.1 0.0
1.2000000000000008 -0.1 0.0
1.2000000000000008 -0.1 0.0
1.2000000000000008 -0.1 0.0
1.2000000000000008 -0.1 0.0
1.2000000000000008 -0.1 0.0
1.2000000000000008 -0.1 0.0
1.2000000000000008 -0.1 0.0
1.2000000000000008 -0.1 0.0
1.2000000000000008 -0.1 0.0
1.2000000000000008 -0.1 0.0
1.2000000000000008 -0.1 0.0
1.2000000000000008 -0.1 0.0
1.2000000000000008 -0.1 0.0
1.2000000000000008 -0.1 0.0
1.2000000000000008 -0.1 0.0
1.2000000000000008 -0.1 0.0
1.2000000000000008 -0.1 0.0
1.2000000000000008 -0.1 0.0
1.2000000000000008 -0.1 0.0
1.2000000000000008 -0.1 0.0
1.2000000000000008 -0.1 0.0
1.2000000000000008 -0.1 0.0
1.2000000000000008 -0.1 0.0
1.2000000000000008 -0.1 0.0
1.2000000000000008 -0.1 0.0
1.2000000000000008 -0.1 0.0
1.2000000000000008 -0.1 0.0
1.2000000000000008 -0.1 0.0
1.2000000000000008 -0.1 0.0
1.2000000000000008 -0.1 0.0
1.2000000000000008 -0.1 0.0
1.2000000000000008 -0.1 0.0
1.2000000000000008 -0.1 0.0
1.2000000000000008 -0.1 0.0
1.2000000000000008 -0.1 0.0
1.2000000000000008 -0.1 0.0
1.2000000000000008 -0.1 0.0
1.2000000000000008 -0.1 0.0
1.2000000000000008 -0.1 0.0
1.2000000000000008 -0.1 0.0
1.2000000000000008 -0.1 0.0
1.2000000000000008 -0.1 0.0
1.2000000000000008 -0.1 0.0
1.2000000000000008 -0.1 0.0
1.2000000000000008 -0.1 0.0
1.2000000000000008 -0.1 0.0
1.2000000000000008 -0.1 0.0
1.2000000000000008 -0.1 0.0
1.2000000000000008 -0.1 0.0
1.2000000000000008 -0.1 0.0
1.2000000000000008 -0.1 0.0
1.2000000000000008 -0.1 0.0
1.2000000000000008 -0.1 0.0
1.2000000000000008 -0.1 0.0
1.2000000000000008 -0.1 0.0
1.2000000000000008 -0.1 0.0
1.2000000000000008 -0.1 0.0
1.2000000000000008 -0.1 0.0
1.2000000000000008 -0.1 0.0
1.2000000000000008 -0.1 0.0
1.2000000000000008 -0.1 0.0
1.2000000000000008 -0.1 0.0
1.2000000000000008 -0.1 0.0
1.2000000000000008 -0.1 0.0
1.2000000000000008 -0.1 0.0
1.2000000000000008 -0.1 0.0
1.2000000000000008 -0.1 0.0
1.2000000000000008 -0.1 0.0
1.2000000000000008 -0.1 0.0
1.2000000000000008 -0.1 0.0
1.2000000000000008 -0.1 0.0
1.2000000000000008 -0.1 0.0
1.2000000000000008 -0.1 0.0
1.2000000000000008 -0.1 0.0
1.2000000000000008 -0.1 0.0
1.2000000000000008 -0.1 0.0
1.2000000000000008 -0.1 0.0
1.2000000000000008 -0.1 0.0
1.2000000000000008 -0.1 0.0
1.2000000000000008 -0.1 0.0
1.2000000000000008 -0.1 0.0
1.2000000000000008 -0.1 0.0
1.2000000000000008 -0.1 0.0
1.2000000000000008 -0.1 0.0
1.2000000000000008 -0.1 0.0
1.2000000000000008 -0.1 0.0
1.2000000000000008 -0.1 0.0
1.2000000000000008 -0.1 0.0
1.2000000000000008 -0.1 0.0
1.2000000000000008 -0.1 0.0
1.2000000000000008 -0.1 0.0
1.2000000000000008 -0.1 0.0
1.2000000000000008 -0.1 0.0
1.2000000000000008 -0.1 0.0
1.2000000000000008 -0.1 0.0
1.2000000000000008 -0.1 0.0
1.2000000000000008 -0.1 0.0
1.2000000000000008 -0.1 0.0
1.2000000000000008 -0.1 0.0
1.2003626112110717 -0.10000364442601221 6.345356101624323e-05
1.2014364982592427 -0.1000144375338176 0.0002465106205747605
1.203200741266952 -0.10003216906806932 0.0005384556434818824
1.2056344203566385 -0.10005662877342049 0.000928892961266139
1.2087166156507398 -0.10008760639452427 0.001407746772178259
1.2124264072716944 -0.10012489167603379 0.00196526114119117
1.2167428753419403 -0.10016827436260221 0.0025919999999999997
1.221645099983916 -0.10021754419888267 0.003278847147022074
1.2271121613200593 -0.10027249092952828 0.004017006247396917
1.2331231394728088 -0.10033290429919221 0.004798000832986255
1.2396571145646027 -0.1003985740525276 0.00561367430237401
1.2466931667178793 -0.10046928993418759 0.006456189920866304
1.2542103760550765 -0.10054484168882531 0.007318030820491461
1.262187822698633 -0.10062501906109392 0.008192
1.2706045867709863 -0.10070961179564655 0.00907122032486464
1.2794397483945754 -0.10079840963713635 0.009949134527280298
1.288672387691838 -0.10089120233021645 0.010819505206164096
1.2982815847852127 -0.10098777961954 0.01167641482715535
1.3082464197971375 -0.10108793124976014 0.012514265722615575
1.3185459728500506 -0.10119144696553001 0.013327780091628487
1.3291593240663904 -0.10129811651150275 0.014112
1.340065553568595 -0.10140772963233151 0.014862287380258223
1.3512437414791028 -0.10152007607266943 0.015574324031653479
1.3626729679203515 -0.10163494557716965 0.016244111620158264
1.37433231301478 -0.10175212789048531 0.016867971678467306
1.386200856884826 -0.10187141275726955 0.0174425456059975
1.3982576796529282 -0.10199258992217551 0.01796479466888796
1.4104818614415247 -0.10211544912985633 0.018431999999999997
1.4228524823730533 -0.10223978012496517 0.01884176259891711
1.4353486225699525 -0.10236537265215516 0.019192003331945026
1.4479493621546609 -0.10249201645607943 0.01948096293211162
1.4606337812496162 -0.10261950128139115 0.019707201999167007
1.473380959977257 -0.10274761687274343 0.0198696009995835
1.486169978460021 -0.10287615297478943 0.019967360266555594
1.498979916820347 -0.10300489933218229 0.01999999999999999
1.511789855180673 -0.10313364568957516 0.0199673602665556
1.5245788736634371 -0.10326218179162115 0.0198696009995835
1.537326052391078 -0.10339029738297344 0.019707201999167007
1.5500104714860332 -0.10351778220828516 0.0194809629321116
1.5626112110707413 -0.10364442601220943 0.019192003331945026
1.5751073512676408 -0.1037700185393994 0.018841762598917122
1.5874779721991694 -0.10389434953450825 0.018432000000000004
1.5997021539877658 -0.10401720874218907 0.01796479466888795
1.611758976755868 -0.10413838590709504 0.017442545605997506
1.6236275206259139 -0.10425767077387928 0.01686797167846729
1.6352868657203425 -0.10437485308719494 0.016244111620158264
1.6467160921615913 -0.10448972259169516 0.015574324031653486
1.657894280072099 -0.10460206903203308 0.014862287380258216
1.6688005095743037 -0.10471168215286183 0.014112000000000013
1.6794138607906435 -0.10481835169883458 0.013327780091628494
1.6897134138435566 -0.10492186741460445 0.012514265722615547
1.6996782488554811 -0.10502201904482458 0.01167641482715534
1.7092874459488558 -0.10511859633414813 0.01081950520616412
1.7185200852461187 -0.10521138902722824 0.009949134527280301
1.7273552468697075 -0.10530018686871803 0.009071220324864626
1.7357720109420611 -0.10538477960327067 0.008192000000000005
1.7437494575856176 -0.10546495697553927 0.007318030820491456
1.7512666669228145 -0.105540508730177 0.006456189920866273
1.7583027190760911 -0.10561122461183699 0.005613674302374
1.764836694167885 -0.10567689436517237 0.004798000832986288
1.7708476723206346 -0.1057373077348363 0.004017006247396898
1.7763147336567782 -0.10579225446548192 0.0032788471470220903
1.7812169582987538 -0.10584152430176237 0.0025920000000000387
1.7855334263689997 -0.10588490698833078 0.001965261141191166
1.789243217989954 -0.10592219226984032 0.0014077467721782533
1.7923254132840556 -0.1059531698909441 0.0009288929612661367
1.794759092373742 -0.10597762959629527 0.0005384556434818721
1.7965233353814511 -0.10599536113054697 0.00024651062057473583
1.7975972224296224 -0.10600615423835237 6.345356101622457e-05
1.7979598336406932 -0.10600979866436458 0.0
1.7979598336406932 -0.10600979866436458 0.0
1.7979598336406932 -0.10600979866436458 0.0
1.7979598336406932 -0.10600979866436458 0.0
1.7979598336406932 -0.10600979866436458 0.0
1.7979598336406932 -0.10600979866436458 0.0
1.7979598336406932 -0.10600979866436458 0.0
1.7979598336406932 -0.10600979866436458 0.0
1.7979598336406932 -0.10600979866436458 0.0
1.7979598336406932 -0.10600979866436458 0.0
1.7979598336406932 -0.10600979866436458 0.0
1.7979598336406932 -0.10600979866436458 0.0
1.7979598336406932 -0.10600979866436458 0.0
1.7979598336406932 -0.10600979866436458 0.0
1.7979598336406932 -0.10600979866436458 0.0
1.7979598336406932 -0.10600979866436458 0.0
1.7979598336406932 -0.10600979866436458 0.0
1.7979598336406932 -0.10600979866436458 0.0
1.7979598336406932 -0.10600979866436458 0.0
1.7979598336406932 -0.10600979866436458 0.0
1.7979598336406932 -0.10600979866436458 0.0
1.7979598336406932 -0.10600979866436458 0.0
1.7979598336406932 -0.10600979866436458 0.0
1.7979598336406932 -0.10600979866436458 0.0
1.7979598336406932 -0.10600979866436458 0.0
1.7979598336406932 -0.10600979866436458 0.0
1.7979598336406932 -0.10600979866436458 0.0
1.7979598336406932 -0.10600979866436458 0.0
1.7979598336406932 -0.10600979866436458 0.0
1.7979598336406932 -0.10600979866436458 0.0
1.7979598336406932 -0.10600979866436458 0.0
1.7979598336406932 -0.10600979866436458 0.0
1.7979598336406932 -0.10600979866436458 0.0
1.7979598336406932 -0.10600979866436458 0.0
1.7979598336406932 -0.10600979866436458 0.0
1.7979598336406932 -0.10600979866436458 0.0
1.7979598336406932 -0.10600979866436458 0.0
1.7979598336406932 -0.10600979866436458 0.0
1.7979598336406932 -0.10600979866436458 0.0
1.7979598336406932 -0.10600979866436458 0.0
1.7979598336406932 -0.10600979866436458 0.0
1.7979598336406932 -0.10600979866436458 0.0
1.7979598336406932 -0.10600979866436458 0.0
1.7979598336406932 -0.10600979866436458 0.0
1.7979598336406932 -0.10600979866436458 0.0
1.7979598336406932 -0.10600979866436458 0.0
1.7979598336406932 -0.10600979866436458 0.0
1.7979598336406932 -0.10600979866436458 0.0
1.7979598336406932 -0.10600979866436458 0.0
1.7979598336406932 -0.10600979866436458 0.0
1.7979598336406932 -0.10600979866436458 0.0
1.7979598336406932 -0.10600979866436458 0.0
1.7979598336406932 -0.10600979866436458 0.0
1.7979598336406932 -0.10600979866436458 0.0
1.7979598336406932 -0.10600979866436458 0.0
1.7979598336406932 -0.10600979866436458 0.0
1.7979598336406932 -0.10600979866436458 0.0
1.7979598336406932 -0.10600979866436458 0.0
1.7979598336406932 -0.10600979866436458 0.0
1.7979598336406932 -0.10600979866436458 0.0
1.7979598336406932 -0.10600979866436458 0.0
1.7979598336406932 -0.10600979866436458 0.0
1.7979598336406932 -0.10600979866436458 0.0
1.7979598336406932 -0.10600979866436458 0.0
1.7979598336406932 -0.10600979866436458 0.0
1.7979598336406932 -0.10600979866436458 0.0
1.7979598336406932 -0.10600979866436458 0.0
1.7979598336406932 -0.10600979866436458 0.0
1.7979598336406932 -0.10600979866436458 0.0
1.7979598336406932 -0.10600979866436458 0.0
1.7979598336406932 -0.10600979866436458 0.0
1.7979598336406932 -0.10600979866436458 0.0
1.7979598336406932 -0.10600979866436458 0.0
1.7979598336406932 -0.10600979866436458 0.0
1.7979598336406932 -0.10600979866436458 0.0
1.7979598336406932 -0.10600979866436458 0.0
1.7979598336406932 -0.10600979866436458 0.0
1.7979598336406932 -0.10600979866436458 0.0
1.7979598336406932 -0.10600979866436458 0.0
1.7979598336406932 -0.10600979866436458 0.0
1.7979598336406932 -0.10600979866436458 0.0
1.7979598336406932 -0.10600979866436458 0.0
1.7979598336406932 -0.10600979866436458 0.0
1.7979598336406932 -0.10600979866436458 0.0
1.7979598336406932 -0.10600979866436458 0.0
1.7979598336406932 -0.10600979866436458 0.0
1.7979598336406932 -0.10600979866436458 0.0
1.7979598336406932 -0.10600979866436458 0.0
1.7979598336406932 -0.10600979866436458 0.0
1.7979598336406932 -0.10600979866436458 0.0
1.7979598336406932 -0.10600979866436458 0.0
1.7979598336406932 -0.10600979866436458 0.0
1.7979598336406932 -0.10600979866436458 0.0
1.7979598336406932 -0.10600979866436458 0.0
1.7979598336406932 -0.10600979866436458 0.0
1.7979598336406932 -0.10600979866436458 0.0
1.7979598336406932 -0.10600979866436458 0.0
1.7979598336406932 -0.10600979866436458 0.0
1.7979598336406932 -0.10600979866436458 0.0
1.7979598336406932 -0.10600979866436458 0.0
1.7979598336406932 -0.10600979866436458 0.0
1.7979598336406932 -0.10600979866436458 0.0
1.7979598336406932 -0.10600979866436458 0.0
1.7979598336406932 -0.10600979866436458 0.0
1.7979598336406932 -0.10600979866436458 0.0
1.7979598336406932 -0.10600979866436458 0.0
1.7979598336406932 -0.10600979866436458 0.0
1.7979598336406932 -0.10600979866436458 0.0
1.7979598336406932 -0.10600979866436458 0.0
1.7979598336406932 -0.10600979866436458 0.0
1.7979598336406932 -0.10600979866436458 0.0
1.7979598336406932 -0.10600979866436458 0.0
1.7979598336406932 -0.10600979866436458 0.0
1.7979598336406932 -0.10600979866436458 0.0
1.7979598336406932 -0.10600979866436458 0.0
1.7979598336406932 -0.10600979866436458 0.0
1.7979598336406932 -0.10600979866436458 0.0
1.7979598336406932 -0.10600979866436458 0.0
1.7979598336406932 -0.10600979866436458 0.0
1.7979598336406932 -0.10600979866436458 0.0
1.7979598336406932 -0.10600979866436458 0.0
1.7979598336406932 -0.10600979866436458 0.0
1.7979598336406932 -0.10600979866436458 0.0
1.7979598336406932 -0.10600979866436458 0.0
1.7979598336406932 -0.10600979866436458 0.0
1.7979598336406932 -0.10600979866436458 0.0
1.7979598336406932 -0.10600979866436458 0.0
1.7979598336406932 -0.10600979866436458 0.0
1.7979598336406932 -0.10600979866436458 0.0
1.7979598336406932 -0.10600979866436458 0.0
1.7979598336406932 -0.10600979866436458 0.0
1.7982409889668691 -0.10601986580200885 6.345356101624323e-05
1.7990736412790054 -0.10604968001733997 0.0002465106205747605
1.800441570077515 -0.10609866051395536 0.0005384556434818824
1.8023285548628107 -0.1061662264954525 0.000928892961266139
1.8047183751353058 -0.10625179716542882 0.001407746772178259
1.807594810395413 -0.10635479172748176 0.00196526114119117
1.8109416401435452 -0.10647462938520877 0.0025919999999999997
1.8147426438801153 -0.10661072934220729 0.003278847147022074
1.8189816011055362 -0.10676251080207477 0.004017006247396917
1.823642291320221 -0.10692939296840867 0.004798000832986255
1.8287084940245828 -0.10711079504480643 0.00561367430237401
1.834163988719034 -0.10730613623486547 0.006456189920866304
1.839992554903988 -0.10751483574218328 0.007318030820491461
1.8461779720798575 -0.10773631277035726 0.008192
1.8527040197470552 -0.10796998652298488 0.00907122032486464
1.8595544774059947 -0.1082152762036636 0.009949134527280298
1.8667131245570883 -0.10847160101599083 0.010819505206164096
1.8741637407007492 -0.10873838016356405 0.01167641482715535
1.8818901053373904 -0.10901503284998068 0.012514265722615575
1.8898759979674247 -0.10930097827883818 0.013327780091628487
1.8981051980912649 -0.109595635653734 0.014112
1.9065614852093242 -0.10989842417826556 0.014862287380258223
1.9152286388220154 -0.11020876305603033 0.015574324031653479
1.9240904384297515 -0.11052607149062577 0.016244111620158264
1.9331306635329453 -0.11084976868564929 0.016867971678467306
1.9423330936320098 -0.11117927384469835 0.0174425456059975
1.951681508227358 -0.1115140061713704 0.01796479466888796
1.9611596868194026 -0.11185338486926288 0.018431999999999997
1.9707514089085567 -0.11219682914197325 0.01884176259891711
1.9804404539952334 -0.11254375819309893 0.019192003331945026
1.9902106015798455 -0.11289359122623739 0.01948096293211162
2.0000456311628056 -0.11324574744498607 0.019707201999167007
2.009929322244527 -0.11359964605294241 0.0198696009995835
2.0198454543254227 -0.11395470625370385 0.019967360266555594
2.0297778069059054 -0.11431034725086786 0.01999999999999999
2.039710159486388 -0.11466598824803186 0.0199673602665556
2.0496262915672836 -0.1150210484487933 0.0198696009995835
2.059509982649005 -0.11537494705674964 0.019707201999167007
2.0693450122319654 -0.11572710327549832 0.0194809629321116
2.0791151598165776 -0.11607693630863677 0.019192003331945026
2.088804204903254 -0.11642386535976246 0.018841762598917122
2.098395926992408 -0.11676730963247282 0.018432000000000004
2.107874105584453 -0.1171066883303653 0.01796479466888795
2.1172225201798014 -0.11744142065703736 0.017442545605997506
2.1264249502788655 -0.11777092581608642 0.01686797167846729
2.1354651753820595 -0.11809462301110994 0.016244111620158264
2.1443269749897955 -0.11841193144570536 0.015574324031653486
2.152994128602487 -0.11872227032347014 0.014862287380258216
2.161450415720546 -0.11902505884800171 0.014112000000000013
2.1696796158443865 -0.11931971622289753 0.013327780091628494
2.1776655084744205 -0.11960566165175503 0.012514265722615547
2.1853918731110618 -0.11988231433817166 0.01167641482715534
2.1928424892547227 -0.12014909348574487 0.01081950520616412
2.2000011364058163 -0.12040541829807211 0.009949134527280301
2.2068515940647555 -0.12065070797875083 0.009071220324864626
2.2133776417319537 -0.12088438173137844 0.008192000000000005
2.219563058907823 -0.12110585875955243 0.007318030820491456
2.2253916250927768 -0.12131455826687022 0.006456189920866273
2.230847119787228 -0.12150989945692928 0.005613674302374
2.23591332249159 -0.12169130153332702 0.004798000832986288
2.2405740127062743 -0.12185818369966092 0.004017006247396898
2.2448129699316954 -0.12200996515952842 0.0032788471470220903
2.2486139736682658 -0.12214606511652694 0.0025920000000000387
2.251960803416398 -0.12226590277425395 0.001965261141191166
2.254837238676505 -0.12236889733630689 0.0014077467721782533
2.257227058949 -0.1224544680062832 0.0009288929612661367
2.259114043734296 -0.12252203398778033 0.0005384556434818721
2.2604819725328054 -0.12257101448439574 0.00024651062057473583
2.2613146248449416 -0.12260082869972685 6.345356101622457e-05
2.2615957801711177 -0.12261089583737113 0.0
2.2615957801711177 -0.12261089583737113 0.0
2.2615957801711177 -0.12261089583737113 0.0
2.2615957801711177 -0.12261089583737113 0.0
2.2615957801711177 -0.12261089583737113 0.0
2.2615957801711177 -0.12261089583737113 0.0
2.2615957801711177 -0.12261089583737113 0.0
2.2615957801711177 -0.12261089583737113 0.0
2.2615957801711177 -0.12261089583737113 0.0
2.2615957801711177 -0.12261089583737113 0.0
2.2615957801711177 -0.12261089583737113 0.0
2.2615957801711177 -0.12261089583737113 0.0
2.2615957801711177 -0.12261089583737113 0.0
2.2615957801711177 -0.12261089583737113 0.0
2.2615957801711177 -0.12261089583737113 0.0
2.2615957801711177 -0.12261089583737113 0.0
2.2615957801711177 -0.12261089583737113 0.0
2.2615957801711177 -0.12261089583737113 0.0
2.2615957801711177 -0.12261089583737113 0.0
2.2615957801711177 -0.12261089583737113 0.0
2.2615957801711177 -0.12261089583737113 0.0
2.2615957801711177 -0.12261089583737113 0.0
2.2615957801711177 -0.12261089583737113 0.0
2.2615957801711177 -0.12261089583737113 0.0
2.2615957801711177 -0.12261089583737113 0.0
2.2615957801711177 -0.12261089583737113 0.0
2.2615957801711177 -0.12261089583737113 0.0
2.2615957801711177 -0.12261089583737113 0.0
2.2615957801711177 -0.12261089583737113 0.0
2.2615957801711177 -0.12261089583737113 0.0
2.2615957801711177 -0.12261089583737113 0.0
2.2615957801711177 -0.12261089583737113 0.0
2.2615957801711177 -0.12261089583737113 0.0
2.2615957801711177 -0.12261089583737113 0.0
2.2615957801711177 -0.12261089583737113 0.0
2.2615957801711177 -0.12261089583737113 0.0
2.2615957801711177 -0.12261089583737113 0.0
2.2615957801711177 -0.12261089583737113 0.0
2.2615957801711177 -0.12261089583737113 0.0
2.2615957801711177 -0.12261089583737113 0.0
2.2615957801711177 -0.12261089583737113 0.0
2.2615957801711177 -0.12261089583737113 0.0
2.2615957801711177 -0.12261089583737113 0.0
2.2615957801711177 -0.12261089583737113 0.0
2.2615957801711177 -0.12261089583737113 0.0
2.2615957801711177 -0.12261089583737113 0.0
2.2615957801711177 -0.12261089583737113 0.0
2.2615957801711177 -0.12261089583737113 0.0
2.2615957801711177 -0.12261089583737113 0.0
2.2615957801711177 -0.12261089583737113 0.0
2.2615957801711177 -0.12261089583737113 0.0
2.2615957801711177 -0.12261089583737113 0.0
2.2615957801711177 -0.12261089583737113 0.0
2.2615957801711177 -0.12261089583737113 0.0
2.2615957801711177 -0.12261089583737113 0.0
2.2615957801711177 -0.12261089583737113 0.0
2.2615957801711177 -0.12261089583737113 0.0
2.2615957801711177 -0.12261089583737113 0.0
2.2615957801711177 -0.12261089583737113 0.0
2.2615957801711177 -0.12261089583737113 0.0
2.2615957801711177 -0.12261089583737113 0.0
2.2615957801711177 -0.12261089583737113 0.0
2.2615957801711177 -0.12261089583737113 0.0
2.2615957801711177 -0.12261089583737113 0.0
2.2615957801711177 -0.12261089583737113 0.0
2.2615957801711177 -0.12261089583737113 0.0
2.2615957801711177 -0.12261089583737113 0.0
2.2615957801711177 -0.12261089583737113 0.0
2.2615957801711177 -0.12261089583737113 0.0
2.2615957801711177 -0.12261089583737113 0.0
2.2615957801711177 -0.12261089583737113 0.0
2.2615957801711177 -0.12261089583737113 0.0
2.2615957801711177 -0.12261089583737113 0.0
2.2615957801711177 -0.12261089583737113 0.0
2.2615957801711177 -0.12261089583737113 0.0
2.2615957801711177 -0.12261089583737113 0.0
2.2615957801711177 -0.12261089583737113 0.0
2.2615957801711177 -0.12261089583737113 0.0
2.2615957801711177 -0.12261089583737113 0.0
2.2615957801711177 -0.12261089583737113 0.0
2.2615957801711177 -0.12261089583737113 0.0
2.2615957801711177 -0.12261089583737113 0.0
2.2615957801711177 -0.12261089583737113 0.0
2.2615957801711177 -0.12261089583737113 0.0
2.2615957801711177 -0.12261089583737113 0.0
2.2615957801711177 -0.12261089583737113 0.0
2.2615957801711177 -0.12261089583737113 0.0
2.2615957801711177 -0.12261089583737113 0.0
2.2615957801711177 -0.12261089583737113 0.0
2.2615957801711177 -0.12261089583737113 0.0
2.2615957801711177 -0.12261089583737113 0.0
2.2615957801711177 -0.12261089583737113 0.0
2.2615957801711177 -0.12261089583737113 0.0
2.2615957801711177 -0.12261089583737113 0.0
2.2615957801711177 -0.12261089583737113 0.0
2.2615957801711177 -0.12261089583737113 0.0
2.2615957801711177 -0.12261089583737113 0.0
2.2615957801711177 -0.12261089583737113 0.0
2.2615957801711177 -0.12261089583737113 0.0
2.2615957801711177 -0.12261089583737113 0.0
2.2615957801711177 -0.12261089583737113 0.0
2.2615957801711177 -0.12261089583737113 0.0
2.2615957801711177 -0.12261089583737113 0.0
2.2615957801711177 -0.12261089583737113 0.0
2.2615957801711177 -0.12261089583737113 0.0
2.2615957801711177 -0.12261089583737113 0.0
2.2615957801711177 -0.12261089583737113 0.0
2.2615957801711177 -0.12261089583737113 0.0
2.2615957801711177 -0.12261089583737113 0.0
2.2615957801711177 -0.12261089583737113 0.0
2.2615957801711177 -0.12261089583737113 0.0
2.2615957801711177 -0.12261089583737113 0.0
2.2615957801711177 -0.12261089583737113 0.0
2.2615957801711177 -0.12261089583737113 0.0
2.2615957801711177 -0.12261089583737113 0.0
2.2615957801711177 -0.12261089583737113 0.0
2.2615957801711177 -0.12261089583737113 0.0
2.2615957801711177 -0.12261089583737113 0.0
2.2615957801711177 -0.12261089583737113 0.0
2.2615957801711177 -0.12261089583737113 0.0
2.2615957801711177 -0.12261089583737113 0.0
2.2615957801711177 -0.12261089583737113 0.0
2.2615957801711177 -0.12261089583737113 0.0
2.2615957801711177 -0.12261089583737113 0.0
2.2615957801711177 -0.12261089583737113 0.0
2.2615957801711177 -0.12261089583737113 0.0
2.2615957801711177 -0.12261089583737113 0.0
2.2615957801711177 -0.12261089583737113 0.0
2.2615957801711177 -0.12261089583737113 0.0
2.2615957801711177 -0.12261089583737113 0.0
2.2615957801711177 -0.12261089583737113 0.0
2.261794118832406 -0.12263687806418198 6.345356101624323e-05
2.2623815064062223 -0.12271382542819877 0.0002465106205747605
2.2633465002774913 -0.12284023895479775 0.0005384556434818824
2.2646776578311396 -0.12301461966935524 0.000928892961266139
2.2663635364520918 -0.12323546859724754 0.001407746772178259
2.2683926935252745 -0.12350128676385094 0.00196526114119117
2.270753686435613 -0.12381057519454175 0.0025919999999999997
2.2734350725680326 -0.12416183491469625 0.003278847147022074
2.2764254093074596 -0.12455356694969073 0.004017006247396917
2.2797132540388194 -0.12498427232490152 0.004798000832986255
2.283287164147038 -0.12545245206570488 0.00561367430237401
2.28713569701704 -0.12595660719747712 0.006456189920866304
2.291247410033752 -0.12649523874559454 0.007318030820491461
2.2956108605820997 -0.12706684773543345 0.008192
2.300214606047008 -0.1276699351923701 0.00907122032486464
2.3050472038134036 -0.12830300214178084 0.009949134527280298
2.3100972112662115 -0.12896454960904194 0.010819505206164096
2.3153531857903573 -0.1296530786195297 0.01167641482715535
2.320803684770767 -0.13036709019862042 0.012514265722615575
2.326437265592366 -0.13110508537169038 0.013327780091628487
2.33224248564008 -0.1318655651641159 0.014112
2.338207902298835 -0.13264703060127328 0.014862287380258223
2.344322072953556 -0.1334479827085388 0.015574324031653479
2.3505735549891695 -0.13426692251128877 0.016244111620158264
2.3569509057906006 -0.13510235103489945 0.016867971678467306
2.363442682742775 -0.1359527693047472 0.0174425456059975
2.3700374432306184 -0.13681667834620825 0.01796479466888796
2.3767237446390563 -0.13769257918465894 0.018431999999999997
2.383490144353015 -0.13857897284547555 0.01884176259891711
2.3903251997574193 -0.13947436035403438 0.019192003331945026
2.3972174682371956 -0.14037724273571173 0.01948096293211162
2.4041555071772693 -0.1412861210158839 0.019707201999167007
2.411127873962566 -0.14219949621992717 0.0198696009995835
2.4181231259780107 -0.14311586937321782 0.019967360266555594
2.4251298206085306 -0.1440337415011322 0.01999999999999999
2.43213651523905 -0.1449516136290466 0.0199673602665556
2.439131767254495 -0.14586798678233728 0.0198696009995835
2.4461041340397918 -0.14678136198638056 0.019707201999167007
2.4530421729798655 -0.1476902402665527 0.0194809629321116
2.459934441459642 -0.14859312264823005 0.019192003331945026
2.466769496864046 -0.14948851015678888 0.018841762598917122
2.4735358965780048 -0.1503749038176055 0.018432000000000004
2.4802221979864427 -0.15125080465605617 0.01796479466888795
2.4868169584742863 -0.15211471369751725 0.017442545605997506
2.4933087354264605 -0.15296513196736497 0.01686797167846729
2.4996860862278916 -0.15380056049097568 0.016244111620158264
2.505937568263505 -0.15461950029372562 0.015574324031653486
2.512051738918226 -0.15542045240099114 0.014862287380258216
2.518017155576981 -0.15620191783814852 0.014112000000000013
2.523822375624695 -0.15696239763057404 0.013327780091628494
2.529455956446294 -0.157700392803644 0.012514265722615547
2.534906455426704 -0.15841440438273474 0.01167641482715534
2.5401624299508496 -0.15910293339322248 0.01081950520616412
2.5452124374036575 -0.1597644808604836 0.009949134527280301
2.550045035170053 -0.16039754780989435 0.009071220324864626
2.5546487806349614 -0.161000635266831 0.008192000000000005
2.559012231183309 -0.1615722442566699 0.007318030820491456
2.563123944200021 -0.1621108758047873 0.006456189920866273
2.5669724770700233 -0.16261503093655955 0.005613674302374
2.5705463871782417 -0.16308321067736292 0.004798000832986288
2.5738342319096015 -0.16351391605257368 0.004017006247396898
2.5768245686490285 -0.1639056480875682 0.0032788471470220903
2.5795059547814483 -0.16425690780772267 0.0025920000000000387
2.5818669476917866 -0.16456619623841348 0.001965261141191166
2.5838961047649693 -0.16483201440501688 0.0014077467721782533
2.5855819833859215 -0.1650528633329092 0.0009288929612661367
2.58691314093957 -0.1652272440474667 0.0005384556434818721
2.587878134810839 -0.16535365757406567 0.00024651062057473583
2.588465522384655 -0.16543060493808243 6.345356101622457e-05
2.5886638610459434 -0.1654565871648933 0.0
2.5886638610459434 -0.1654565871648933 0.0
2.5886638610459434 -0.1654565871648933 0.0
2.5886638610459434 -0.1654565871648933 0.0
2.5886638610459434 -0.1654565871648933 0.0
2.5886638610459434 -0.1654565871648933 0.0
2.5886638610459434 -0.1654565871648933 0.0
2.5886638610459434 -0.1654565871648933 0.0
2.5886638610459434 -0.1654565871648933 0.0
2.5886638610459434 -0.1654565871648933 0.0
2.5886638610459434 -0.1654565871648933 0.0
2.5886638610459434 -0.1654565871648933 0.0
2.5886638610459434 -0.1654565871648933 0.0
2.5886638610459434 -0.1654565871648933 0.0
2.5886638610459434 -0.1654565871648933 0.0
2.5886638610459434 -0.1654565871648933 0.0
2.5886638610459434 -0.1654565871648933 0.0
2.5886638610459434 -0.1654565871648933 0.0
2.5886638610459434 -0.1654565871648933 0.0
2.5886638610459434 -0.1654565871648933 0.0
2.5886638610459434 -0.1654565871648933 0.0
2.5886638610459434 -0.1654565871648933 0.0
2.5886638610459434 -0.1654565871648933 0.0
2.5886638610459434 -0.1654565871648933 0.0
2.5886638610459434 -0.1654565871648933 0.0
2.5886638610459434 -0.1654565871648933 0.0
2.5886638610459434 -0.1654565871648933 0.0
2.5886638610459434 -0.1654565871648933 0.0
2.5886638610459434 -0.1654565871648933 0.0
2.5886638610459434 -0.1654565871648933 0.0
2.5886638610459434 -0.1654565871648933 0.0
2.5886638610459434 -0.1654565871648933 0.0
2.5886638610459434 -0.1654565871648933 0.0
2.5886638610459434 -0.1654565871648933 0.0
2.5886638610459434 -0.1654565871648933 0.0
2.5886638610459434 -0.1654565871648933 0.0
2.5886638610459434 -0.1654565871648933 0.0
2.5886638610459434 -0.1654565871648933 0.0
2.5886638610459434 -0.1654565871648933 0.0
2.5886638610459434 -0.1654565871648933 0.0
2.5886638610459434 -0.1654565871648933 0.0
2.5886638610459434 -0.1654565871648933 0.0
2.5886638610459434 -0.1654565871648933 0.0
2.5886638610459434 -0.1654565871648933 0.0
2.5886638610459434 -0.1654565871648933 0.0
2.5886638610459434 -0.1654565871648933 0.0
2.5886638610459434 -0.1654565871648933 0.0
2.5886638610459434 -0.1654565871648933 0.0
2.5886638610459434 -0.1654565871648933 0.0
2.5886638610459434 -0.1654565871648933 0.0
2.5886638610459434 -0.1654565871648933 0.0
2.5886638610459434 -0.1654565871648933 0.0
2.5886638610459434 -0.1654565871648933 0.0
2.5886638610459434 -0.1654565871648933 0.0
2.5886638610459434 -0.1654565871648933 0.0
2.5886638610459434 -0.1654565871648933 0.0
2.5886638610459434 -0.1654565871648933 0.0
2.5886638610459434 -0.1654565871648933 0.0
2.5886638610459434 -0.1654565871648933 0.0
2.5886638610459434 -0.1654565871648933 0.0
2.5886638610459434 -0.1654565871648933 0.0
2.5886638610459434 -0.1654565871648933 0.0
2.5886638610459434 -0.1654565871648933 0.0
2.5886638610459434 -0.1654565871648933 0.0
2.5886638610459434 -0.1654565871648933 0.0
2.5886638610459434 -0.1654565871648933 0.0
2.5886638610459434 -0.1654565871648933 0.0
2.5886638610459434 -0.1654565871648933 0.0
2.5886638610459434 -0.1654565871648933 0.0
2.5886638610459434 -0.1654565871648933 0.0
2.5886638610459434 -0.1654565871648933 0.0
2.5886638610459434 -0.1654565871648933 0.0
2.5886638610459434 -0.1654565871648933 0.0
2.5886638610459434 -0.1654565871648933 0.0
2.5886638610459434 -0.1654565871648933 0.0
2.5886638610459434 -0.1654565871648933 0.0
2.5886638610459434 -0.1654565871648933 0.0
2.5886638610459434 -0.1654565871648933 0.0
2.5886638610459434 -0.1654565871648933 0.0
2.5886638610459434 -0.1654565871648933 0.0
2.5886638610459434 -0.1654565871648933 0.0
2.5886638610459434 -0.1654565871648933 0.0
2.5886638610459434 -0.1654565871648933 0.0
2.5886638610459434 -0.1654565871648933 0.0
2.5886638610459434 -0.1654565871648933 0.0
2.5886638610459434 -0.1654565871648933 0.0
2.5886638610459434 -0.1654565871648933 0.0
2.5886638610459434 -0.1654565871648933 0.0
2.5886638610459434 -0.1654565871648933 0.0
2.5886638610459434 -0.1654565871648933 0.0
2.5886638610459434 -0.1654565871648933 0.0
2.5886638610459434 -0.1654565871648933 0.0
2.5886638610459434 -0.1654565871648933 0.0
2.5886638610459434 -0.1654565871648933 0.0
2.5886638610459434 -0.1654565871648933 0.0
2.5886638610459434 -0.1654565871648933 0.0
2.5886638610459434 -0.1654565871648933 0.0
2.5886638610459434 -0.1654565871648933 0.0
2.5886638610459434 -0.1654565871648933 0.0
2.5886638610459434 -0.1654565871648933 0.0
2.5886638610459434 -0.1654565871648933 0.0
2.5886638610459434 -0.1654565871648933 0.0
2.5886638610459434 -0.1654565871648933 0.0
2.5886638610459434 -0.1654565871648933 0.0
2.5886638610459434 -0.1654565871648933 0.0
2.5886638610459434 -0.1654565871648933 0.0
2.5886638610459434 -0.1654565871648933 0.0
2.5886638610459434 -0.1654565871648933 0.0
2.5886638610459434 -0.1654565871648933 0.0
2.5886638610459434 -0.1654565871648933 0.0
2.5886638610459434 -0.1654565871648933 0.0
2.5886638610459434 -0.1654565871648933 0.0
2.5886638610459434 -0.1654565871648933 0.0
2.5886638610459434 -0.1654565871648933 0.0
2.5886638610459434 -0.1654565871648933 0.0
2.5886638610459434 -0.1654565871648933 0.0
2.5886638610459434 -0.1654565871648933 0.0
2.5886638610459434 -0.1654565871648933 0.0
2.5886638610459434 -0.1654565871648933 0.0
2.5886638610459434 -0.1654565871648933 0.0
2.5886638610459434 -0.1654565871648933 0.0
2.5886638610459434 -0.1654565871648933 0.0
2.5886638610459434 -0.1654565871648933 0.0
2.5886638610459434 -0.1654565871648933 0.0
2.5886638610459434 -0.1654565871648933 0.0
2.5886638610459434 -0.1654565871648933 0.0
2.5886638610459434 -0.1654565871648933 0.0
2.5886638610459434 -0.1654565871648933 0.0
2.5886638610459434 -0.1654565871648933 0.0
2.5886638610459434 -0.1654565871648933 0.0
2.5886638610459434 -0.1654565871648933 0.0
2.5888142303195028 -0.16549208443549357 6.345356101624323e-05
2.5892595547065826 -0.1655972109676559 0.0002465106205747605
2.5899911590567855 -0.1657699188419226 0.0005384556434818824
2.5910003682197136 -0.16600816013883593 0.000928892961266139
2.592278507044969 -0.1663098869389382 0.001407746772178259
2.593816900382154 -0.16667305132277171 0.00196526114119117
2.5956068730808717 -0.16709560537087872 0.0025919999999999997
2.597639749990724 -0.16757550116380157 0.003278847147022074
2.5999068559613123 -0.16811069078208252 0.004017006247396917
2.6023995158422406 -0.16869912630626388 0.004798000832986255
2.60510905448311 -0.16933875981688792 0.00561367430237401
2.6080267967335233 -0.17002754339449697 0.006456189920866304
2.611144067443083 -0.17076342911963327 0.007318030820491461
2.614452191461391 -0.17154436907283915 0.008192
2.6179424936380506 -0.1723683153346569 0.00907122032486464
2.621606298822663 -0.1732332199856288 0.009949134527280298
2.625434931864831 -0.17413703510629716 0.010819505206164096
2.6294197176141565 -0.17507771277720424 0.01167641482715535
2.6335519809202426 -0.17605320507889236 0.012514265722615575
2.637823046632691 -0.1770614640919038 0.013327780091628487
2.642224239601105 -0.17810044189678084 0.014112
2.6467468846750855 -0.17916809057406582 0.014862287380258223
2.6513823067042357 -0.18026236220430097 0.015574324031653479
2.656121830538158 -0.18138120886802864 0.016244111620158264
2.6609567810264547 -0.18252258264579108 0.016867971678467306
2.665878483018728 -0.1836844356181306 0.0174425456059975
2.6708782613645803 -0.1848647198655895 0.01796479466888796
2.6759474409136135 -0.18606138746871004 0.018431999999999997
2.6810773465154307 -0.18727239050803454 0.01884176259891711
2.6862593030196336 -0.1884956810641053 0.019192003331945026
2.6914846352758253 -0.18972921121746458 0.01948096293211162
2.696744668133607 -0.1909709330486547 0.019707201999167007
2.7020307264425822 -0.19221879863821795 0.0198696009995835
2.7073341350523523 -0.1934707600666966 0.019967360266555594
2.7126462188125204 -0.194724769414633 0.01999999999999999
2.7179583025726886 -0.19597877876256936 0.0199673602665556
2.7232617111824586 -0.197230740191048 0.0198696009995835
2.7285477694914335 -0.19847860578061127 0.019707201999167007
2.7338078023492156 -0.1997203276118014 0.0194809629321116
2.7390331346054073 -0.20095385776516067 0.019192003331945026
2.74421509110961 -0.20217714832123143 0.018841762598917122
2.7493449967114274 -0.20338815136055594 0.018432000000000004
2.7544141762604606 -0.20458481896367647 0.01796479466888795
2.759413954606313 -0.20576510321113536 0.017442545605997506
2.764335656598586 -0.2069269561834749 0.01686797167846729
2.769170607086883 -0.20806832996123734 0.016244111620158264
2.773910130920805 -0.209187176624965 0.015574324031653486
2.7785455529499554 -0.21028144825520018 0.014862287380258216
2.783068198023936 -0.2113490969324851 0.014112000000000013
2.78746939099235 -0.21238807473736218 0.013327780091628494
2.7917404567047983 -0.21339633375037362 0.012514265722615547
2.7958727200108844 -0.21437182605206173 0.01167641482715534
2.79985750576021 -0.2153125037229688 0.01081950520616412
2.803686138802378 -0.21621631884363718 0.009949134527280301
2.8073499439869902 -0.21708122349460907 0.009071220324864626
2.8108402461636492 -0.21790516975642682 0.008192000000000005
2.814148370181958 -0.2186861097096327 0.007318030820491456
2.817265640891517 -0.21942199543476898 0.006456189920866273
2.8201833831419307 -0.22011077901237802 0.005613674302374
2.8228929217828003 -0.22075041252300207 0.004798000832986288
2.825385581663728 -0.22133884804718343 0.004017006247396898
2.827652687634317 -0.22187403766546437 0.0032788471470220903
2.829685564544169 -0.22235393345838722 0.0025920000000000387
2.831475537242887 -0.22277648750649426 0.001965261141191166
2.833013930580072 -0.22313965189032775 0.0014077467721782533
2.8342920694053273 -0.22344137869043004 0.0009288929612661367
2.8353012785682554 -0.22367961998734337 0.0005384556434818721
2.836032882918458 -0.22385232786161005 0.00024651062057473583
2.836478207305538 -0.22395745439377238 6.345356101622457e-05
2.8366285765790975 -0.22399295166437266 0.0
2.8366285765790975 -0.22399295166437266 0.0
2.8366285765790975 -0.22399295166437266 0.0
2.8366285765790975 -0.22399295166437266 0.0
2.8366285765790975 -0.22399295166437266 0.0
2.8366285765790975 -0.22399295166437266 0.0
2.8366285765790975 -0.22399295166437266 0.0
2.8366285765790975 -0.22399295166437266 0.0
2.8366285765790975 -0.22399295166437266 0.0
2.8366285765790975 -0.22399295166437266 0.0
2.8366285765790975 -0.22399295166437266 0.0
2.8366285765790975 -0.22399295166437266 0.0
2.8366285765790975 -0.22399295166437266 0.0
2.8366285765790975 -0.22399295166437266 0.0
2.8366285765790975 -0.22399295166437266 0.0
2.8366285765790975 -0.22399295166437266 0.0
2.8366285765790975 -0.22399295166437266 0.0
2.8366285765790975 -0.22399295166437266 0.0
2.8366285765790975 -0.22399295166437266 0.0
2.8366285765790975 -0.22399295166437266 0.0
2.8366285765790975 -0.22399295166437266 0.0
2.8366285765790975 -0.22399295166437266 0.0
2.8366285765790975 -0.22399295166437266 0.0
2.8366285765790975 -0.22399295166437266 0.0
2.8366285765790975 -0.22399295166437266 0.0
2.8366285765790975 -0.22399295166437266 0.0
2.8366285765790975 -0.22399295166437266 0.0
2.8366285765790975 -0.22399295166437266 0.0
2.8366285765790975 -0.22399295166437266 0.0
2.8366285765790975 -0.22399295166437266 0.0
2.8366285765790975 -0.22399295166437266 0.0
2.8366285765790975 -0.22399295166437266 0.0
2.8366285765790975 -0.22399295166437266 0.0
2.8366285765790975 -0.22399295166437266 0.0
2.8366285765790975 -0.22399295166437266 0.0
2.8366285765790975 -0.22399295166437266 0.0
2.8366285765790975 -0.22399295166437266 0.0
2.8366285765790975 -0.22399295166437266 0.0
2.8366285765790975 -0.22399295166437266 0.0
2.8366285765790975 -0.22399295166437266 0.0
2.8366285765790975 -0.22399295166437266 0.0
2.8366285765790975 -0.22399295166437266 0.0
2.8366285765790975 -0.22399295166437266 0.0
2.8366285765790975 -0.22399295166437266 0.0
2.8366285765790975 -0.22399295166437266 0.0
2.8366285765790975 -0.22399295166437266 0.0
2.8366285765790975 -0.22399295166437266 0.0
2.8366285765790975 -0.22399295166437266 0.0
2.8366285765790975 -0.22399295166437266 0.0
2.8366285765790975 -0.22399295166437266 0.0
2.8366285765790975 -0.22399295166437266 0.0
2.8366285765790975 -0.22399295166437266 0.0
2.8366285765790975 -0.22399295166437266 0.0
2.8366285765790975 -0.22399295166437266 0.0
2.8366285765790975 -0.22399295166437266 0.0
2.8366285765790975 -0.22399295166437266 0.0
2.8366285765790975 -0.22399295166437266 0.0
2.8366285765790975 -0.22399295166437266 0.0
2.8366285765790975 -0.22399295166437266 0.0
2.8366285765790975 -0.22399295166437266 0.0
2.8366285765790975 -0.22399295166437266 0.0
2.8366285765790975 -0.22399295166437266 0.0
2.8366285765790975 -0.22399295166437266 0.0
2.8366285765790975 -0.22399295166437266 0.0
2.8366285765790975 -0.22399295166437266 0.0
2.8366285765790975 -0.22399295166437266 0.0
2.8366285765790975 -0.22399295166437266 0.0
2.8366285765790975 -0.22399295166437266 0.0
2.8366285765790975 -0.22399295166437266 0.0
2.8366285765790975 -0.22399295166437266 0.0
2.8366285765790975 -0.22399295166437266 0.0
2.8366285765790975 -0.22399295166437266 0.0
2.8366285765790975 -0.22399295166437266 0.0
2.8366285765790975 -0.22399295166437266 0.0
2.8366285765790975 -0.22399295166437266 0.0
2.8366285765790975 -0.22399295166437266 0.0
2.8366285765790975 -0.22399295166437266 0.0
2.8366285765790975 -0.22399295166437266 0.0
2.8366285765790975 -0.22399295166437266 0.0
2.8366285765790975 -0.22399295166437266 0.0
2.8366285765790975 -0.22399295166437266 0.0
2.8366285765790975 -0.22399295166437266 0.0
2.8366285765790975 -0.22399295166437266 0.0
2.8366285765790975 -0.22399295166437266 0.0
2.8366285765790975 -0.22399295166437266 0.0
2.8366285765790975 -0.22399295166437266 0.0
2.8366285765790975 -0.22399295166437266 0.0
2.8366285765790975 -0.22399295166437266 0.0
2.8366285765790975 -0.22399295166437266 0.0
2.8366285765790975 -0.22399295166437266 0.0
2.8366285765790975 -0.22399295166437266 0.0
2.8366285765790975 -0.22399295166437266 0.0
2.8366285765790975 -0.22399295166437266 0.0
2.8366285765790975 -0.22399295166437266 0.0
2.8366285765790975 -0.22399295166437266 0.0
2.8366285765790975 -0.22399295166437266 0.0
2.8366285765790975 -0.22399295166437266 0.0
2.8366285765790975 -0.22399295166437266 0.0
2.8366285765790975 -0.22399295166437266 0.0
2.8366285765790975 -0.22399295166437266 0.0
2.8366285765790975 -0.22399295166437266 0.0
2.8366285765790975 -0.22399295166437266 0.0
2.8366285765790975 -0.22399295166437266 0.0
2.8366285765790975 -0.22399295166437266 0.0
2.8366285765790975 -0.22399295166437266 0.0
2.8366285765790975 -0.22399295166437266 0.0
2.8366285765790975 -0.22399295166437266 0.0
2.8366285765790975 -0.22399295166437266 0.0
2.8366285765790975 -0.22399295166437266 0.0
2.8366285765790975 -0.22399295166437266 0.0
2.8366285765790975 -0.22399295166437266 0.0
2.8366285765790975 -0.22399295166437266 0.0
2.8366285765790975 -0.22399295166437266 0.0
2.8366285765790975 -0.22399295166437266 0.0
2.8366285765790975 -0.22399295166437266 0.0
2.8366285765790975 -0.22399295166437266 0.0
2.8366285765790975 -0.22399295166437266 0.0
2.8366285765790975 -0.22399295166437266 0.0
2.8366285765790975 -0.22399295166437266 0.0
2.8366285765790975 -0.22399295166437266 0.0
2.8366285765790975 -0.22399295166437266 0.0
2.8366285765790975 -0.22399295166437266 0.0
2.8366285765790975 -0.22399295166437266 0.0
2.8366285765790975 -0.22399295166437266 0.0
2.8366285765790975 -0.22399295166437266 0.0
2.8366285765790975 -0.22399295166437266 0.0
2.8366285765790975 -0.22399295166437266 0.0
2.8366285765790975 -0.22399295166437266 0.0
2.8366285765790975 -0.22399295166437266 0.0
2.8366285765790975 -0.22399295166437266 0.0
2.8366285765790975 -0.22399295166437266 0.0
2.8366792281876236 -0.22401321519736161 6.345356101624323e-05
2.8368292348744126 -0.2240732264296751 0.0002465106205747605
2.8370756744312797 -0.22417181631133293 0.0005384556434818824
2.8374156246500415 -0.224307815792355 0.000928892961266139
2.8378461633225136 -0.22448005582276118 0.001407746772178259
2.8383643682405113 -0.22468736735257133 0.00196526114119117
2.8389673171958507 -0.22492858133180535 0.0025919999999999997
2.839652087980348 -0.22520252871048305 0.003278847147022074
2.8404157583858183 -0.22550804043862432 0.004017006247396917
2.8412554062040782 -0.22584394746624906 0.004798000832986255
2.8421681092269426 -0.2262090807433771 0.00561367430237401
2.843150945246228 -0.2266022712200283 0.006456189920866304
2.84420099205375 -0.22702234984622255 0.007318030820491461
2.845315327441324 -0.22746814757197972 0.008192
2.8464910292007666 -0.2279384953473197 0.00907122032486464
2.8477251751238932 -0.2284322241222623 0.009949134527280298
2.8490148430025193 -0.22894816484682742 0.010819505206164096
2.8503571106284613 -0.22948514847103493 0.01167641482715535
2.851749055793534 -0.23004200594490468 0.012514265722615575
2.8531877562895547 -0.23061756821845655 0.013327780091628487
2.854670289908338 -0.2312106662417104 0.014112
2.8561937344416997 -0.23182013096468615 0.014862287380258223
2.8577551676814563 -0.2324447933374036 0.015574324031653479
2.8593516674194235 -0.2330834843098826 0.016244111620158264
2.860980311447417 -0.23373503483214308 0.016867971678467306
2.862638177557252 -0.23439827585420492 0.0174425456059975
2.8643223435407448 -0.23507203832608792 0.01796479466888796
2.866029887189711 -0.23575515319781198 0.018431999999999997
2.8677578862959674 -0.23644645141939696 0.01884176259891711
2.869503418651328 -0.23714476394086276 0.019192003331945026
2.8712635620476106 -0.23784892171222918 0.01948096293211162
2.8730353942766294 -0.23855775568351617 0.019707201999167007
2.8748159931302006 -0.23927009680474354 0.0198696009995835
2.8766024364001406 -0.23998477602593118 0.019967360266555594
2.878391801878265 -0.24070062429709896 0.01999999999999999
2.880181167356389 -0.24141647256826673 0.0199673602665556
2.881967610626329 -0.24213115178945438 0.0198696009995835
2.8837482094799003 -0.24284349291068175 0.019707201999167007
2.885520041708919 -0.2435523268819687 0.0194809629321116
2.8872801851052015 -0.24425648465333516 0.019192003331945026
2.8890257174605622 -0.24495479717480095 0.018841762598917122
2.8907537165668185 -0.24564609539638593 0.018432000000000004
2.892461260215785 -0.24632921026811 0.01796479466888795
2.8941454261992776 -0.247002972739993 0.017442545605997506
2.895803292309113 -0.2476662137620548 0.01686797167846729
2.897431936337106 -0.24831776428431532 0.016244111620158264
2.8990284360750733 -0.24895645525679433 0.015574324031653486
2.90058986931483 -0.24958111762951177 0.014862287380258216
2.902113313848192 -0.2501905823524875 0.014112000000000013
2.903595847466975 -0.25078368037574134 0.013327780091628494
2.9050345479629955 -0.2513592426492932 0.012514265722615547
2.9064264931280683 -0.251916100123163 0.01167641482715534
2.9077687607540104 -0.2524530837473705 0.01081950520616412
2.9090584286326364 -0.25296902447193564 0.009949134527280301
2.910292574555763 -0.2534627532468782 0.009071220324864626
2.9114682763152056 -0.25393310102221817 0.008192000000000005
2.9125826117027795 -0.25437889874797537 0.007318030820491456
2.9136326585103016 -0.2547989773741696 0.006456189920866273
2.914615494529587 -0.25519216785082083 0.005613674302374
2.9155281975524514 -0.25555730112794883 0.004798000832986288
2.916367845370711 -0.2558932081555736 0.004017006247396898
2.9171315157761817 -0.2561987198837149 0.0032788471470220903
2.917816286560679 -0.2564726672623926 0.0025920000000000387
2.9184192355160183 -0.2567138812416266 0.001965261141191166
2.918937440434016 -0.2569211927714367 0.0014077467721782533
2.919367979106488 -0.25709343280184294 0.0009288929612661367
2.91970792932525 -0.257229432282865 0.0005384556434818721
2.919954368882117 -0.25732802216452283 0.00024651062057473583
2.920104375568906 -0.25738803339683625 6.345356101622457e-05
2.920155027177432 -0.25740829692982525 0.0
2.920155027177432 -0.25740829692982525 0.0
2.920155027177432 -0.25740829692982525 0.0
2.920155027177432 -0.25740829692982525 0.0
2.920155027177432 -0.25740829692982525 0.0
2.920155027177432 -0.25740829692982525 0.0
2.920155027177432 -0.25740829692982525 0.0
2.920155027177432 -0.25740829692982525 0.0
2.920155027177432 -0.25740829692982525 0.0
2.920155027177432 -0.25740829692982525 0.0
2.920155027177432 -0.25740829692982525 0.0
2.920155027177432 -0.25740829692982525 0.0
2.920155027177432 -0.25740829692982525 0.0
2.920155027177432 -0.25740829692982525 0.0
2.920155027177432 -0.25740829692982525 0.0
2.920155027177432 -0.25740829692982525 0.0
2.920155027177432 -0.25740829692982525 0.0
2.920155027177432 -0.25740829692982525 0.0
2.920155027177432 -0.25740829692982525 0.0
2.920155027177432 -0.25740829692982525 0.0
2.920155027177432 -0.25740829692982525 0.0
2.920155027177432 -0.25740829692982525 0.0
2.920155027177432 -0.25740829692982525 0.0
2.920155027177432 -0.25740829692982525 0.0
2.920155027177432 -0.25740829692982525 0.0
2.920155027177432 -0.25740829692982525 0.0
2.920155027177432 -0.25740829692982525 0.0
2.920155027177432 -0.25740829692982525 0.0
2.920155027177432 -0.25740829692982525 0.0
2.920155027177432 -0.25740829692982525 0.0
