1.0310923973763693e-17 0.10163857612916291 -1.3877787807814457e-17
1.0310923973763693e-17 0.10163857612916291 -1.3877787807814457e-17
1.0310923973763693e-17 0.10163857612916291 -1.3877787807814457e-17
1.0310923973763693e-17 0.10163857612916291 -1.3877787807814457e-17
1.0310923973763693e-17 0.10163857612916291 -1.3877787807814457e-17
1.0310923973763693e-17 0.10163857612916291 -1.3877787807814457e-17
1.0310923973763693e-17 0.10163857612916291 -1.3877787807814457e-17
1.0310923973763693e-17 0.10163857612916291 -1.3877787807814457e-17
1.0310923973763693e-17 0.10163857612916291 -1.3877787807814457e-17
1.0310923973763693e-17 0.10163857612916291 -1.3877787807814457e-17
1.0310923973763693e-17 0.10163857612916291 -1.3877787807814457e-17
1.0310923973763693e-17 0.10163857612916291 -1.3877787807814457e-17
1.0310923973763693e-17 0.10163857612916291 -1.3877787807814457e-17
1.0310923973763693e-17 0.10163857612916291 -1.3877787807814457e-17
1.0310923973763693e-17 0.10163857612916291 -1.3877787807814457e-17
1.0310923973763693e-17 0.10163857612916291 -1.3877787807814457e-17
1.0310923973763693e-17 0.10163857612916291 -1.3877787807814457e-17
1.0310923973763693e-17 0.10163857612916291 -1.3877787807814457e-17
1.0310923973763693e-17 0.10163857612916291 -1.3877787807814457e-17
1.0310923973763693e-17 0.10163857612916291 -1.3877787807814457e-17
1.0310923973763693e-17 0.10163857612916291 -1.3877787807814457e-17
1.0310923973763693e-17 0.10163857612916291 -1.3877787807814457e-17
1.0310923973763693e-17 0.10163857612916291 -1.3877787807814457e-17
1.0310923973763693e-17 0.10163857612916291 -1.3877787807814457e-17
1.0310923973763693e-17 0.10163857612916291 -1.3877787807814457e-17
1.0310923973763693e-17 0.10163857612916291 -1.3877787807814457e-17
1.0310923973763693e-17 0.10163857612916291 -1.3877787807814457e-17
1.0310923973763693e-17 0.10163857612916291 -1.3877787807814457e-17
1.0310923973763693e-17 0.10163857612916291 -1.3877787807814457e-17
1.0310923973763693e-17 0.10163857612916291 -1.3877787807814457e-17
1.0310923973763693e-17 0.10163857612916291 -1.3877787807814457e-17
1.0310923973763693e-17 0.10163857612916291 -1.3877787807814457e-17
1.0310923973763693e-17 0.10163857612916291 -1.3877787807814457e-17
1.0310923973763693e-17 0.10163857612916291 -1.3877787807814457e-17
1.0310923973763693e-17 0.10163857612916291 -1.3877787807814457e-17
1.0310923973763693e-17 0.10163857612916291 -1.3877787807814457e-17
1.0310923973763693e-17 0.10163857612916291 -1.3877787807814457e-17
1.0310923973763693e-17 0.10163857612916291 -1.3877787807814457e-17
1.0310923973763693e-17 0.10163857612916291 -1.3877787807814457e-17
1.0310923973763693e-17 0.10163857612916291 -1.3877787807814457e-17
1.0310923973763693e-17 0.10163857612916291 -1.3877787807814457e-17
1.0310923973763693e-17 0.10163857612916291 -1.3877787807814457e-17
1.0310923973763693e-17 0.10163857612916291 -1.3877787807814457e-17
1.0310923973763693e-17 0.10163857612916291 -1.3877787807814457e-17
1.0310923973763693e-17 0.10163857612916291 -1.3877787807814457e-17
1.0310923973763693e-17 0.10163857612916291 -1.3877787807814457e-17
1.0310923973763693e-17 0.10163857612916291 -1.3877787807814457e-17
1.0310923973763693e-17 0.10163857612916291 -1.3877787807814457e-17
1.0310923973763693e-17 0.10163857612916291 -1.3877787807814457e-17
1.0310923973763693e-17 0.10163857612916291 -1.3877787807814457e-17
1.0310923973763693e-17 0.10163857612916291 -1.3877787807814457e-17
1.0310923973763693e-17 0.10163857612916291 -1.3877787807814457e-17
1.0310923973763693e-17 0.10163857612916291 -1.3877787807814457e-17
1.0310923973763693e-17 0.10163857612916291 -1.3877787807814457e-17
1.0310923973763693e-17 0.10163857612916291 -1.3877787807814457e-17
1.0310923973763693e-17 0.10163857612916291 -1.3877787807814457e-17
1.0310923973763693e-17 0.10163857612916291 -1.3877787807814457e-17
1.0310923973763693e-17 0.10163857612916291 -1.3877787807814457e-17
1.0310923973763693e-17 0.10163857612916291 -1.3877787807814457e-17
1.0310923973763693e-17 0.10163857612916291 -1.3877787807814457e-17
1.0310923973763693e-17 0.10163857612916291 -1.3877787807814457e-17
1.0310923973763693e-17 0.10163857612916291 -1.3877787807814457e-17
1.0310923973763693e-17 0.10163857612916291 -1.3877787807814457e-17
1.0310923973763693e-17 0.10163857612916291 -1.3877787807814457e-17
1.0310923973763693e-17 0.10163857612916291 -1.3877787807814457e-17
1.0310923973763693e-17 0.10163857612916291 -1.3877787807814457e-17
1.0310923973763693e-17 0.10163857612916291 -1.3877787807814457e-17
1.0310923973763693e-17 0.10163857612916291 -1.3877787807814457e-17
1.0310923973763693e-17 0.10163857612916291 -1.3877787807814457e-17
1.0310923973763693e-17 0.10163857612916291 -1.3877787807814457e-17
1.0310923973763693e-17 0.10163857612916291 -1.3877787807814457e-17
1.0310923973763693e-17 0.10163857612916291 -1.3877787807814457e-17
1.0310923973763693e-17 0.10163857612916291 -1.3877787807814457e-17
1.0310923973763693e-17 0.10163857612916291 -1.3877787807814457e-17
1.0310923973763693e-17 0.10163857612916291 -1.3877787807814457e-17
1.0310923973763693e-17 0.10163857612916291 -1.3877787807814457e-17
1.0310923973763693e-17 0.10163857612916291 -1.3877787807814457e-17
1.0310923973763693e-17 0.10163857612916291 -1.3877787807814457e-17
1.0310923973763693e-17 0.10163857612916291 -1.3877787807814457e-17
1.0310923973763693e-17 0.10163857612916291 -1.3877787807814457e-17
1.0310923973763693e-17 0.10163857612916291 -1.3877787807814457e-17
1.0310923973763693e-17 0.10163857612916291 -1.3877787807814457e-17
1.0310923973763693e-17 0.10163857612916291 -1.3877787807814457e-17
1.0310923973763693e-17 0.10163857612916291 -1.3877787807814457e-17
1.0310923973763693e-17 0.10163857612916291 -1.3877787807814457e-17
1.0310923973763693e-17 0.10163857612916291 -1.3877787807814457e-17
1.0310923973763693e-17 0.10163857612916291 -1.3877787807814457e-17
1.0310923973763693e-17 0.10163857612916291 -1.3877787807814457e-17
1.0310923973763693e-17 0.10163857612916291 -1.3877787807814457e-17
1.0310923973763693e-17 0.10163857612916291 -1.3877787807814457e-17
1.0310923973763693e-17 0.10163857612916291 -1.3877787807814457e-17
1.0310923973763693e-17 0.10163857612916291 -1.3877787807814457e-17
1.0310923973763693e-17 0.10163857612916291 -1.3877787807814457e-17
1.0310923973763693e-17 0.10163857612916291 -1.3877787807814457e-17
1.0310923973763693e-17 0.10163857612916291 -1.3877787807814457e-17
1.0310923973763693e-17 0.10163857612916291 -1.3877787807814457e-17
1.0310923973763693e-17 0.10163857612916291 -1.3877787807814457e-17
1.0310923973763693e-17 0.10163857612916291 -1.3877787807814457e-17
1.0310923973763693e-17 0.10163857612916291 -1.3877787807814457e-17
1.0310923973763693e-17 0.10163857612916291 -1.3877787807814457e-17
1.0310923973763693e-17 0.10163857612916291 -1.3877787807814457e-17
1.0310923973763693e-17 0.10163857612916291 -1.3877787807814457e-17
1.0310923973763693e-17 0.10163857612916291 -1.3877787807814457e-17
1.0310923973763693e-17 0.10163857612916291 -1.3877787807814457e-17
1.0310923973763693e-17 0.10163857612916291 -1.3877787807814457e-17
1.0310923973763693e-17 0.10163857612916291 -1.3877787807814457e-17
1.0310923973763693e-17 0.10163857612916291 -1.3877787807814457e-17
1.0310923973763693e-17 0.10163857612916291 -1.3877787807814457e-17
1.0310923973763693e-17 0.10163857612916291 -1.3877787807814457e-17
1.0310923973763693e-17 0.10163857612916291 -1.3877787807814457e-17
1.0310923973763693e-17 0.10163857612916291 -1.3877787807814457e-17
1.0310923973763693e-17 0.10163857612916291 -1.3877787807814457e-17
1.0310923973763693e-17 0.10163857612916291 -1.3877787807814457e-17
1.0310923973763693e-17 0.10163857612916291 -1.3877787807814457e-17
1.0310923973763693e-17 0.10163857612916291 -1.3877787807814457e-17
1.0310923973763693e-17 0.10163857612916291 -1.3877787807814457e-17
1.0310923973763693e-17 0.10163857612916291 -1.3877787807814457e-17
1.0310923973763693e-17 0.10163857612916291 -1.3877787807814457e-17
1.0310923973763693e-17 0.10163857612916291 -1.3877787807814457e-17
1.0310923973763693e-17 0.10163857612916291 -1.3877787807814457e-17
1.0310923973763693e-17 0.10163857612916291 -1.3877787807814457e-17
1.0310923973763693e-17 0.10163857612916291 -1.3877787807814457e-17
1.0310923973763693e-17 0.10163857612916291 -1.3877787807814457e-17
1.0310923973763693e-17 0.10163857612916291 -1.3877787807814457e-17
1.0310923973763693e-17 0.10163857612916291 -1.3877787807814457e-17
1.0310923973763693e-17 0.10163857612916291 -1.3877787807814457e-17
1.0310923973763693e-17 0.10163857612916291 -1.3877787807814457e-17
1.0310923973763693e-17 0.10163857612916291 -1.3877787807814457e-17
1.0310923973763693e-17 0.10163857612916291 -1.3877787807814457e-17
1.0310923973763693e-17 0.10163857612916291 -1.3877787807814457e-17
1.0310923973763693e-17 0.10163857612916291 -1.3877787807814457e-17
1.0310923973763693e-17 0.10163857612916291 -1.3877787807814457e-17
1.0310923973763693e-17 0.10163857612916291 -1.3877787807814457e-17
1.0310923973763693e-17 0.10163857612916291 -1.3877787807814457e-17
1.0310923973763693e-17 0.10163857612916291 -1.3877787807814457e-17
1.0310923973763693e-17 0.10163857612916291 -1.3877787807814457e-17
1.0310923973763693e-17 0.10163857612916291 -1.3877787807814457e-17
1.0310923973763693e-17 0.10163857612916291 -1.3877787807814457e-17
1.0310923973763693e-17 0.10163857612916291 -1.3877787807814457e-17
1.0310923973763693e-17 0.10163857612916291 -1.3877787807814457e-17
1.0310923973763693e-17 0.10163857612916291 -1.3877787807814457e-17
1.0310923973763693e-17 0.10163857612916291 -1.3877787807814457e-17
1.0310923973763693e-17 0.10163857612916291 -1.3877787807814457e-17
1.0310923973763693e-17 0.10163857612916291 -1.3877787807814457e-17
1.0310923973763693e-17 0.10163857612916291 -1.3877787807814457e-17
1.0310923973763693e-17 0.10163857612916291 -1.3877787807814457e-17
1.0310923973763693e-17 0.10163857612916291 -1.3877787807814457e-17
1.0310923973763693e-17 0.10163857612916291 -1.3877787807814457e-17
1.0310923973763693e-17 0.10163857612916291 -1.3877787807814457e-17
1.0310923973763693e-17 0.10163857612916291 -1.3877787807814457e-17
1.0310923973763693e-17 0.10163857612916291 -1.3877787807814457e-17
1.0310923973763693e-17 0.10163857612916291 -1.3877787807814457e-17
1.0310923973763693e-17 0.10163857612916291 -1.3877787807814457e-17
1.0310923973763693e-17 0.10163857612916291 -1.3877787807814457e-17
1.0310923973763693e-17 0.10163857612916291 -1.3877787807814457e-17
1.0310923973763693e-17 0.10163857612916291 -1.3877787807814457e-17
1.0310923973763693e-17 0.10163857612916291 -1.3877787807814457e-17
1.0310923973763693e-17 0.10163857612916291 -1.3877787807814457e-17
1.0310923973763693e-17 0.10163857612916291 -1.3877787807814457e-17
1.0310923973763693e-17 0.10163857612916291 -1.3877787807814457e-17
1.0310923973763693e-17 0.10163857612916291 -1.3877787807814457e-17
1.0310923973763693e-17 0.10163857612916291 -1.3877787807814457e-17
1.0310923973763693e-17 0.10163857612916291 -1.3877787807814457e-17
1.0310923973763693e-17 0.10163857612916291 -1.3877787807814457e-17
1.0310923973763693e-17 0.10163857612916291 -1.3877787807814457e-17
1.0310923973763693e-17 0.10163857612916291 -1.3877787807814457e-17
1.0310923973763693e-17 0.10163857612916291 -1.3877787807814457e-17
1.0310923973763693e-17 0.10163857612916291 -1.3877787807814457e-17
1.0310923973763693e-17 0.10163857612916291 -1.3877787807814457e-17
1.0310923973763693e-17 0.10163857612916291 -1.3877787807814457e-17
1.0310923973763693e-17 0.10163857612916291 -1.3877787807814457e-17
1.0310923973763693e-17 0.10163857612916291 -1.3877787807814457e-17
1.0310923973763693e-17 0.10163857612916291 -1.3877787807814457e-17
1.0310923973763693e-17 0.10163857612916291 -1.3877787807814457e-17
1.0310923973763693e-17 0.10163857612916291 -1.3877787807814457e-17
1.0310923973763693e-17 0.10163857612916291 -1.3877787807814457e-17
1.0310923973763693e-17 0.10163857612916291 -1.3877787807814457e-17
1.0310923973763693e-17 0.10163857612916291 -1.3877787807814457e-17
1.0310923973763693e-17 0.10163857612916291 -1.3877787807814457e-17
1.0310923973763693e-17 0.10163857612916291 -1.3877787807814457e-17
1.0310923973763693e-17 0.10163857612916291 -1.3877787807814457e-17
1.0310923973763693e-17 0.10163857612916291 -1.3877787807814457e-17
1.0310923973763693e-17 0.10163857612916291 -1.3877787807814457e-17
1.0310923973763693e-17 0.10163857612916291 -1.3877787807814457e-17
1.0310923973763693e-17 0.10163857612916291 -1.3877787807814457e-17
1.0310923973763693e-17 0.10163857612916291 -1.3877787807814457e-17
1.0310923973763693e-17 0.10163857612916291 -1.3877787807814457e-17
1.0310923973763693e-17 0.10163857612916291 -1.3877787807814457e-17
1.0310923973763693e-17 0.10163857612916291 -1.3877787807814457e-17
1.0310923973763693e-17 0.10163857612916291 -1.3877787807814457e-17
1.0310923973763693e-17 0.10163857612916291 -1.3877787807814457e-17
1.0310923973763693e-17 0.10163857612916291 -1.3877787807814457e-17
1.0310923973763693e-17 0.10163857612916291 -1.3877787807814457e-17
1.0310923973763693e-17 0.10163857612916291 -1.3877787807814457e-17
1.0310923973763693e-17 0.10163857612916291 -1.3877787807814457e-17
1.0310923973763693e-17 0.10163857612916291 -1.3877787807814457e-17
1.0310923973763693e-17 0.10163857612916291 -1.3877787807814457e-17
1.0310923973763693e-17 0.10163857612916291 -1.3877787807814457e-17
1.0310923973763693e-17 0.10163857612916291 -1.3877787807814457e-17
1.0310923973763693e-17 0.10163857612916291 -1.3877787807814457e-17
1.0310923973763693e-17 0.1 0.0
0.00012128279883382965 0.1 6.345356101624323e-05
0.00048046647230321767 0.1 0.0002465106205747605
0.0010705539358600695 0.1 0.0005384556434818824
0.00188454810495628 0.1 0.000928892961266139
0.0029154518950437443 0.1 0.001407746772178259
0.004156268221574357 0.1 0.00196526114119117
0.005600000000000014 0.1 0.0025919999999999997
0.00723965014577261 0.1 0.003278847147022074
0.00906822157434404 0.1 0.004017006247396917
0.011078717201166198 0.1 0.004798000832986255
0.013264139941690982 0.1 0.00561367430237401
0.015617492711370284 0.1 0.006456189920866304
0.018131778425656 0.1 0.007318030820491461
0.020800000000000023 0.1 0.008192
0.023615160349854253 0.1 0.00907122032486464
0.026570262390670583 0.1 0.009949134527280298
0.029658309037900902 0.1 0.010819505206164096
0.03287230320699711 0.1 0.01167641482715535
0.03620524781341111 0.1 0.012514265722615575
0.03965014577259479 0.1 0.013327780091628487
0.04320000000000003 0.1 0.014112
0.04684781341107876 0.1 0.014862287380258223
0.05058658892128285 0.1 0.015574324031653479
0.054409329446064185 0.1 0.016244111620158264
0.058309037900874675 0.1 0.016867971678467306
0.062278717201166234 0.1 0.0174425456059975
0.06631137026239073 0.1 0.01796479466888796
0.07040000000000006 0.1 0.018431999999999997
0.07453760932944613 0.1 0.01884176259891711
0.07871720116618082 0.1 0.019192003331945026
0.08293177842565604 0.1 0.01948096293211162
0.08717434402332368 0.1 0.019707201999167007
0.09143790087463566 0.1 0.0198696009995835
0.0957154518950438 0.1 0.019967360266555594
0.10000000000000009 0.1 0.01999999999999999
0.10428454810495635 0.1 0.0199673602665556
0.1085620991253645 0.1 0.0198696009995835
0.11282565597667647 0.1 0.019707201999167007
0.11706822157434413 0.1 0.0194809629321116
0.12128279883381936 0.1 0.019192003331945026
0.12546239067055404 0.1 0.018841762598917122
0.12960000000000008 0.1 0.018432000000000004
0.13368862973760942 0.1 0.01796479466888795
0.13772128279883392 0.1 0.017442545605997506
0.14169096209912543 0.1 0.01686797167846729
0.14559067055393599 0.1 0.016244111620158264
0.14941341107871728 0.1 0.015574324031653486
0.1531521865889214 0.1 0.014862287380258216
0.1568000000000001 0.1 0.014112000000000013
0.16034985422740533 0.1 0.013327780091628494
0.163794752186589 0.1 0.012514265722615547
0.16712769679300302 0.1 0.01167641482715534
0.17034169096209922 0.1 0.01081950520616412
0.17342973760932956 0.1 0.009949134527280301
0.1763848396501459 0.1 0.009071220324864626
0.1792000000000001 0.1 0.008192000000000005
0.18186822157434418 0.1 0.007318030820491456
0.18438250728862982 0.1 0.006456189920866273
0.1867358600583091 0.1 0.005613674302374
0.1889212827988339 0.1 0.004798000832986288
0.19093177842565603 0.1 0.004017006247396898
0.19276034985422752 0.1 0.0032788471470220903
0.1944000000000001 0.1 0.0025920000000000387
0.19584373177842576 0.1 0.001965261141191166
0.19708454810495638 0.1 0.0014077467721782533
0.1981154518950439 0.1 0.0009288929612661367
0.1989294460641401 0.1 0.0005384556434818721
0.19951953352769689 0.1 0.00024651062057473583
0.19987871720116626 0.1 6.345356101622457e-05
0.20000000000000015 0.1 0.0
0.20000000000000015 0.1 0.0
0.20000000000000015 0.1 0.0
0.20000000000000015 0.1 0.0
0.20000000000000015 0.1 0.0
0.20000000000000015 0.1 0.0
0.20000000000000015 0.1 0.0
0.20000000000000015 0.1 0.0
0.20000000000000015 0.1 0.0
0.20000000000000015 0.1 0.0
0.20000000000000015 0.1 0.0
0.20000000000000015 0.1 0.0
0.20000000000000015 0.1 0.0
0.20000000000000015 0.1 0.0
0.20000000000000015 0.1 0.0
0.20000000000000015 0.1 0.0
0.20000000000000015 0.1 0.0
0.20000000000000015 0.1 0.0
0.20000000000000015 0.1 0.0
0.20000000000000015 0.1 0.0
0.20000000000000015 0.1 0.0
0.20000000000000015 0.1 0.0
0.20000000000000015 0.1 0.0
0.20000000000000015 0.1 0.0
0.20000000000000015 0.1 0.0
0.20000000000000015 0.1 0.0
0.20000000000000015 0.1 0.0
0.20000000000000015 0.1 0.0
0.20000000000000015 0.1 0.0
0.20000000000000015 0.1 0.0
0.20000000000000015 0.1 0.0
0.20000000000000015 0.1 0.0
0.20000000000000015 0.1 0.0
0.20000000000000015 0.1 0.0
0.20000000000000015 0.1 0.0
0.20000000000000015 0.1 0.0
0.20000000000000015 0.1 0.0
0.20000000000000015 0.1 0.0
0.20000000000000015 0.1 0.0
0.20000000000000015 0.1 0.0
0.20000000000000015 0.1 0.0
0.20000000000000015 0.1 0.0
0.20000000000000015 0.1 0.0
0.20000000000000015 0.1 0.0
0.20000000000000015 0.1 0.0
0.20000000000000015 0.1 0.0
0.20000000000000015 0.1 0.0
0.20000000000000015 0.1 0.0
0.20000000000000015 0.1 0.0
0.20000000000000015 0.1 0.0
0.20000000000000015 0.1 0.0
0.20000000000000015 0.1 0.0
0.20000000000000015 0.1 0.0
0.20000000000000015 0.1 0.0
0.20000000000000015 0.1 0.0
0.20000000000000015 0.1 0.0
0.20000000000000015 0.1 0.0
0.20000000000000015 0.1 0.0
0.20000000000000015 0.1 0.0
0.20000000000000015 0.1 0.0
0.20000000000000015 0.1 0.0
0.20000000000000015 0.1 0.0
0.20000000000000015 0.1 0.0
0.20000000000000015 0.1 0.0
0.20000000000000015 0.1 0.0
0.20000000000000015 0.1 0.0
0.20000000000000015 0.1 0.0
0.20000000000000015 0.1 0.0
0.20000000000000015 0.1 0.0
0.20000000000000015 0.1 0.0
0.20000000000000015 0.1 0.0
0.20000000000000015 0.1 0.0
0.20000000000000015 0.1 0.0
0.20000000000000015 0.1 0.0
0.20000000000000015 0.1 0.0
0.20000000000000015 0.1 0.0
0.20000000000000015 0.1 0.0
0.20000000000000015 0.1 0.0
0.20000000000000015 0.1 0.0
0.20000000000000015 0.1 0.0
0.20000000000000015 0.1 0.0
0.20000000000000015 0.1 0.0
0.20000000000000015 0.1 0.0
0.20000000000000015 0.1 0.0
0.20000000000000015 0.1 0.0
0.20000000000000015 0.1 0.0
0.20000000000000015 0.1 0.0
0.20000000000000015 0.1 0.0
0.20000000000000015 0.1 0.0
0.20000000000000015 0.1 0.0
0.20000000000000015 0.1 0.0
0.20000000000000015 0.1 0.0
0.20000000000000015 0.1 0.0
0.20000000000000015 0.1 0.0
0.20000000000000015 0.1 0.0
0.20000000000000015 0.1 0.0
0.20000000000000015 0.1 0.0
0.20000000000000015 0.1 0.0
0.20000000000000015 0.1 0.0
0.20000000000000015 0.1 0.0
0.20000000000000015 0.1 0.0
0.20000000000000015 0.1 0.0
0.20000000000000015 0.1 0.0
0.20000000000000015 0.1 0.0
0.20000000000000015 0.1 0.0
0.20000000000000015 0.1 0.0
0.20000000000000015 0.1 0.0
0.20000000000000015 0.1 0.0
0.20000000000000015 0.1 0.0
0.20000000000000015 0.1 0.0
0.20000000000000015 0.1 0.0
0.20000000000000015 0.1 0.0
0.20000000000000015 0.1 0.0
0.20000000000000015 0.1 0.0
0.20000000000000015 0.1 0.0
0.20000000000000015 0.1 0.0
0.20000000000000015 0.1 0.0
0.20000000000000015 0.1 0.0
0.20000000000000015 0.1 0.0
0.20000000000000015 0.1 0.0
0.20000000000000015 0.1 0.0
0.20000000000000015 0.1 0.0
0.20000000000000015 0.1 0.0
0.20000000000000015 0.1 0.0
0.20000000000000015 0.1 0.0
0.20000000000000015 0.1 0.0
0.20000000000000015 0.1 0.0
0.20000000000000015 0.1 0.0
0.20000000000000015 0.1 0.0
0.20000000000000015 0.1 0.0
0.20000000000000015 0.1 0.0
0.2002425655976678 0.1 6.345356101624323e-05
0.20096093294460657 0.1 0.0002465106205747605
0.20214110787172027 0.1 0.0005384556434818824
0.20376909620991268 0.1 0.000928892961266139
0.20583090379008762 0.1 0.001407746772178259
0.20831253644314884 0.1 0.00196526114119117
0.21120000000000017 0.1 0.0025919999999999997
0.21447930029154536 0.1 0.003278847147022074
0.2181364431486882 0.1 0.004017006247396917
0.22215743440233252 0.1 0.004798000832986255
0.2265282798833821 0.1 0.00561367430237401
0.23123498542274068 0.1 0.006456189920866304
0.23626355685131212 0.1 0.007318030820491461
0.24160000000000018 0.1 0.008192
0.24723032069970863 0.1 0.00907122032486464
0.2531405247813413 0.1 0.009949134527280298
0.2593166180758019 0.1 0.010819505206164096
0.26574460641399433 0.1 0.01167641482715535
0.27241049562682235 0.1 0.012514265722615575
0.2793002915451897 0.1 0.013327780091628487
0.2864000000000002 0.1 0.014112
0.29369562682215766 0.1 0.014862287380258223
0.3011731778425658 0.1 0.015574324031653479
0.3088186588921285 0.1 0.016244111620158264
0.3166180758017495 0.1 0.016867971678467306
0.3245574344023326 0.1 0.0174425456059975
0.3326227405247816 0.1 0.01796479466888796
0.3408000000000002 0.1 0.018431999999999997
0.34907521865889235 0.1 0.01884176259891711
0.35743440233236173 0.1 0.019192003331945026
0.3658635568513122 0.1 0.01948096293211162
0.37434868804664745 0.1 0.019707201999167007
0.3828758017492714 0.1 0.0198696009995835
0.3914309037900877 0.1 0.019967360266555594
0.40000000000000024 0.1 0.01999999999999999
0.4085690962099128 0.1 0.0199673602665556
0.4171241982507291 0.1 0.0198696009995835
0.42565131195335304 0.1 0.019707201999167007
0.4341364431486884 0.1 0.0194809629321116
0.4425655976676388 0.1 0.019192003331945026
0.45092478134110814 0.1 0.018841762598917122
0.4592000000000003 0.1 0.018432000000000004
0.4673772594752189 0.1 0.01796479466888795
0.47544256559766795 0.1 0.017442545605997506
0.483381924198251 0.1 0.01686797167846729
0.49118134110787204 0.1 0.016244111620158264
0.4988268221574347 0.1 0.015574324031653486
0.5063043731778429 0.1 0.014862287380258216
0.5136000000000003 0.1 0.014112000000000013
0.5206997084548108 0.1 0.013327780091628494
0.5275895043731782 0.1 0.012514265722615547
0.5342553935860062 0.1 0.01167641482715534
0.5406833819241985 0.1 0.01081950520616412
0.5468594752186592 0.1 0.009949134527280301
0.5527696793002919 0.1 0.009071220324864626
0.5584000000000003 0.1 0.008192000000000005
0.5637364431486884 0.1 0.007318030820491456
0.5687650145772597 0.1 0.006456189920866273
0.5734717201166183 0.1 0.005613674302374
0.5778425655976679 0.1 0.004798000832986288
0.5818635568513122 0.1 0.004017006247396898
0.5855206997084551 0.1 0.0032788471470220903
0.5888000000000003 0.1 0.0025920000000000387
0.5916874635568516 0.1 0.001965261141191166
0.5941690962099129 0.1 0.0014077467721782533
0.5962309037900879 0.1 0.0009288929612661367
0.5978588921282803 0.1 0.0005384556434818721
0.5990390670553939 0.1 0.00024651062057473583
0.5997574344023326 0.1 6.345356101622457e-05
0.6000000000000004 0.1 0.0
0.6000000000000004 0.1 0.0
0.6000000000000004 0.1 0.0
0.6000000000000004 0.1 0.0
0.6000000000000004 0.1 0.0
0.6000000000000004 0.1 0.0
0.6000000000000004 0.1 0.0
0.6000000000000004 0.1 0.0
0.6000000000000004 0.1 0.0
0.6000000000000004 0.1 0.0
0.6000000000000004 0.1 0.0
0.6000000000000004 0.1 0.0
0.6000000000000004 0.1 0.0
0.6000000000000004 0.1 0.0
0.6000000000000004 0.1 0.0
0.6000000000000004 0.1 0.0
0.6000000000000004 0.1 0.0
0.6000000000000004 0.1 0.0
0.6000000000000004 0.1 0.0
0.6000000000000004 0.1 0.0
0.6000000000000004 0.1 0.0
0.6000000000000004 0.1 0.0
0.6000000000000004 0.1 0.0
0.6000000000000004 0.1 0.0
0.6000000000000004 0.1 0.0
0.6000000000000004 0.1 0.0
0.6000000000000004 0.1 0.0
0.6000000000000004 0.1 0.0
0.6000000000000004 0.1 0.0
0.6000000000000004 0.1 0.0
0.6000000000000004 0.1 0.0
0.6000000000000004 0.1 0.0
0.6000000000000004 0.1 0.0
0.6000000000000004 0.1 0.0
0.6000000000000004 0.1 0.0
0.6000000000000004 0.1 0.0
0.6000000000000004 0.1 0.0
0.6000000000000004 0.1 0.0
0.6000000000000004 0.1 0.0
0.6000000000000004 0.1 0.0
0.6000000000000004 0.1 0.0
0.6000000000000004 0.1 0.0
0.6000000000000004 0.1 0.0
0.6000000000000004 0.1 0.0
0.6000000000000004 0.1 0.0
0.6000000000000004 0.1 0.0
0.6000000000000004 0.1 0.0
0.6000000000000004 0.1 0.0
0.6000000000000004 0.1 0.0
0.6000000000000004 0.1 0.0
0.6000000000000004 0.1 0.0
0.6000000000000004 0.1 0.0
0.6000000000000004 0.1 0.0
0.6000000000000004 0.1 0.0
0.6000000000000004 0.1 0.0
0.6000000000000004 0.1 0.0
0.6000000000000004 0.1 0.0
0.6000000000000004 0.1 0.0
0.6000000000000004 0.1 0.0
0.6000000000000004 0.1 0.0
0.6000000000000004 0.1 0.0
0.6000000000000004 0.1 0.0
0.6000000000000004 0.1 0.0
0.6000000000000004 0.1 0.0
0.6000000000000004 0.1 0.0
0.6000000000000004 0.1 0.0
0.6000000000000004 0.1 0.0
0.6000000000000004 0.1 0.0
0.6000000000000004 0.1 0.0
0.6000000000000004 0.1 0.0
0.6000000000000004 0.1 0.0
0.6000000000000004 0.1 0.0
0.6000000000000004 0.1 0.0
0.6000000000000004 0.1 0.0
0.6000000000000004 0.1 0.0
0.6000000000000004 0.1 0.0
0.6000000000000004 0.1 0.0
0.6000000000000004 0.1 0.0
0.6000000000000004 0.1 0.0
0.6000000000000004 0.1 0.0
0.6000000000000004 0.1 0.0
0.6000000000000004 0.1 0.0
0.6000000000000004 0.1 0.0
0.6000000000000004 0.1 0.0
0.6000000000000004 0.1 0.0
0.6000000000000004 0.1 0.0
0.6000000000000004 0.1 0.0
0.6000000000000004 0.1 0.0
0.6000000000000004 0.1 0.0
0.6000000000000004 0.1 0.0
0.6000000000000004 0.1 0.0
0.6000000000000004 0.1 0.0
0.6000000000000004 0.1 0.0
0.6000000000000004 0.1 0.0
0.6000000000000004 0.1 0.0
0.6000000000000004 0.1 0.0
0.6000000000000004 0.1 0.0
0.6000000000000004 0.1 0.0
0.6000000000000004 0.1 0.0
0.6000000000000004 0.1 0.0
0.6000000000000004 0.1 0.0
0.6000000000000004 0.1 0.0
0.6000000000000004 0.1 0.0
0.6000000000000004 0.1 0.0
0.6000000000000004 0.1 0.0
0.6000000000000004 0.1 0.0
0.6000000000000004 0.1 0.0
0.6000000000000004 0.1 0.0
0.6000000000000004 0.1 0.0
0.6000000000000004 0.1 0.0
0.6000000000000004 0.1 0.0
0.6000000000000004 0.1 0.0
0.6000000000000004 0.1 0.0
0.6000000000000004 0.1 0.0
0.6000000000000004 0.1 0.0
0.6000000000000004 0.1 0.0
0.6000000000000004 0.1 0.0
0.6000000000000004 0.1 0.0
0.6000000000000004 0.1 0.0
0.6000000000000004 0.1 0.0
0.6000000000000004 0.1 0.0
0.6000000000000004 0.1 0.0
0.6000000000000004 0.1 0.0
0.6000000000000004 0.1 0.0
0.6000000000000004 0.1 0.0
0.6000000000000004 0.1 0.0
0.6000000000000004 0.1 0.0
0.6000000000000004 0.1 0.0
0.6000000000000004 0.1 0.0
0.6000000000000004 0.1 0.0
0.6000000000000004 0.1 0.0
0.6002425655976681 0.1 6.345356101624323e-05
0.6009609329446068 0.1 0.0002465106205747605
0.6021411078717206 0.1 0.0005384556434818824
0.6037690962099129 0.1 0.000928892961266139
0.6058309037900879 0.1 0.001407746772178259
0.6083125364431491 0.1 0.00196526114119117
0.6112000000000004 0.1 0.0025919999999999997
0.6144793002915456 0.1 0.003278847147022074
0.6181364431486884 0.1 0.004017006247396917
0.6221574344023328 0.1 0.004798000832986255
0.6265282798833823 0.1 0.00561367430237401
0.6312349854227409 0.1 0.006456189920866304
0.6362635568513124 0.1 0.007318030820491461
0.6416000000000004 0.1 0.008192
0.6472303206997089 0.1 0.00907122032486464
0.6531405247813415 0.1 0.009949134527280298
0.6593166180758022 0.1 0.010819505206164096
0.6657446064139947 0.1 0.01167641482715535
0.6724104956268226 0.1 0.012514265722615575
0.67930029154519 0.1 0.013327780091628487
0.6864000000000005 0.1 0.014112
0.6936956268221579 0.1 0.014862287380258223
0.701173177842566 0.1 0.015574324031653479
0.7088186588921288 0.1 0.016244111620158264
0.7166180758017497 0.1 0.016867971678467306
0.7245574344023329 0.1 0.0174425456059975
0.7326227405247818 0.1 0.01796479466888796
0.7408000000000005 0.1 0.018431999999999997
0.7490752186588926 0.1 0.01884176259891711
0.757434402332362 0.1 0.019192003331945026
0.7658635568513125 0.1 0.01948096293211162
0.7743486880466477 0.1 0.019707201999167007
0.7828758017492716 0.1 0.0198696009995835
0.791430903790088 0.1 0.019967360266555594
0.8000000000000005 0.1 0.01999999999999999
0.808569096209913 0.1 0.0199673602665556
0.8171241982507293 0.1 0.0198696009995835
0.8256513119533533 0.1 0.019707201999167007
0.8341364431486886 0.1 0.0194809629321116
0.842565597667639 0.1 0.019192003331945026
0.8509247813411085 0.1 0.018841762598917122
0.8592000000000005 0.1 0.018432000000000004
0.8673772594752192 0.1 0.01796479466888795
0.8754425655976683 0.1 0.017442545605997506
0.8833819241982512 0.1 0.01686797167846729
0.8911813411078724 0.1 0.016244111620158264
0.8988268221574349 0.1 0.015574324031653486
0.9063043731778432 0.1 0.014862287380258216
0.9136000000000006 0.1 0.014112000000000013
0.9206997084548111 0.1 0.013327780091628494
0.9275895043731784 0.1 0.012514265722615547
0.9342553935860064 0.1 0.01167641482715534
0.9406833819241989 0.1 0.01081950520616412
0.9468594752186594 0.1 0.009949134527280301
0.9527696793002922 0.1 0.009071220324864626
0.9584000000000006 0.1 0.008192000000000005
0.9637364431486888 0.1 0.007318030820491456
0.9687650145772599 0.1 0.006456189920866273
0.9734717201166185 0.1 0.005613674302374
0.9778425655976681 0.1 0.004798000832986288
0.9818635568513124 0.1 0.004017006247396898
0.9855206997084553 0.1 0.0032788471470220903
0.9888000000000006 0.1 0.0025920000000000387
0.9916874635568519 0.1 0.001965261141191166
0.9941690962099131 0.1 0.0014077467721782533
0.9962309037900882 0.1 0.0009288929612661367
0.9978588921282805 0.1 0.0005384556434818721
0.9990390670553941 0.1 0.00024651062057473583
0.9997574344023329 0.1 6.345356101622457e-05
1.0000000000000007 0.1 0.0
1.0000000000000007 0.1 0.0
1.0000000000000007 0.1 0.0
1.0000000000000007 0.1 0.0
1.0000000000000007 0.1 0.0
1.0000000000000007 0.1 0.0
1.0000000000000007 0.1 0.0
1.0000000000000007 0.1 0.0
1.0000000000000007 0.1 0.0
1.0000000000000007 0.1 0.0
1.0000000000000007 0.1 0.0
1.0000000000000007 0.1 0.0
1.0000000000000007 0.1 0.0
1.0000000000000007 0.1 0.0
1.0000000000000007 0.1 0.0
1.0000000000000007 0.1 0.0
1.0000000000000007 0.1 0.0
1.0000000000000007 0.1 0.0
1.0000000000000007 0.1 0.0
1.0000000000000007 0.1 0.0
1.0000000000000007 0.1 0.0
1.0000000000000007 0.1 0.0
1.0000000000000007 0.1 0.0
1.0000000000000007 0.1 0.0
1.0000000000000007 0.1 0.0
1.0000000000000007 0.1 0.0
1.0000000000000007 0.1 0.0
1.0000000000000007 0.1 0.0
1.0000000000000007 0.1 0.0
1.0000000000000007 0.1 0.0
1.0000000000000007 0.1 0.0
1.0000000000000007 0.1 0.0
1.0000000000000007 0.1 0.0
1.0000000000000007 0.1 0.0
1.0000000000000007 0.1 0.0
1.0000000000000007 0.1 0.0
1.0000000000000007 0.1 0.0
1.0000000000000007 0.1 0.0
1.0000000000000007 0.1 0.0
1.0000000000000007 0.1 0.0
1.0000000000000007 0.1 0.0
1.0000000000000007 0.1 0.0
1.0000000000000007 0.1 0.0
1.0000000000000007 0.1 0.0
1.0000000000000007 0.1 0.0
1.0000000000000007 0.1 0.0
1.0000000000000007 0.1 0.0
1.0000000000000007 0.1 0.0
1.0000000000000007 0.1 0.0
1.0000000000000007 0.1 0.0
1.0000000000000007 0.1 0.0
1.0000000000000007 0.1 0.0
1.0000000000000007 0.1 0.0
1.0000000000000007 0.1 0.0
1.0000000000000007 0.1 0.0
1.0000000000000007 0.1 0.0
1.0000000000000007 0.1 0.0
1.0000000000000007 0.1 0.0
1.0000000000000007 0.1 0.0
1.0000000000000007 0.1 0.0
1.0000000000000007 0.1 0.0
1.0000000000000007 0.1 0.0
1.0000000000000007 0.1 0.0
1.0000000000000007 0.1 0.0
1.0000000000000007 0.1 0.0
1.0000000000000007 0.1 0.0
1.0000000000000007 0.1 0.0
1.0000000000000007 0.1 0.0
1.0000000000000007 0.1 0.0
1.0000000000000007 0.1 0.0
1.0000000000000007 0.1 0.0
1.0000000000000007 0.1 0.0
1.0000000000000007 0.1 0.0
1.0000000000000007 0.1 0.0
1.0000000000000007 0.1 0.0
1.0000000000000007 0.1 0.0
1.0000000000000007 0.1 0.0
1.0000000000000007 0.1 0.0
1.0000000000000007 0.1 0.0
1.0000000000000007 0.1 0.0
1.0000000000000007 0.1 0.0
1.0000000000000007 0.1 0.0
1.0000000000000007 0.1 0.0
1.0000000000000007 0.1 0.0
1.0000000000000007 0.1 0.0
1.0000000000000007 0.1 0.0
1.0000000000000007 0.1 0.0
1.0000000000000007 0.1 0.0
1.0000000000000007 0.1 0.0
1.0000000000000007 0.1 0.0
1.0000000000000007 0.1 0.0
1.0000000000000007 0.1 0.0
1.0000000000000007 0.1 0.0
1.0000000000000007 0.1 0.0
1.0000000000000007 0.1 0.0
1.0000000000000007 0.1 0.0
1.0000000000000007 0.1 0.0
1.0000000000000007 0.1 0.0
1.0000000000000007 0.1 0.0
1.0000000000000007 0.1 0.0
1.0000000000000007 0.1 0.0
1.0000000000000007 0.1 0.0
1.0000000000000007 0.1 0.0
1.0000000000000007 0.1 0.0
1.0000000000000007 0.1 0.0
1.0000000000000007 0.1 0.0
1.0000000000000007 0.1 0.0
1.0000000000000007 0.1 0.0
1.0000000000000007 0.1 0.0
1.0000000000000007 0.1 0.0
1.0000000000000007 0.1 0.0
1.0000000000000007 0.1 0.0
1.0000000000000007 0.1 0.0
1.0000000000000007 0.1 0.0
1.0000000000000007 0.1 0.0
1.0000000000000007 0.1 0.0
1.0000000000000007 0.1 0.0
1.0000000000000007 0.1 0.0
1.0000000000000007 0.1 0.0
1.0000000000000007 0.1 0.0
1.0000000000000007 0.1 0.0
1.0000000000000007 0.1 0.0
1.0000000000000007 0.1 0.0
1.0000000000000007 0.1 0.0
1.0000000000000007 0.1 0.0
1.0000000000000007 0.1 0.0
1.0000000000000007 0.1 0.0
1.0000000000000007 0.1 0.0
1.0000000000000007 0.1 0.0
1.0000000000000007 0.1 0.0
1.0000000000000007 0.1 0.0
1.0003038103232855 0.09999907825848664 6.345356101624323e-05
1.0012035562807058 0.09999634848554323 0.0002465106205747605
1.0026817103536105 0.09999186385856478 0.0005384556434818824
1.0047207450233488 0.09998567755494626 0.000928892961266139
1.0073031327712696 0.09997784275208271 0.001407746772178259
1.0104113460787216 0.09996841262736911 0.00196526114119117
1.014027857427054 0.09995744035820046 0.0025919999999999997
1.0181351392976157 0.09994497912197178 0.003278847147022074
1.0227156641717554 0.09993108209607805 0.004017006247396917
1.0277519045308225 0.09991580245791429 0.004798000832986255
1.0332263328561655 0.09989919338487548 0.00561367430237401
1.0391214216291338 0.09988130805435665 0.006456189920866304
1.045419643331076 0.09986219964375277 0.007318030820491461
1.0521034704433414 0.09984192133045885 0.008192
1.0591553754472787 0.09982052629186992 0.00907122032486464
1.0665578308242367 0.09979806770538095 0.009949134527280298
1.0742933090555649 0.09977459874838696 0.010819505206164096
1.0823442826226115 0.09975017259828292 0.01167641482715535
1.0906932240067262 0.09972484243246388 0.012514265722615575
1.0993226056892575 0.0996986614283248 0.013327780091628487
1.1082149001515544 0.0996716827632607 0.014112
1.1173525798749662 0.09964395961466659 0.014862287380258223
1.1267181173408414 0.09961554515993745 0.015574324031653479
1.1362939850305291 0.09958649257646829 0.016244111620158264
1.1460626554253783 0.09955685504165411 0.016867971678467306
1.1560066010067382 0.09952668573288993 0.0174425456059975
1.1661082942559573 0.09949603782757073 0.01796479466888796
1.1763502076543848 0.09946496450309152 0.018431999999999997
1.1867148136833696 0.09943351893684729 0.01884176259891711
1.1971845848242606 0.09940175430623306 0.019192003331945026
1.2077419935584068 0.09936972378864381 0.01948096293211162
1.2183695123671574 0.09933748056147457 0.019707201999167007
1.229049613731861 0.09930507780212032 0.0198696009995835
1.2397647701338668 0.09927256868797606 0.019967360266555594
1.2504974540545235 0.0992400063964368 0.01999999999999999
1.2612301379751802 0.09920744410489755 0.0199673602665556
1.2719452943771858 0.09917493499075329 0.0198696009995835
1.2826253957418896 0.09914253223139904 0.019707201999167007
1.29325291455064 0.0991102890042298 0.0194809629321116
1.3038103232847864 0.09907825848664055 0.019192003331945026
1.3142800944256774 0.09904649385602632 0.018841762598917122
1.3246447004546622 0.0990150482897821 0.018432000000000004
1.3348866138530897 0.09898397496530288 0.01796479466888795
1.3449883071023088 0.09895332705998368 0.017442545605997506
1.3549322526836685 0.0989231577512195 0.01686797167846729
1.3647009230785179 0.09889352021640532 0.016244111620158264
1.3742767907682056 0.09886446763293616 0.015574324031653486
1.3836423282340808 0.09883605317820703 0.014862287380258216
1.3927800079574926 0.09880833002961291 0.014112000000000013
1.4016723024197895 0.09878135136454881 0.013327780091628494
1.4103016841023208 0.09875517036040973 0.012514265722615547
1.4186506254864353 0.09872984019459069 0.01167641482715534
1.4267015990534822 0.09870541404448666 0.01081950520616412
1.43443707728481 0.09868194508749266 0.009949134527280301
1.4418395326617683 0.09865948650100369 0.009071220324864626
1.4488914376657056 0.09863809146241476 0.008192000000000005
1.455575264777971 0.09861781314912084 0.007318030820491456
1.461873486479913 0.09859870473851697 0.006456189920866273
1.4677685752528813 0.09858081940799814 0.005613674302374
1.4732430035782245 0.09856421033495932 0.004798000832986288
1.4782792439372914 0.09854893069679556 0.004017006247396898
1.4828597688114313 0.09853503367090183 0.0032788471470220903
1.486967050681993 0.09852257243467315 0.0025920000000000387
1.4905835620303254 0.0985116001655045 0.001965261141191166
1.4936917753377772 0.0985021700407909 0.0014077467721782533
1.4962741630856982 0.09849433523792735 0.0009288929612661367
1.4983131977554365 0.09848814893430884 0.0005384556434818721
1.4997913518283412 0.09848366430733038 0.00024651062057473583
1.5006910977857615 0.09848093453438697 6.345356101622457e-05
1.5009949081090463 0.0984800127928736 0.0
1.5009949081090463 0.0984800127928736 0.0
1.5009949081090463 0.0984800127928736 0.0
1.5009949081090463 0.0984800127928736 0.0
1.5009949081090463 0.0984800127928736 0.0
1.5009949081090463 0.0984800127928736 0.0
1.5009949081090463 0.0984800127928736 0.0
1.5009949081090463 0.0984800127928736 0.0
1.5009949081090463 0.0984800127928736 0.0
1.5009949081090463 0.0984800127928736 0.0
1.5009949081090463 0.0984800127928736 0.0
1.5009949081090463 0.0984800127928736 0.0
1.5009949081090463 0.0984800127928736 0.0
1.5009949081090463 0.0984800127928736 0.0
1.5009949081090463 0.0984800127928736 0.0
1.5009949081090463 0.0984800127928736 0.0
1.5009949081090463 0.0984800127928736 0.0
1.5009949081090463 0.0984800127928736 0.0
1.5009949081090463 0.0984800127928736 0.0
1.5009949081090463 0.0984800127928736 0.0
1.5009949081090463 0.0984800127928736 0.0
1.5009949081090463 0.0984800127928736 0.0
1.5009949081090463 0.0984800127928736 0.0
1.5009949081090463 0.0984800127928736 0.0
1.5009949081090463 0.0984800127928736 0.0
1.5009949081090463 0.0984800127928736 0.0
1.5009949081090463 0.0984800127928736 0.0
1.5009949081090463 0.0984800127928736 0.0
1.5009949081090463 0.0984800127928736 0.0
1.5009949081090463 0.0984800127928736 0.0
1.5009949081090463 0.0984800127928736 0.0
1.5009949081090463 0.0984800127928736 0.0
1.5009949081090463 0.0984800127928736 0.0
1.5009949081090463 0.0984800127928736 0.0
1.5009949081090463 0.0984800127928736 0.0
1.5009949081090463 0.0984800127928736 0.0
1.5009949081090463 0.0984800127928736 0.0
1.5009949081090463 0.0984800127928736 0.0
1.5009949081090463 0.0984800127928736 0.0
1.5009949081090463 0.0984800127928736 0.0
1.5009949081090463 0.0984800127928736 0.0
1.5009949081090463 0.0984800127928736 0.0
1.5009949081090463 0.0984800127928736 0.0
1.5009949081090463 0.0984800127928736 0.0
1.5009949081090463 0.0984800127928736 0.0
1.5009949081090463 0.0984800127928736 0.0
1.5009949081090463 0.0984800127928736 0.0
1.5009949081090463 0.0984800127928736 0.0
1.5009949081090463 0.0984800127928736 0.0
1.5009949081090463 0.0984800127928736 0.0
1.5009949081090463 0.0984800127928736 0.0
1.5009949081090463 0.0984800127928736 0.0
1.5009949081090463 0.0984800127928736 0.0
1.5009949081090463 0.0984800127928736 0.0
1.5009949081090463 0.0984800127928736 0.0
1.5009949081090463 0.0984800127928736 0.0
1.5009949081090463 0.0984800127928736 0.0
1.5009949081090463 0.0984800127928736 0.0
1.5009949081090463 0.0984800127928736 0.0
1.5009949081090463 0.0984800127928736 0.0
1.5009949081090463 0.0984800127928736 0.0
1.5009949081090463 0.0984800127928736 0.0
1.5009949081090463 0.0984800127928736 0.0
1.5009949081090463 0.0984800127928736 0.0
1.5009949081090463 0.0984800127928736 0.0
1.5009949081090463 0.0984800127928736 0.0
1.5009949081090463 0.0984800127928736 0.0
1.5009949081090463 0.0984800127928736 0.0
1.5009949081090463 0.0984800127928736 0.0
1.5009949081090463 0.0984800127928736 0.0
1.5009949081090463 0.0984800127928736 0.0
1.5009949081090463 0.0984800127928736 0.0
1.5009949081090463 0.0984800127928736 0.0
1.5009949081090463 0.0984800127928736 0.0
1.5009949081090463 0.0984800127928736 0.0
1.5009949081090463 0.0984800127928736 0.0
1.5009949081090463 0.0984800127928736 0.0
1.5009949081090463 0.0984800127928736 0.0
1.5009949081090463 0.0984800127928736 0.0
1.5009949081090463 0.0984800127928736 0.0
1.5009949081090463 0.0984800127928736 0.0
1.5009949081090463 0.0984800127928736 0.0
1.5009949081090463 0.0984800127928736 0.0
1.5009949081090463 0.0984800127928736 0.0
1.5009949081090463 0.0984800127928736 0.0
1.5009949081090463 0.0984800127928736 0.0
1.5009949081090463 0.0984800127928736 0.0
1.5009949081090463 0.0984800127928736 0.0
1.5009949081090463 0.0984800127928736 0.0
1.5009949081090463 0.0984800127928736 0.0
1.5009949081090463 0.0984800127928736 0.0
1.5009949081090463 0.0984800127928736 0.0
1.5009949081090463 0.0984800127928736 0.0
1.5009949081090463 0.0984800127928736 0.0
1.5009949081090463 0.0984800127928736 0.0
1.5009949081090463 0.0984800127928736 0.0
1.5009949081090463 0.0984800127928736 0.0
1.5009949081090463 0.0984800127928736 0.0
1.5009949081090463 0.0984800127928736 0.0
1.5009949081090463 0.0984800127928736 0.0
1.5009949081090463 0.0984800127928736 0.0
1.5009949081090463 0.0984800127928736 0.0
1.5009949081090463 0.0984800127928736 0.0
1.5009949081090463 0.0984800127928736 0.0
1.5009949081090463 0.0984800127928736 0.0
1.5009949081090463 0.0984800127928736 0.0
1.5009949081090463 0.0984800127928736 0.0
1.5009949081090463 0.0984800127928736 0.0
1.5009949081090463 0.0984800127928736 0.0
1.5009949081090463 0.0984800127928736 0.0
1.5009949081090463 0.0984800127928736 0.0
1.5009949081090463 0.0984800127928736 0.0
1.5009949081090463 0.0984800127928736 0.0
1.5009949081090463 0.0984800127928736 0.0
1.5009949081090463 0.0984800127928736 0.0
1.5009949081090463 0.0984800127928736 0.0
1.5009949081090463 0.0984800127928736 0.0
1.5009949081090463 0.0984800127928736 0.0
1.5009949081090463 0.0984800127928736 0.0
1.5009949081090463 0.0984800127928736 0.0
1.5009949081090463 0.0984800127928736 0.0
1.5009949081090463 0.0984800127928736 0.0
1.5009949081090463 0.0984800127928736 0.0
1.5009949081090463 0.0984800127928736 0.0
1.5009949081090463 0.0984800127928736 0.0
1.5009949081090463 0.0984800127928736 0.0
1.5009949081090463 0.0984800127928736 0.0
1.5009949081090463 0.0984800127928736 0.0
1.5009949081090463 0.0984800127928736 0.0
1.5009949081090463 0.0984800127928736 0.0
1.5009949081090463 0.0984800127928736 0.0
1.5013598898764973 0.09847269398832847 6.345356101624323e-05
1.5024407974185634 0.09845101906717559 0.0002465106205747605
1.5042165740948148 0.0984154102681387 0.0005384556434818824
1.5066661632648217 0.09836628982994157 0.000928892961266139
1.5097685082881545 0.09830407999130795 0.001407746772178259
1.5135025525243828 0.0982292029909616 0.00196526114119117
1.517847239333077 0.0981420810676263 0.0025919999999999997
1.5227815120738073 0.09804313646002577 0.003278847147022074
1.528284314106144 0.0979327914068838 0.004017006247396917
1.534334588789657 0.09781146814692412 0.004798000832986255
1.5409112794839162 0.0976795889188705 0.00561367430237401
1.5479933295484922 0.0975375759614467 0.006456189920866304
1.555559682342955 0.09738585151337649 0.007318030820491461
1.5635892812268746 0.0972248378133836 0.008192
1.5720610695598214 0.09705495710019181 0.00907122032486464
1.5809539907013652 0.09687663161252485 0.009949134527280298
1.5902469880110766 0.09669028358910652 0.010819505206164096
1.5999190048485252 0.09649633526866054 0.01167641482715535
1.6099489845732815 0.09629520888991068 0.012514265722615575
1.6203158705449154 0.09608732669158071 0.013327780091628487
1.6309986061229973 0.09587311091239437 0.014112
1.6419761346670974 0.09565298379107541 0.014862287380258223
1.6532273995367854 0.09542736756634762 0.015574324031653479
1.6647313440916318 0.09519668447693473 0.016244111620158264
1.6764669116912068 0.09496135676156052 0.016867971678467306
1.6884130456950803 0.09472180665894872 0.0174425456059975
1.7005486894628226 0.09447845640782311 0.01796479466888796
1.7128527863540035 0.09423172824690744 0.018431999999999997
1.7253042797281937 0.09398204441492546 0.01884176259891711
1.737882112944963 0.09372982715060094 0.019192003331945026
1.7505652293638816 0.09347549869265763 0.01948096293211162
1.7633325723445195 0.09321948127981929 0.019707201999167007
1.7761630852464472 0.09296219715080967 0.0198696009995835
1.7890357114292343 0.09270406854435254 0.019967360266555594
1.8019293942524515 0.09244551769917166 0.01999999999999999
1.8148230770756686 0.09218696685399078 0.0199673602665556
1.827695703258456 0.09192883824753365 0.0198696009995835
1.8405262161603835 0.09167155411852403 0.019707201999167007
1.8532935591410216 0.09141553670568568 0.0194809629321116
1.8659766755599403 0.09116120824774238 0.019192003331945026
1.8785545087767095 0.09090899098341786 0.018841762598917122
1.8910060021508994 0.09065930715143589 0.018432000000000004
1.9033100990420806 0.0904125789905202 0.01796479466888795
1.9154457428098228 0.09016922873939459 0.017442545605997506
1.9273918768136962 0.0899296786367828 0.01686797167846729
1.9391274444132711 0.08969435092140858 0.016244111620158264
1.9506313889681175 0.08946366783199569 0.015574324031653486
1.9618826538378058 0.08923805160726789 0.014862287380258216
1.9728601823819056 0.08901792448594895 0.014112000000000013
1.9835429179599875 0.0888037087067626 0.013327780091628494
1.9939098039316216 0.08859582650843263 0.012514265722615547
2.003939783656378 0.08839470012968277 0.01167641482715534
2.013611800493827 0.0882007518092368 0.01081950520616412
2.022904797803538 0.08801440378581846 0.009949134527280301
2.0317977189450818 0.08783607829815152 0.009071220324864626
2.0402695072780284 0.0876661975849597 0.008192000000000005
2.048299106161948 0.08750518388496682 0.007318030820491456
2.055865458956411 0.08735345943689661 0.006456189920866273
2.0629475090209866 0.0872114464794728 0.005613674302374
2.069524199715246 0.0870795672514192 0.004798000832986288
2.075574474398759 0.08695824399145952 0.004017006247396898
2.0810772764310954 0.08684789893831754 0.0032788471470220903
2.086011549171826 0.08674895433071701 0.0025920000000000387
2.0903562359805203 0.0866618324073817 0.001965261141191166
2.0940902802167485 0.08658695540703537 0.0014077467721782533
2.0971926252400817 0.08652474556840174 0.0009288929612661367
2.099642214410088 0.08647562513020461 0.0005384556434818721
2.1014179910863398 0.08644001633116773 0.00024651062057473583
2.1024988986284057 0.08641834141001484 6.345356101622457e-05
2.102863880395857 0.0864110226054697 0.0
2.102863880395857 0.0864110226054697 0.0
2.102863880395857 0.0864110226054697 0.0
2.102863880395857 0.0864110226054697 0.0
2.102863880395857 0.0864110226054697 0.0
2.102863880395857 0.0864110226054697 0.0
2.102863880395857 0.0864110226054697 0.0
2.102863880395857 0.0864110226054697 0.0
2.102863880395857 0.0864110226054697 0.0
2.102863880395857 0.0864110226054697 0.0
2.102863880395857 0.0864110226054697 0.0
2.102863880395857 0.0864110226054697 0.0
2.102863880395857 0.0864110226054697 0.0
2.102863880395857 0.0864110226054697 0.0
2.102863880395857 0.0864110226054697 0.0
2.102863880395857 0.0864110226054697 0.0
2.102863880395857 0.0864110226054697 0.0
2.102863880395857 0.0864110226054697 0.0
2.102863880395857 0.0864110226054697 0.0
2.102863880395857 0.0864110226054697 0.0
2.102863880395857 0.0864110226054697 0.0
2.102863880395857 0.0864110226054697 0.0
2.102863880395857 0.0864110226054697 0.0
2.102863880395857 0.0864110226054697 0.0
2.102863880395857 0.0864110226054697 0.0
2.102863880395857 0.0864110226054697 0.0
2.102863880395857 0.0864110226054697 0.0
2.102863880395857 0.0864110226054697 0.0
2.102863880395857 0.0864110226054697 0.0
2.102863880395857 0.0864110226054697 0.0
2.102863880395857 0.0864110226054697 0.0
2.102863880395857 0.0864110226054697 0.0
2.102863880395857 0.0864110226054697 0.0
2.102863880395857 0.0864110226054697 0.0
2.102863880395857 0.0864110226054697 0.0
2.102863880395857 0.0864110226054697 0.0
2.102863880395857 0.0864110226054697 0.0
2.102863880395857 0.0864110226054697 0.0
2.102863880395857 0.0864110226054697 0.0
2.102863880395857 0.0864110226054697 0.0
2.102863880395857 0.0864110226054697 0.0
2.102863880395857 0.0864110226054697 0.0
2.102863880395857 0.0864110226054697 0.0
2.102863880395857 0.0864110226054697 0.0
2.102863880395857 0.0864110226054697 0.0
2.102863880395857 0.0864110226054697 0.0
2.102863880395857 0.0864110226054697 0.0
2.102863880395857 0.0864110226054697 0.0
2.102863880395857 0.0864110226054697 0.0
2.102863880395857 0.0864110226054697 0.0
2.102863880395857 0.0864110226054697 0.0
2.102863880395857 0.0864110226054697 0.0
2.102863880395857 0.0864110226054697 0.0
2.102863880395857 0.0864110226054697 0.0
2.102863880395857 0.0864110226054697 0.0
2.102863880395857 0.0864110226054697 0.0
2.102863880395857 0.0864110226054697 0.0
2.102863880395857 0.0864110226054697 0.0
2.102863880395857 0.0864110226054697 0.0
2.102863880395857 0.0864110226054697 0.0
2.102863880395857 0.0864110226054697 0.0
2.102863880395857 0.0864110226054697 0.0
2.102863880395857 0.0864110226054697 0.0
2.102863880395857 0.0864110226054697 0.0
2.102863880395857 0.0864110226054697 0.0
2.102863880395857 0.0864110226054697 0.0
2.102863880395857 0.0864110226054697 0.0
2.102863880395857 0.0864110226054697 0.0
2.102863880395857 0.0864110226054697 0.0
2.102863880395857 0.0864110226054697 0.0
2.102863880395857 0.0864110226054697 0.0
2.102863880395857 0.0864110226054697 0.0
2.102863880395857 0.0864110226054697 0.0
2.102863880395857 0.0864110226054697 0.0
2.102863880395857 0.0864110226054697 0.0
2.102863880395857 0.0864110226054697 0.0
2.102863880395857 0.0864110226054697 0.0
2.102863880395857 0.0864110226054697 0.0
2.102863880395857 0.0864110226054697 0.0
2.102863880395857 0.0864110226054697 0.0
2.102863880395857 0.0864110226054697 0.0
2.102863880395857 0.0864110226054697 0.0
2.102863880395857 0.0864110226054697 0.0
2.102863880395857 0.0864110226054697 0.0
2.102863880395857 0.0864110226054697 0.0
2.102863880395857 0.0864110226054697 0.0
2.102863880395857 0.0864110226054697 0.0
2.102863880395857 0.0864110226054697 0.0
2.102863880395857 0.0864110226054697 0.0
2.102863880395857 0.0864110226054697 0.0
2.102863880395857 0.0864110226054697 0.0
2.102863880395857 0.0864110226054697 0.0
2.102863880395857 0.0864110226054697 0.0
2.102863880395857 0.0864110226054697 0.0
2.102863880395857 0.0864110226054697 0.0
2.102863880395857 0.0864110226054697 0.0
2.102863880395857 0.0864110226054697 0.0
2.102863880395857 0.0864110226054697 0.0
2.102863880395857 0.0864110226054697 0.0
2.102863880395857 0.0864110226054697 0.0
2.102863880395857 0.0864110226054697 0.0
2.102863880395857 0.0864110226054697 0.0
2.102863880395857 0.0864110226054697 0.0
2.102863880395857 0.0864110226054697 0.0
2.102863880395857 0.0864110226054697 0.0
2.102863880395857 0.0864110226054697 0.0
2.102863880395857 0.0864110226054697 0.0
2.102863880395857 0.0864110226054697 0.0
2.102863880395857 0.0864110226054697 0.0
2.102863880395857 0.0864110226054697 0.0
2.102863880395857 0.0864110226054697 0.0
2.102863880395857 0.0864110226054697 0.0
2.102863880395857 0.0864110226054697 0.0
2.102863880395857 0.0864110226054697 0.0
2.102863880395857 0.0864110226054697 0.0
2.102863880395857 0.0864110226054697 0.0
2.102863880395857 0.0864110226054697 0.0
2.102863880395857 0.0864110226054697 0.0
2.102863880395857 0.0864110226054697 0.0
2.102863880395857 0.0864110226054697 0.0
2.102863880395857 0.0864110226054697 0.0
2.102863880395857 0.0864110226054697 0.0
2.102863880395857 0.0864110226054697 0.0
2.102863880395857 0.0864110226054697 0.0
2.102863880395857 0.0864110226054697 0.0
2.102863880395857 0.0864110226054697 0.0
2.102863880395857 0.0864110226054697 0.0
2.102863880395857 0.0864110226054697 0.0
2.102863880395857 0.0864110226054697 0.0
2.102863880395857 0.0864110226054697 0.0
2.102863880395857 0.0864110226054697 0.0
2.1030753542090013 0.08639401682722135 6.345356101624323e-05
2.103701642040237 0.08634365356087047 0.0002465106205747605
2.1047305434772667 0.0862609139090083 0.0005384556434818824
2.106149858107794 0.08614677897422608 0.000928892961266139
2.107947385519522 0.0860022298591151 0.001407746772178259
2.110110925300154 0.08582824766626658 0.00196526114119117
2.112628277037393 0.08562581349827177 0.0025919999999999997
2.115487240318942 0.08539590845772194 0.003278847147022074
2.118675614732505 0.08513951364720833 0.004017006247396917
2.1221811998657842 0.0848576101693222 0.004798000832986255
2.1259917953064837 0.08455117912665477 0.00561367430237401
2.130095200642306 0.08422120162179733 0.006456189920866304
2.134479215460955 0.08386865875734112 0.007318030820491461
2.1391316393501336 0.08349453163587738 0.008192
2.1440402718975444 0.08309980135999737 0.00907122032486464
2.1491929126908915 0.08268544903229234 0.009949134527280298
2.1545773613178776 0.08225245575535353 0.010819505206164096
2.160181417366206 0.08180180263177221 0.01167641482715535
2.16599288042358 0.08133447076413963 0.012514265722615575
2.171999550077703 0.08085144125504702 0.013327780091628487
2.1781892259162774 0.08035369520708564 0.014112
2.1845497075270073 0.07984221372284676 0.014862287380258223
2.1910687944975957 0.07931797790492161 0.015574324031653479
2.1977342864157454 0.07878196885590144 0.016244111620158264
2.20453398286916 0.07823516767837752 0.016867971678467306
2.2114556834455423 0.07767855547494108 0.0174425456059975
2.218487187732596 0.07711311334818338 0.01796479466888796
2.225616295318024 0.07653982240069568 0.018431999999999997
2.2328308057895296 0.07595966373506922 0.01884176259891711
2.240118518734816 0.07537361845389526 0.019192003331945026
2.247467233741586 0.07478266765976503 0.01948096293211162
2.2548647503975436 0.07418779245526981 0.019707201999167007
2.2622988682903915 0.07358997394300082 0.0198696009995835
2.269757387007833 0.07299019322554934 0.019967360266555594
2.2772281061375717 0.0723894314055066 0.01999999999999999
2.2846988252673097 0.07178866958546387 0.0199673602665556
2.2921573439847513 0.07118888886801239 0.0198696009995835
2.299591461877599 0.07059107035574341 0.019707201999167007
2.306988978533557 0.06999619515124819 0.0194809629321116
2.314337693540327 0.06940524435711795 0.019192003331945026
2.321625406485613 0.068819199075944 0.018841762598917122
2.328839916957119 0.06823904041031753 0.018432000000000004
2.335969024542547 0.06766574946282983 0.01796479466888795
2.3430005288296005 0.06710030733607213 0.017442545605997506
2.349922229405983 0.0665436951326357 0.01686797167846729
2.3567219258593974 0.06599689395511177 0.016244111620158264
2.363387417777547 0.06546088490609162 0.015574324031653486
2.3699065047481356 0.06493664908816646 0.014862287380258216
2.3762669863588655 0.06442516760392757 0.014112000000000013
2.38245666219744 0.0639274215559662 0.013327780091628494
2.388463331851563 0.06344439204687359 0.012514265722615547
2.3942747949089367 0.06297706017924101 0.01167641482715534
2.3998788509572653 0.06252640705565968 0.01081950520616412
2.4052632995842513 0.06209341377872088 0.009949134527280301
2.4104159403775984 0.06167906145101584 0.009071220324864626
2.4153245729250092 0.061284331175135834 0.008192000000000005
2.4199769968141878 0.06091020405367209 0.007318030820491456
2.4243610116328362 0.06055766118921589 0.006456189920866273
2.428464416968659 0.06022768368435845 0.005613674302374
2.4322750124093586 0.059921252641691035 0.004798000832986288
2.435780597542638 0.059639349163804894 0.004017006247396898
2.438968971956201 0.05938295435329128 0.0032788471470220903
2.44182793523775 0.05915304931274145 0.0025920000000000387
2.444345286974989 0.05895061514474664 0.001965261141191166
2.446508826755621 0.058776632951898125 0.0014077467721782533
2.448306354167349 0.05863208383678713 0.0009288929612661367
2.449725668797876 0.05851794890200492 0.0005384556434818721
2.450754570234906 0.058435209250142756 0.00024651062057473583
2.4513808580661416 0.05838484598379187 6.345356101622457e-05
2.451592331879286 0.05836784020554351 0.0
2.451592331879286 0.05836784020554351 0.0
2.451592331879286 0.05836784020554351 0.0
2.451592331879286 0.05836784020554351 0.0
2.451592331879286 0.05836784020554351 0.0
2.451592331879286 0.05836784020554351 0.0
2.451592331879286 0.05836784020554351 0.0
2.451592331879286 0.05836784020554351 0.0
2.451592331879286 0.05836784020554351 0.0
2.451592331879286 0.05836784020554351 0.0
2.451592331879286 0.05836784020554351 0.0
2.451592331879286 0.05836784020554351 0.0
2.451592331879286 0.05836784020554351 0.0
2.451592331879286 0.05836784020554351 0.0
2.451592331879286 0.05836784020554351 0.0
2.451592331879286 0.05836784020554351 0.0
2.451592331879286 0.05836784020554351 0.0
2.451592331879286 0.05836784020554351 0.0
2.451592331879286 0.05836784020554351 0.0
2.451592331879286 0.05836784020554351 0.0
2.451592331879286 0.05836784020554351 0.0
2.451592331879286 0.05836784020554351 0.0
2.451592331879286 0.05836784020554351 0.0
2.451592331879286 0.05836784020554351 0.0
2.451592331879286 0.05836784020554351 0.0
2.451592331879286 0.05836784020554351 0.0
2.451592331879286 0.05836784020554351 0.0
2.451592331879286 0.05836784020554351 0.0
2.451592331879286 0.05836784020554351 0.0
2.451592331879286 0.05836784020554351 0.0
2.451592331879286 0.05836784020554351 0.0
2.451592331879286 0.05836784020554351 0.0
2.451592331879286 0.05836784020554351 0.0
2.451592331879286 0.05836784020554351 0.0
2.451592331879286 0.05836784020554351 0.0
2.451592331879286 0.05836784020554351 0.0
2.451592331879286 0.05836784020554351 0.0
2.451592331879286 0.05836784020554351 0.0
2.451592331879286 0.05836784020554351 0.0
2.451592331879286 0.05836784020554351 0.0
2.451592331879286 0.05836784020554351 0.0
2.451592331879286 0.05836784020554351 0.0
2.451592331879286 0.05836784020554351 0.0
2.451592331879286 0.05836784020554351 0.0
2.451592331879286 0.05836784020554351 0.0
2.451592331879286 0.05836784020554351 0.0
2.451592331879286 0.05836784020554351 0.0
2.451592331879286 0.05836784020554351 0.0
2.451592331879286 0.05836784020554351 0.0
2.451592331879286 0.05836784020554351 0.0
2.451592331879286 0.05836784020554351 0.0
2.451592331879286 0.05836784020554351 0.0
2.451592331879286 0.05836784020554351 0.0
2.451592331879286 0.05836784020554351 0.0
2.451592331879286 0.05836784020554351 0.0
2.451592331879286 0.05836784020554351 0.0
2.451592331879286 0.05836784020554351 0.0
2.451592331879286 0.05836784020554351 0.0
2.451592331879286 0.05836784020554351 0.0
2.451592331879286 0.05836784020554351 0.0
2.451592331879286 0.05836784020554351 0.0
2.451592331879286 0.05836784020554351 0.0
2.451592331879286 0.05836784020554351 0.0
2.451592331879286 0.05836784020554351 0.0
2.451592331879286 0.05836784020554351 0.0
2.451592331879286 0.05836784020554351 0.0
2.451592331879286 0.05836784020554351 0.0
2.451592331879286 0.05836784020554351 0.0
2.451592331879286 0.05836784020554351 0.0
2.451592331879286 0.05836784020554351 0.0
2.451592331879286 0.05836784020554351 0.0
2.451592331879286 0.05836784020554351 0.0
2.451592331879286 0.05836784020554351 0.0
2.451592331879286 0.05836784020554351 0.0
2.451592331879286 0.05836784020554351 0.0
2.451592331879286 0.05836784020554351 0.0
2.451592331879286 0.05836784020554351 0.0
2.451592331879286 0.05836784020554351 0.0
2.451592331879286 0.05836784020554351 0.0
2.451592331879286 0.05836784020554351 0.0
2.451592331879286 0.05836784020554351 0.0
2.451592331879286 0.05836784020554351 0.0
2.451592331879286 0.05836784020554351 0.0
2.451592331879286 0.05836784020554351 0.0
2.451592331879286 0.05836784020554351 0.0
2.451592331879286 0.05836784020554351 0.0
2.451592331879286 0.05836784020554351 0.0
2.451592331879286 0.05836784020554351 0.0
2.451592331879286 0.05836784020554351 0.0
2.451592331879286 0.05836784020554351 0.0
2.451592331879286 0.05836784020554351 0.0
2.451592331879286 0.05836784020554351 0.0
2.451592331879286 0.05836784020554351 0.0
2.451592331879286 0.05836784020554351 0.0
2.451592331879286 0.05836784020554351 0.0
2.451592331879286 0.05836784020554351 0.0
2.451592331879286 0.05836784020554351 0.0
2.451592331879286 0.05836784020554351 0.0
2.451592331879286 0.05836784020554351 0.0
2.451592331879286 0.05836784020554351 0.0
2.451592331879286 0.05836784020554351 0.0
2.451592331879286 0.05836784020554351 0.0
2.451592331879286 0.05836784020554351 0.0
2.451592331879286 0.05836784020554351 0.0
2.451592331879286 0.05836784020554351 0.0
2.451592331879286 0.05836784020554351 0.0
2.451592331879286 0.05836784020554351 0.0
2.451592331879286 0.05836784020554351 0.0
2.451592331879286 0.05836784020554351 0.0
2.451592331879286 0.05836784020554351 0.0
2.451592331879286 0.05836784020554351 0.0
2.451592331879286 0.05836784020554351 0.0
2.451592331879286 0.05836784020554351 0.0
2.451592331879286 0.05836784020554351 0.0
2.451592331879286 0.05836784020554351 0.0
2.451592331879286 0.05836784020554351 0.0
2.451592331879286 0.05836784020554351 0.0
2.451592331879286 0.05836784020554351 0.0
2.451592331879286 0.05836784020554351 0.0
2.451592331879286 0.05836784020554351 0.0
2.451592331879286 0.05836784020554351 0.0
2.451592331879286 0.05836784020554351 0.0
2.451592331879286 0.05836784020554351 0.0
2.451592331879286 0.05836784020554351 0.0
2.451592331879286 0.05836784020554351 0.0
2.451592331879286 0.05836784020554351 0.0
2.451592331879286 0.05836784020554351 0.0
2.451592331879286 0.05836784020554351 0.0
2.451592331879286 0.05836784020554351 0.0
2.451592331879286 0.05836784020554351 0.0
2.451592331879286 0.05836784020554351 0.0
2.4518010514592667 0.05832980723205506 6.345356101624323e-05
2.4524191825230557 0.05821717111826234 0.0002465106205747605
2.4534346835564236 0.05803212607417431 0.0005384556434818824
2.4548355130451402 0.057776866309799904 0.000928892961266139
2.456609629474976 0.05745358603514808 0.001407746772178259
2.458744991331702 0.05706447946022778 0.00196526114119117
2.4612295571010874 0.056611740795047966 0.0025919999999999997
2.4640512852689036 0.05609756424961758 0.003278847147022074
2.4671981343209204 0.05552414403394556 0.004017006247396917
2.470658062742908 0.05489367435804087 0.004798000832986255
2.474419029020637 0.05420834943191246 0.00561367430237401
2.478468991639878 0.053470363465569264 0.006456189920866304
2.482795909086401 0.05268191066902025 0.007318030820491461
2.487387739845977 0.05184518525227435 0.008192
2.492232442404375 0.05096238142534052 0.00907122032486464
2.4973179752473667 0.05003569339822771 0.009949134527280298
2.5026322968607215 0.04906731538094487 0.010819505206164096
2.5081633657302103 0.04805944158350095 0.01167641482715535
2.5138991403416027 0.04701426621590489 0.012514265722615575
2.5198275791806704 0.045933983488165644 0.013327780091628487
2.5259366407331822 0.04482078761029217 0.014112
2.5322142834849095 0.04367687279229341 0.014862287380258223
2.5386484659216224 0.04250443324417831 0.015574324031653479
2.545227146529091 0.04130566317595582 0.016244111620158264
2.551938283793086 0.04008275679763489 0.016867971678467306
2.5587698361993776 0.03883790831922447 0.0174425456059975
2.565709762233736 0.03757331195073351 0.01796479466888796
2.5727460203819317 0.03629116190217096 0.018431999999999997
2.579866569129735 0.034993652383545765 0.01884176259891711
2.5870593669629165 0.033682977604866875 0.019192003331945026
2.594312372367246 0.03236133177614324 0.01948096293211162
2.6016135438284937 0.031030909107383813 0.019707201999167007
2.608950839832431 0.02969390380859753 0.0198696009995835
2.6163122188648273 0.028352510089793358 0.019967360266555594
2.6236856394114536 0.027008922160980227 0.01999999999999999
2.6310590599580794 0.025665334232167103 0.0199673602665556
2.638420438990476 0.02432394051336293 0.0198696009995835
2.645757734994413 0.022986935214576648 0.019707201999167007
2.653058906455661 0.021656512545817214 0.0194809629321116
2.6603119118599903 0.02033486671709358 0.019192003331945026
2.667504709693172 0.01902419193841469 0.018841762598917122
2.674625258440975 0.017726682419789502 0.018432000000000004
2.6816615165891706 0.01644453237122695 0.01796479466888795
2.688601442623529 0.015179936002735983 0.017442545605997506
2.6954329950298206 0.013935087524325575 0.01686797167846729
2.7021441322938156 0.012712181146004635 0.016244111620158264
2.7087228129012844 0.011513411077782157 0.015574324031653486
2.7151569953379973 0.010340971529667044 0.014862287380258216
2.7214346380897245 0.009197056711668289 0.014112000000000013
2.7275436996422364 0.008083860833794816 0.013327780091628494
2.7334721384813037 0.0070035781060555705 0.012514265722615547
2.7392079130926965 0.005958402738459517 0.01167641482715534
2.7447389819621852 0.0049505289410155945 0.01081950520616412
2.75005330357554 0.003982150923732747 0.009949134527280301
2.7551388364185314 0.00305546289661994 0.009071220324864626
2.75998353897693 0.0021726590696861114 0.008192000000000005
2.764575369736505 0.0013359336529402063 0.007318030820491456
2.768902287183028 0.000547480856391204 0.006456189920866273
2.772952249802269 -0.00019050510995198555 0.005613674302374
2.7767132160799988 -0.0008758300360803967 0.004798000832986288
2.7801731445019864 -0.0015062997119850846 0.004017006247396898
2.783319993554003 -0.0020797199276571116 0.0032788471470220903
2.7861417217218194 -0.002593896473087498 0.0025920000000000387
2.788626287491205 -0.00304663513826732 0.001965261141191166
2.790761649347931 -0.0034357417131876053 0.0014077467721782533
2.7925357657777665 -0.0037590219878394504 0.0009288929612661367
2.793936595266483 -0.004014281752213855 0.0005384556434818721
2.794952096299851 -0.004199326796301868 0.00024651062057473583
2.79557022736364 -0.004311962910094579 6.345356101622457e-05
2.7957789469436207 -0.004349995883583049 0.0
2.7957789469436207 -0.004349995883583049 0.0
2.7957789469436207 -0.004349995883583049 0.0
2.7957789469436207 -0.004349995883583049 0.0
2.7957789469436207 -0.004349995883583049 0.0
2.7957789469436207 -0.004349995883583049 0.0
2.7957789469436207 -0.004349995883583049 0.0
2.7957789469436207 -0.004349995883583049 0.0
2.7957789469436207 -0.004349995883583049 0.0
2.7957789469436207 -0.004349995883583049 0.0
2.7957789469436207 -0.004349995883583049 0.0
2.7957789469436207 -0.004349995883583049 0.0
2.7957789469436207 -0.004349995883583049 0.0
2.7957789469436207 -0.004349995883583049 0.0
2.7957789469436207 -0.004349995883583049 0.0
2.7957789469436207 -0.004349995883583049 0.0
2.7957789469436207 -0.004349995883583049 0.0
2.7957789469436207 -0.004349995883583049 0.0
2.7957789469436207 -0.004349995883583049 0.0
2.7957789469436207 -0.004349995883583049 0.0
2.7957789469436207 -0.004349995883583049 0.0
2.7957789469436207 -0.004349995883583049 0.0
2.7957789469436207 -0.004349995883583049 0.0
2.7957789469436207 -0.004349995883583049 0.0
2.7957789469436207 -0.004349995883583049 0.0
2.7957789469436207 -0.004349995883583049 0.0
2.7957789469436207 -0.004349995883583049 0.0
2.7957789469436207 -0.004349995883583049 0.0
2.7957789469436207 -0.004349995883583049 0.0
2.7957789469436207 -0.004349995883583049 0.0
2.7957789469436207 -0.004349995883583049 0.0
2.7957789469436207 -0.004349995883583049 0.0
2.7957789469436207 -0.004349995883583049 0.0
2.7957789469436207 -0.004349995883583049 0.0
2.7957789469436207 -0.004349995883583049 0.0
2.7957789469436207 -0.004349995883583049 0.0
2.7957789469436207 -0.004349995883583049 0.0
2.7957789469436207 -0.004349995883583049 0.0
2.7957789469436207 -0.004349995883583049 0.0
2.7957789469436207 -0.004349995883583049 0.0
2.7957789469436207 -0.004349995883583049 0.0
2.7957789469436207 -0.004349995883583049 0.0
2.7957789469436207 -0.004349995883583049 0.0
2.7957789469436207 -0.004349995883583049 0.0
2.7957789469436207 -0.004349995883583049 0.0
2.7957789469436207 -0.004349995883583049 0.0
2.7957789469436207 -0.004349995883583049 0.0
2.7957789469436207 -0.004349995883583049 0.0
2.7957789469436207 -0.004349995883583049 0.0
2.7957789469436207 -0.004349995883583049 0.0
2.7957789469436207 -0.004349995883583049 0.0
2.7957789469436207 -0.004349995883583049 0.0
2.7957789469436207 -0.004349995883583049 0.0
2.7957789469436207 -0.004349995883583049 0.0
2.7957789469436207 -0.004349995883583049 0.0
2.7957789469436207 -0.004349995883583049 0.0
2.7957789469436207 -0.004349995883583049 0.0
2.7957789469436207 -0.004349995883583049 0.0
2.7957789469436207 -0.004349995883583049 0.0
2.7957789469436207 -0.004349995883583049 0.0
2.7957789469436207 -0.004349995883583049 0.0
2.7957789469436207 -0.004349995883583049 0.0
2.7957789469436207 -0.004349995883583049 0.0
2.7957789469436207 -0.004349995883583049 0.0
2.7957789469436207 -0.004349995883583049 0.0
2.7957789469436207 -0.004349995883583049 0.0
2.7957789469436207 -0.004349995883583049 0.0
2.7957789469436207 -0.004349995883583049 0.0
2.7957789469436207 -0.004349995883583049 0.0
2.7957789469436207 -0.004349995883583049 0.0
2.7957789469436207 -0.004349995883583049 0.0
2.7957789469436207 -0.004349995883583049 0.0
2.7957789469436207 -0.004349995883583049 0.0
2.7957789469436207 -0.004349995883583049 0.0
2.7957789469436207 -0.004349995883583049 0.0
2.7957789469436207 -0.004349995883583049 0.0
2.7957789469436207 -0.004349995883583049 0.0
2.7957789469436207 -0.004349995883583049 0.0
2.7957789469436207 -0.004349995883583049 0.0
2.7957789469436207 -0.004349995883583049 0.0
2.7957789469436207 -0.004349995883583049 0.0
2.7957789469436207 -0.004349995883583049 0.0
2.7957789469436207 -0.004349995883583049 0.0
2.7957789469436207 -0.004349995883583049 0.0
2.7957789469436207 -0.004349995883583049 0.0
2.7957789469436207 -0.004349995883583049 0.0
2.7957789469436207 -0.004349995883583049 0.0
2.7957789469436207 -0.004349995883583049 0.0
2.7957789469436207 -0.004349995883583049 0.0
2.7957789469436207 -0.004349995883583049 0.0
2.7957789469436207 -0.004349995883583049 0.0
2.7957789469436207 -0.004349995883583049 0.0
2.7957789469436207 -0.004349995883583049 0.0
2.7957789469436207 -0.004349995883583049 0.0
2.7957789469436207 -0.004349995883583049 0.0
2.7957789469436207 -0.004349995883583049 0.0
2.7957789469436207 -0.004349995883583049 0.0
2.7957789469436207 -0.004349995883583049 0.0
2.7957789469436207 -0.004349995883583049 0.0
2.7957789469436207 -0.004349995883583049 0.0
2.7957789469436207 -0.004349995883583049 0.0
2.7957789469436207 -0.004349995883583049 0.0
2.7957789469436207 -0.004349995883583049 0.0
2.7957789469436207 -0.004349995883583049 0.0
2.7957789469436207 -0.004349995883583049 0.0
2.7957789469436207 -0.004349995883583049 0.0
2.7957789469436207 -0.004349995883583049 0.0
2.7957789469436207 -0.004349995883583049 0.0
2.7957789469436207 -0.004349995883583049 0.0
2.7957789469436207 -0.004349995883583049 0.0
2.7957789469436207 -0.004349995883583049 0.0
2.7957789469436207 -0.004349995883583049 0.0
2.7957789469436207 -0.004349995883583049 0.0
2.7957789469436207 -0.004349995883583049 0.0
2.7957789469436207 -0.004349995883583049 0.0
2.7957789469436207 -0.004349995883583049 0.0
2.7957789469436207 -0.004349995883583049 0.0
2.7957789469436207 -0.004349995883583049 0.0
2.7957789469436207 -0.004349995883583049 0.0
2.7957789469436207 -0.004349995883583049 0.0
2.7957789469436207 -0.004349995883583049 0.0
2.7957789469436207 -0.004349995883583049 0.0
2.7957789469436207 -0.004349995883583049 0.0
2.7957789469436207 -0.004349995883583049 0.0
2.7957789469436207 -0.004349995883583049 0.0
2.7957789469436207 -0.004349995883583049 0.0
2.7957789469436207 -0.004349995883583049 0.0
2.7957789469436207 -0.004349995883583049 0.0
2.7957789469436207 -0.004349995883583049 0.0
2.7957789469436207 -0.004349995883583049 0.0
2.7957789469436207 -0.004349995883583049 0.0
2.795904929596885 -0.004393212068513496 6.345356101624323e-05
2.7962780320700142 -0.004521198462345972 0.0002465106205747605
2.796890986133012 -0.004731461823642183 0.0005384556434818824
2.797736523555883 -0.005021508910963834 0.000928892961266139
2.79880737610863 -0.00538884648287263 0.001407746772178259
2.800096275561258 -0.005830981297930275 0.00196526114119117
2.801595953683771 -0.006345420114698475 0.0025919999999999997
2.8032991422461726 -0.006929669691738935 0.003278847147022074
2.8051985730184663 -0.00758123678761336 0.004017006247396917
2.807286977770657 -0.008297628160883454 0.004798000832986255
2.809557088272748 -0.009076350570110924 0.00561367430237401
2.812001636294744 -0.009914910773857474 0.006456189920866304
2.814613353606648 -0.010810815530684807 0.007318030820491461
2.817384971978465 -0.01176157159915463 0.008192
2.820309223180198 -0.012764685737828648 0.00907122032486464
2.8233788389818515 -0.013817664705268566 0.009949134527280298
2.82658655115343 -0.01491801526003609 0.010819505206164096
2.8299250914649363 -0.01606324416069292 0.01167641482715535
2.833387191686375 -0.017250858165800773 0.012514265722615575
2.8369655835877503 -0.018478364033921342 0.013327780091628487
2.840652998939066 -0.019743268523616332 0.014112
2.8444421695103257 -0.02104307839344746 0.014862287380258223
2.848325827071534 -0.022375300401976415 0.015574324031653479
2.8522967033926947 -0.02373744130776491 0.016244111620158264
2.8563475302438115 -0.025127007869374652 0.016867971678467306
2.8604710393948882 -0.026541506845367345 0.0174425456059975
2.8646599626159297 -0.027978444994304692 0.01796479466888796
2.868907031676939 -0.029435329074748398 0.018431999999999997
2.8732049783479203 -0.03090966584526017 0.01884176259891711
2.877546534398878 -0.03239896206440171 0.019192003331945026
2.881924431599816 -0.03390072449073473 0.01948096293211162
2.8863314017207378 -0.03541245988282092 0.019707201999167007
2.8907601765316477 -0.036931674999222015 0.0198696009995835
2.8952034878025494 -0.03845587659849968 0.019967360266555594
2.8996540673034477 -0.03998257143921565 0.01999999999999999
2.9041046468043454 -0.041509266279931616 0.0199673602665556
2.9085479580752476 -0.04303346787920928 0.0198696009995835
2.9129767328861575 -0.04455268299561037 0.019707201999167007
2.9173837030070793 -0.04606441838769657 0.0194809629321116
2.921761600208017 -0.04756618081402959 0.019192003331945026
2.926103156258975 -0.04905547703317113 0.018841762598917122
2.9304011029299564 -0.0505298138036829 0.018432000000000004
2.9346481719909656 -0.051986697884126604 0.01796479466888795
2.938837095212007 -0.05342363603306396 0.017442545605997506
2.942960604363084 -0.054838135009056634 0.01686797167846729
2.9470114312142006 -0.056227701570666394 0.016244111620158264
2.9509823075353614 -0.05758984247645488 0.015574324031653486
2.9548659650965696 -0.05892206448498385 0.014862287380258216
2.9586551356678292 -0.060221874354814964 0.014112000000000013
2.962342551019145 -0.061486778844509954 0.013327780091628494
2.96592094292052 -0.06271428471263052 0.012514265722615547
2.969383043141959 -0.06390189871773837 0.01167641482715534
2.9727215834534655 -0.0650471276183952 0.01081950520616412
2.975929295625044 -0.06614747817316273 0.009949134527280301
2.9789989114266975 -0.06720045714060265 0.009071220324864626
2.9819231626284304 -0.06820357127927666 0.008192000000000005
2.9846947810002473 -0.0691543273477465 0.007318030820491456
2.9873064983121513 -0.07005023210457381 0.006456189920866273
2.9897510463341472 -0.07088879230832036 0.005613674302374
2.9920211568362385 -0.07166751471754783 0.004798000832986288
2.994109561588429 -0.07238390609081792 0.004017006247396898
2.9960089923607227 -0.07303547318669236 0.0032788471470220903
2.9977121809231244 -0.07361972276373281 0.0025920000000000387
2.999211859045637 -0.07413416158050101 0.001965261141191166
3.000500758498265 -0.07457629639555866 0.0014077467721782533
3.0015716110510127 -0.07494363396746748 0.0009288929612661367
3.0024171484738833 -0.07523368105478911 0.0005384556434818721
3.003030102536881 -0.0754439444160853 0.00024651062057473583
3.0034032050100103 -0.07557193080991778 6.345356101622457e-05
3.0035291876632746 -0.07561514699484825 0.0
3.0035291876632746 -0.07561514699484825 0.0
3.0035291876632746 -0.07561514699484825 0.0
3.0035291876632746 -0.07561514699484825 0.0
3.0035291876632746 -0.07561514699484825 0.0
3.0035291876632746 -0.07561514699484825 0.0
3.0035291876632746 -0.07561514699484825 0.0
3.0035291876632746 -0.07561514699484825 0.0
3.0035291876632746 -0.07561514699484825 0.0
3.0035291876632746 -0.07561514699484825 0.0
3.0035291876632746 -0.07561514699484825 0.0
3.0035291876632746 -0.07561514699484825 0.0
3.0035291876632746 -0.07561514699484825 0.0
3.0035291876632746 -0.07561514699484825 0.0
3.0035291876632746 -0.07561514699484825 0.0
3.0035291876632746 -0.07561514699484825 0.0
3.0035291876632746 -0.07561514699484825 0.0
3.0035291876632746 -0.07561514699484825 0.0
3.0035291876632746 -0.07561514699484825 0.0
3.0035291876632746 -0.07561514699484825 0.0
3.0035291876632746 -0.07561514699484825 0.0
3.0035291876632746 -0.07561514699484825 0.0
3.0035291876632746 -0.07561514699484825 0.0
3.0035291876632746 -0.07561514699484825 0.0
3.0035291876632746 -0.07561514699484825 0.0
3.0035291876632746 -0.07561514699484825 0.0
3.0035291876632746 -0.07561514699484825 0.0
3.0035291876632746 -0.07561514699484825 0.0
3.0035291876632746 -0.07561514699484825 0.0
3.0035291876632746 -0.07561514699484825 0.0
3.0035291876632746 -0.07561514699484825 0.0
3.0035291876632746 -0.07561514699484825 0.0
3.0035291876632746 -0.07561514699484825 0.0
3.0035291876632746 -0.07561514699484825 0.0
3.0035291876632746 -0.07561514699484825 0.0
3.0035291876632746 -0.07561514699484825 0.0
3.0035291876632746 -0.07561514699484825 0.0
3.0035291876632746 -0.07561514699484825 0.0
3.0035291876632746 -0.07561514699484825 0.0
3.0035291876632746 -0.07561514699484825 0.0
3.0035291876632746 -0.07561514699484825 0.0
3.0035291876632746 -0.07561514699484825 0.0
3.0035291876632746 -0.07561514699484825 0.0
3.0035291876632746 -0.07561514699484825 0.0
3.0035291876632746 -0.07561514699484825 0.0
3.0035291876632746 -0.07561514699484825 0.0
3.0035291876632746 -0.07561514699484825 0.0
3.0035291876632746 -0.07561514699484825 0.0
3.0035291876632746 -0.07561514699484825 0.0
3.0035291876632746 -0.07561514699484825 0.0
3.0035291876632746 -0.07561514699484825 0.0
3.0035291876632746 -0.07561514699484825 0.0
3.0035291876632746 -0.07561514699484825 0.0
3.0035291876632746 -0.07561514699484825 0.0
3.0035291876632746 -0.07561514699484825 0.0
3.0035291876632746 -0.07561514699484825 0.0
3.0035291876632746 -0.07561514699484825 0.0
3.0035291876632746 -0.07561514699484825 0.0
3.0035291876632746 -0.07561514699484825 0.0
3.0035291876632746 -0.07561514699484825 0.0
3.0035291876632746 -0.07561514699484825 0.0
3.0035291876632746 -0.07561514699484825 0.0
3.0035291876632746 -0.07561514699484825 0.0
3.0035291876632746 -0.07561514699484825 0.0
3.0035291876632746 -0.07561514699484825 0.0
3.0035291876632746 -0.07561514699484825 0.0
3.0035291876632746 -0.07561514699484825 0.0
3.0035291876632746 -0.07561514699484825 0.0
3.0035291876632746 -0.07561514699484825 0.0
3.0035291876632746 -0.07561514699484825 0.0
3.0035291876632746 -0.07561514699484825 0.0
3.0035291876632746 -0.07561514699484825 0.0
3.0035291876632746 -0.07561514699484825 0.0
3.0035291876632746 -0.07561514699484825 0.0
3.0035291876632746 -0.07561514699484825 0.0
3.0035291876632746 -0.07561514699484825 0.0
3.0035291876632746 -0.07561514699484825 0.0
3.0035291876632746 -0.07561514699484825 0.0
3.0035291876632746 -0.07561514699484825 0.0
3.0035291876632746 -0.07561514699484825 0.0
3.0035291876632746 -0.07561514699484825 0.0
3.0035291876632746 -0.07561514699484825 0.0
3.0035291876632746 -0.07561514699484825 0.0
3.0035291876632746 -0.07561514699484825 0.0
3.0035291876632746 -0.07561514699484825 0.0
3.0035291876632746 -0.07561514699484825 0.0
3.0035291876632746 -0.07561514699484825 0.0
3.0035291876632746 -0.07561514699484825 0.0
3.0035291876632746 -0.07561514699484825 0.0
3.0035291876632746 -0.07561514699484825 0.0
3.0035291876632746 -0.07561514699484825 0.0
3.0035291876632746 -0.07561514699484825 0.0
3.0035291876632746 -0.07561514699484825 0.0
3.0035291876632746 -0.07561514699484825 0.0
3.0035291876632746 -0.07561514699484825 0.0
3.0035291876632746 -0.07561514699484825 0.0
3.0035291876632746 -0.07561514699484825 0.0
3.0035291876632746 -0.07561514699484825 0.0
3.0035291876632746 -0.07561514699484825 0.0
3.0035291876632746 -0.07561514699484825 0.0
3.0035291876632746 -0.07561514699484825 0.0
3.0035291876632746 -0.07561514699484825 0.0
3.0035291876632746 -0.07561514699484825 0.0
3.0035291876632746 -0.07561514699484825 0.0
3.0035291876632746 -0.07561514699484825 0.0
3.0035291876632746 -0.07561514699484825 0.0
3.0035291876632746 -0.07561514699484825 0.0
3.0035291876632746 -0.07561514699484825 0.0
3.0035291876632746 -0.07561514699484825 0.0
3.0035291876632746 -0.07561514699484825 0.0
3.0035291876632746 -0.07561514699484825 0.0
3.0035291876632746 -0.07561514699484825 0.0
3.0035291876632746 -0.07561514699484825 0.0
3.0035291876632746 -0.07561514699484825 0.0
3.0035291876632746 -0.07561514699484825 0.0
3.0035291876632746 -0.07561514699484825 0.0
3.0035291876632746 -0.07561514699484825 0.0
3.0035291876632746 -0.07561514699484825 0.0
3.0035291876632746 -0.07561514699484825 0.0
3.0035291876632746 -0.07561514699484825 0.0
3.0035291876632746 -0.07561514699484825 0.0
3.0035291876632746 -0.07561514699484825 0.0
3.0035291876632746 -0.07561514699484825 0.0
3.0035291876632746 -0.07561514699484825 0.0
3.0035291876632746 -0.07561514699484825 0.0
3.0035291876632746 -0.07561514699484825 0.0
3.0035291876632746 -0.07561514699484825 0.0
3.0035291876632746 -0.07561514699484825 0.0
3.0035291876632746 -0.07561514699484825 0.0
3.0035291876632746 -0.07561514699484825 0.0
