[0.28536883 0.28536883 0.28536883 0.30012128 0.30048047 0.30107055
 0.30188455 0.30291545 0.30415627 0.3056     0.30723965 0.30906822
 0.31107872 0.31326414 0.31561749 0.31813178 0.3208     0.32361516
 0.32657026 0.32965831 0.3328723  0.33620525 0.33965015 0.3432
 0.34684781 0.35058659 0.35440933 0.35830904 0.36227872 0.36631137
 0.3704    ] 
[0.04649409 0.04649409 0.04649409 0.1        0.1        0.1
 0.1        0.1        0.1        0.1        0.1        0.1
 0.1        0.1        0.1        0.1        0.1        0.1
 0.1        0.1        0.1        0.1        0.1        0.1
 0.1        0.1        0.1        0.1        0.1        0.1
 0.1       ] 
[1.08946542e-01 1.08946542e-01 1.08946542e-01 6.34535610e-05
 2.46510621e-04 5.38455643e-04 9.28892961e-04 1.40774677e-03
 1.96526114e-03 2.59200000e-03 3.27884715e-03 4.01700625e-03
 4.79800083e-03 5.61367430e-03 6.45618992e-03 7.31803082e-03
 8.19200000e-03 9.07122032e-03 9.94913453e-03 1.08195052e-02
 1.16764148e-02 1.25142657e-02 1.33277801e-02 1.41120000e-02
 1.48622874e-02 1.55743240e-02 1.62441116e-02 1.68679717e-02
 1.74425456e-02 1.79647947e-02 1.84320000e-02]