1.0310923973763693e-17 0.10163857612916291 -1.3877787807814457e-17
1.0310923973763693e-17 0.10163857612916291 -1.3877787807814457e-17
1.0310923973763693e-17 0.10163857612916291 -1.3877787807814457e-17
1.0310923973763693e-17 0.10163857612916291 -1.3877787807814457e-17
1.0310923973763693e-17 0.10163857612916291 -1.3877787807814457e-17
1.0310923973763693e-17 0.10163857612916291 -1.3877787807814457e-17
1.0310923973763693e-17 0.10163857612916291 -1.3877787807814457e-17
1.0310923973763693e-17 0.10163857612916291 -1.3877787807814457e-17
1.0310923973763693e-17 0.10163857612916291 -1.3877787807814457e-17
1.0310923973763693e-17 0.10163857612916291 -1.3877787807814457e-17
1.0310923973763693e-17 0.10163857612916291 -1.3877787807814457e-17
1.0310923973763693e-17 0.10163857612916291 -1.3877787807814457e-17
1.0310923973763693e-17 0.10163857612916291 -1.3877787807814457e-17
1.0310923973763693e-17 0.10163857612916291 -1.3877787807814457e-17
1.0310923973763693e-17 0.10163857612916291 -1.3877787807814457e-17
1.0310923973763693e-17 0.10163857612916291 -1.3877787807814457e-17
1.0310923973763693e-17 0.10163857612916291 -1.3877787807814457e-17
1.0310923973763693e-17 0.10163857612916291 -1.3877787807814457e-17
1.0310923973763693e-17 0.10163857612916291 -1.3877787807814457e-17
1.0310923973763693e-17 0.10163857612916291 -1.3877787807814457e-17
1.0310923973763693e-17 0.10163857612916291 -1.3877787807814457e-17
1.0310923973763693e-17 0.10163857612916291 -1.3877787807814457e-17
1.0310923973763693e-17 0.10163857612916291 -1.3877787807814457e-17
1.0310923973763693e-17 0.10163857612916291 -1.3877787807814457e-17
1.0310923973763693e-17 0.10163857612916291 -1.3877787807814457e-17
1.0310923973763693e-17 0.10163857612916291 -1.3877787807814457e-17
1.0310923973763693e-17 0.10163857612916291 -1.3877787807814457e-17
1.0310923973763693e-17 0.10163857612916291 -1.3877787807814457e-17
1.0310923973763693e-17 0.10163857612916291 -1.3877787807814457e-17
1.0310923973763693e-17 0.10163857612916291 -1.3877787807814457e-17
1.0310923973763693e-17 0.10163857612916291 -1.3877787807814457e-17
1.0310923973763693e-17 0.10163857612916291 -1.3877787807814457e-17
1.0310923973763693e-17 0.10163857612916291 -1.3877787807814457e-17
1.0310923973763693e-17 0.10163857612916291 -1.3877787807814457e-17
1.0310923973763693e-17 0.10163857612916291 -1.3877787807814457e-17
1.0310923973763693e-17 0.10163857612916291 -1.3877787807814457e-17
1.0310923973763693e-17 0.10163857612916291 -1.3877787807814457e-17
1.0310923973763693e-17 0.10163857612916291 -1.3877787807814457e-17
1.0310923973763693e-17 0.10163857612916291 -1.3877787807814457e-17
1.0310923973763693e-17 0.10163857612916291 -1.3877787807814457e-17
1.0310923973763693e-17 0.10163857612916291 -1.3877787807814457e-17
1.0310923973763693e-17 0.10163857612916291 -1.3877787807814457e-17
1.0310923973763693e-17 0.10163857612916291 -1.3877787807814457e-17
1.0310923973763693e-17 0.10163857612916291 -1.3877787807814457e-17
1.0310923973763693e-17 0.10163857612916291 -1.3877787807814457e-17
1.0310923973763693e-17 0.10163857612916291 -1.3877787807814457e-17
1.0310923973763693e-17 0.10163857612916291 -1.3877787807814457e-17
1.0310923973763693e-17 0.10163857612916291 -1.3877787807814457e-17
1.0310923973763693e-17 0.10163857612916291 -1.3877787807814457e-17
1.0310923973763693e-17 0.10163857612916291 -1.3877787807814457e-17
1.0310923973763693e-17 0.10163857612916291 -1.3877787807814457e-17
1.0310923973763693e-17 0.10163857612916291 -1.3877787807814457e-17
1.0310923973763693e-17 0.10163857612916291 -1.3877787807814457e-17
1.0310923973763693e-17 0.10163857612916291 -1.3877787807814457e-17
1.0310923973763693e-17 0.10163857612916291 -1.3877787807814457e-17
1.0310923973763693e-17 0.10163857612916291 -1.3877787807814457e-17
1.0310923973763693e-17 0.10163857612916291 -1.3877787807814457e-17
1.0310923973763693e-17 0.10163857612916291 -1.3877787807814457e-17
1.0310923973763693e-17 0.10163857612916291 -1.3877787807814457e-17
1.0310923973763693e-17 0.10163857612916291 -1.3877787807814457e-17
1.0310923973763693e-17 0.10163857612916291 -1.3877787807814457e-17
1.0310923973763693e-17 0.10163857612916291 -1.3877787807814457e-17
1.0310923973763693e-17 0.10163857612916291 -1.3877787807814457e-17
1.0310923973763693e-17 0.10163857612916291 -1.3877787807814457e-17
1.0310923973763693e-17 0.10163857612916291 -1.3877787807814457e-17
1.0310923973763693e-17 0.10163857612916291 -1.3877787807814457e-17
1.0310923973763693e-17 0.10163857612916291 -1.3877787807814457e-17
1.0310923973763693e-17 0.10163857612916291 -1.3877787807814457e-17
1.0310923973763693e-17 0.10163857612916291 -1.3877787807814457e-17
1.0310923973763693e-17 0.10163857612916291 -1.3877787807814457e-17
1.0310923973763693e-17 0.10163857612916291 -1.3877787807814457e-17
1.0310923973763693e-17 0.10163857612916291 -1.3877787807814457e-17
1.0310923973763693e-17 0.10163857612916291 -1.3877787807814457e-17
1.0310923973763693e-17 0.10163857612916291 -1.3877787807814457e-17
1.0310923973763693e-17 0.10163857612916291 -1.3877787807814457e-17
1.0310923973763693e-17 0.10163857612916291 -1.3877787807814457e-17
1.0310923973763693e-17 0.10163857612916291 -1.3877787807814457e-17
1.0310923973763693e-17 0.10163857612916291 -1.3877787807814457e-17
1.0310923973763693e-17 0.10163857612916291 -1.3877787807814457e-17
1.0310923973763693e-17 0.10163857612916291 -1.3877787807814457e-17
1.0310923973763693e-17 0.10163857612916291 -1.3877787807814457e-17
1.0310923973763693e-17 0.10163857612916291 -1.3877787807814457e-17
1.0310923973763693e-17 0.10163857612916291 -1.3877787807814457e-17
1.0310923973763693e-17 0.10163857612916291 -1.3877787807814457e-17
1.0310923973763693e-17 0.10163857612916291 -1.3877787807814457e-17
1.0310923973763693e-17 0.10163857612916291 -1.3877787807814457e-17
1.0310923973763693e-17 0.10163857612916291 -1.3877787807814457e-17
1.0310923973763693e-17 0.10163857612916291 -1.3877787807814457e-17
1.0310923973763693e-17 0.10163857612916291 -1.3877787807814457e-17
1.0310923973763693e-17 0.10163857612916291 -1.3877787807814457e-17
1.0310923973763693e-17 0.10163857612916291 -1.3877787807814457e-17
1.0310923973763693e-17 0.10163857612916291 -1.3877787807814457e-17
1.0310923973763693e-17 0.10163857612916291 -1.3877787807814457e-17
1.0310923973763693e-17 0.10163857612916291 -1.3877787807814457e-17
1.0310923973763693e-17 0.10163857612916291 -1.3877787807814457e-17
1.0310923973763693e-17 0.10163857612916291 -1.3877787807814457e-17
1.0310923973763693e-17 0.10163857612916291 -1.3877787807814457e-17
1.0310923973763693e-17 0.10163857612916291 -1.3877787807814457e-17
1.0310923973763693e-17 0.10163857612916291 -1.3877787807814457e-17
1.0310923973763693e-17 0.10163857612916291 -1.3877787807814457e-17
1.0310923973763693e-17 0.10163857612916291 -1.3877787807814457e-17
1.0310923973763693e-17 0.10163857612916291 -1.3877787807814457e-17
1.0310923973763693e-17 0.10163857612916291 -1.3877787807814457e-17
1.0310923973763693e-17 0.10163857612916291 -1.3877787807814457e-17
1.0310923973763693e-17 0.10163857612916291 -1.3877787807814457e-17
1.0310923973763693e-17 0.10163857612916291 -1.3877787807814457e-17
1.0310923973763693e-17 0.10163857612916291 -1.3877787807814457e-17
1.0310923973763693e-17 0.10163857612916291 -1.3877787807814457e-17
1.0310923973763693e-17 0.10163857612916291 -1.3877787807814457e-17
1.0310923973763693e-17 0.10163857612916291 -1.3877787807814457e-17
1.0310923973763693e-17 0.10163857612916291 -1.3877787807814457e-17
1.0310923973763693e-17 0.10163857612916291 -1.3877787807814457e-17
1.0310923973763693e-17 0.10163857612916291 -1.3877787807814457e-17
1.0310923973763693e-17 0.10163857612916291 -1.3877787807814457e-17
1.0310923973763693e-17 0.10163857612916291 -1.3877787807814457e-17
1.0310923973763693e-17 0.10163857612916291 -1.3877787807814457e-17
1.0310923973763693e-17 0.10163857612916291 -1.3877787807814457e-17
1.0310923973763693e-17 0.10163857612916291 -1.3877787807814457e-17
1.0310923973763693e-17 0.10163857612916291 -1.3877787807814457e-17
1.0310923973763693e-17 0.10163857612916291 -1.3877787807814457e-17
1.0310923973763693e-17 0.10163857612916291 -1.3877787807814457e-17
1.0310923973763693e-17 0.10163857612916291 -1.3877787807814457e-17
1.0310923973763693e-17 0.10163857612916291 -1.3877787807814457e-17
1.0310923973763693e-17 0.10163857612916291 -1.3877787807814457e-17
1.0310923973763693e-17 0.10163857612916291 -1.3877787807814457e-17
1.0310923973763693e-17 0.10163857612916291 -1.3877787807814457e-17
1.0310923973763693e-17 0.10163857612916291 -1.3877787807814457e-17
1.0310923973763693e-17 0.10163857612916291 -1.3877787807814457e-17
1.0310923973763693e-17 0.10163857612916291 -1.3877787807814457e-17
1.0310923973763693e-17 0.10163857612916291 -1.3877787807814457e-17
1.0310923973763693e-17 0.10163857612916291 -1.3877787807814457e-17
1.0310923973763693e-17 0.10163857612916291 -1.3877787807814457e-17
1.0310923973763693e-17 0.10163857612916291 -1.3877787807814457e-17
1.0310923973763693e-17 0.10163857612916291 -1.3877787807814457e-17
1.0310923973763693e-17 0.10163857612916291 -1.3877787807814457e-17
1.0310923973763693e-17 0.10163857612916291 -1.3877787807814457e-17
1.0310923973763693e-17 0.10163857612916291 -1.3877787807814457e-17
1.0310923973763693e-17 0.10163857612916291 -1.3877787807814457e-17
1.0310923973763693e-17 0.10163857612916291 -1.3877787807814457e-17
1.0310923973763693e-17 0.10163857612916291 -1.3877787807814457e-17
1.0310923973763693e-17 0.10163857612916291 -1.3877787807814457e-17
1.0310923973763693e-17 0.10163857612916291 -1.3877787807814457e-17
1.0310923973763693e-17 0.10163857612916291 -1.3877787807814457e-17
1.0310923973763693e-17 0.10163857612916291 -1.3877787807814457e-17
1.0310923973763693e-17 0.10163857612916291 -1.3877787807814457e-17
1.0310923973763693e-17 0.10163857612916291 -1.3877787807814457e-17
1.0310923973763693e-17 0.10163857612916291 -1.3877787807814457e-17
1.0310923973763693e-17 0.10163857612916291 -1.3877787807814457e-17
1.0310923973763693e-17 0.10163857612916291 -1.3877787807814457e-17
1.0310923973763693e-17 0.10163857612916291 -1.3877787807814457e-17
1.0310923973763693e-17 0.10163857612916291 -1.3877787807814457e-17
1.0310923973763693e-17 0.10163857612916291 -1.3877787807814457e-17
1.0310923973763693e-17 0.10163857612916291 -1.3877787807814457e-17
1.0310923973763693e-17 0.10163857612916291 -1.3877787807814457e-17
1.0310923973763693e-17 0.10163857612916291 -1.3877787807814457e-17
1.0310923973763693e-17 0.10163857612916291 -1.3877787807814457e-17
1.0310923973763693e-17 0.10163857612916291 -1.3877787807814457e-17
1.0310923973763693e-17 0.10163857612916291 -1.3877787807814457e-17
1.0310923973763693e-17 0.10163857612916291 -1.3877787807814457e-17
1.0310923973763693e-17 0.10163857612916291 -1.3877787807814457e-17
1.0310923973763693e-17 0.10163857612916291 -1.3877787807814457e-17
1.0310923973763693e-17 0.10163857612916291 -1.3877787807814457e-17
1.0310923973763693e-17 0.10163857612916291 -1.3877787807814457e-17
1.0310923973763693e-17 0.10163857612916291 -1.3877787807814457e-17
1.0310923973763693e-17 0.10163857612916291 -1.3877787807814457e-17
1.0310923973763693e-17 0.10163857612916291 -1.3877787807814457e-17
1.0310923973763693e-17 0.10163857612916291 -1.3877787807814457e-17
1.0310923973763693e-17 0.10163857612916291 -1.3877787807814457e-17
1.0310923973763693e-17 0.10163857612916291 -1.3877787807814457e-17
1.0310923973763693e-17 0.10163857612916291 -1.3877787807814457e-17
1.0310923973763693e-17 0.10163857612916291 -1.3877787807814457e-17
1.0310923973763693e-17 0.10163857612916291 -1.3877787807814457e-17
1.0310923973763693e-17 0.10163857612916291 -1.3877787807814457e-17
1.0310923973763693e-17 0.10163857612916291 -1.3877787807814457e-17
1.0310923973763693e-17 0.10163857612916291 -1.3877787807814457e-17
1.0310923973763693e-17 0.10163857612916291 -1.3877787807814457e-17
1.0310923973763693e-17 0.10163857612916291 -1.3877787807814457e-17
1.0310923973763693e-17 0.10163857612916291 -1.3877787807814457e-17
1.0310923973763693e-17 0.10163857612916291 -1.3877787807814457e-17
1.0310923973763693e-17 0.10163857612916291 -1.3877787807814457e-17
1.0310923973763693e-17 0.10163857612916291 -1.3877787807814457e-17
1.0310923973763693e-17 0.10163857612916291 -1.3877787807814457e-17
1.0310923973763693e-17 0.10163857612916291 -1.3877787807814457e-17
1.0310923973763693e-17 0.10163857612916291 -1.3877787807814457e-17
1.0310923973763693e-17 0.10163857612916291 -1.3877787807814457e-17
1.0310923973763693e-17 0.10163857612916291 -1.3877787807814457e-17
1.0310923973763693e-17 0.10163857612916291 -1.3877787807814457e-17
1.0310923973763693e-17 0.10163857612916291 -1.3877787807814457e-17
1.0310923973763693e-17 0.10163857612916291 -1.3877787807814457e-17
1.0310923973763693e-17 0.10163857612916291 -1.3877787807814457e-17
1.0310923973763693e-17 0.10163857612916291 -1.3877787807814457e-17
1.0310923973763693e-17 0.10163857612916291 -1.3877787807814457e-17
1.0310923973763693e-17 0.10163857612916291 -1.3877787807814457e-17
1.0310923973763693e-17 0.10163857612916291 -1.3877787807814457e-17
1.0310923973763693e-17 0.10163857612916291 -1.3877787807814457e-17
1.0310923973763693e-17 0.10163857612916291 -1.3877787807814457e-17
1.0310923973763693e-17 0.10163857612916291 -1.3877787807814457e-17
1.0310923973763693e-17 0.10163857612916291 -1.3877787807814457e-17
1.0310923973763693e-17 0.10163857612916291 -1.3877787807814457e-17
1.0310923973763693e-17 0.10163857612916291 -1.3877787807814457e-17
1.0310923973763693e-17 0.1 0.0
6.064139941691998e-05 0.1 6.345356101624323e-05
0.00024023323615161399 0.1 0.0002465106205747605
0.0005352769679300398 0.1 0.0005384556434818824
0.0009422740524781451 0.1 0.000928892961266139
0.0014577259475218774 0.1 0.001407746772178259
0.002078134110787184 0.1 0.00196526114119117
0.002800000000000012 0.1 0.0025919999999999997
0.0036198250728863104 0.1 0.003278847147022074
0.0045341107871720255 0.1 0.004017006247396917
0.005539358600583104 0.1 0.004798000832986255
0.006632069970845496 0.1 0.00561367430237401
0.007808746355685147 0.1 0.006456189920866304
0.009065889212828006 0.1 0.007318030820491461
0.010400000000000017 0.1 0.008192
0.011807580174927132 0.1 0.00907122032486464
0.013285131195335297 0.1 0.009949134527280298
0.014829154518950456 0.1 0.010819505206164096
0.016436151603498563 0.1 0.01167641482715535
0.018102623906705563 0.1 0.012514265722615575
0.019825072886297403 0.1 0.013327780091628487
0.021600000000000022 0.1 0.014112
0.02342390670553939 0.1 0.014862287380258223
0.025293294460641432 0.1 0.015574324031653479
0.0272046647230321 0.1 0.016244111620158264
0.029154518950437344 0.1 0.016867971678467306
0.031139358600583124 0.1 0.0174425456059975
0.033155685131195364 0.1 0.01796479466888796
0.03520000000000003 0.1 0.018431999999999997
0.037268804664723064 0.1 0.01884176259891711
0.03935860058309041 0.1 0.019192003331945026
0.04146588921282802 0.1 0.01948096293211162
0.04358717201166184 0.1 0.019707201999167007
0.04571895043731783 0.1 0.0198696009995835
0.0478577259475219 0.1 0.019967360266555594
0.050000000000000044 0.1 0.01999999999999999
0.05214227405247818 0.1 0.0199673602665556
0.05428104956268225 0.1 0.0198696009995835
0.056412827988338236 0.1 0.019707201999167007
0.058534110787172064 0.1 0.0194809629321116
0.06064139941690968 0.1 0.019192003331945026
0.06273119533527703 0.1 0.018841762598917122
0.06480000000000005 0.1 0.018432000000000004
0.06684431486880472 0.1 0.01796479466888795
0.06886064139941697 0.1 0.017442545605997506
0.07084548104956273 0.1 0.01686797167846729
0.072795335276968 0.1 0.016244111620158264
0.07470670553935865 0.1 0.015574324031653486
0.07657609329446072 0.1 0.014862287380258216
0.07840000000000007 0.1 0.014112000000000013
0.08017492711370268 0.1 0.013327780091628494
0.08189737609329452 0.1 0.012514265722615547
0.08356384839650152 0.1 0.01167641482715534
0.08517084548104963 0.1 0.01081950520616412
0.0867148688046648 0.1 0.009949134527280301
0.08819241982507296 0.1 0.009071220324864626
0.08960000000000007 0.1 0.008192000000000005
0.0909341107871721 0.1 0.007318030820491456
0.09219125364431492 0.1 0.006456189920866273
0.09336793002915457 0.1 0.005613674302374
0.09446064139941697 0.1 0.004798000832986288
0.09546588921282803 0.1 0.004017006247396898
0.09638017492711377 0.1 0.0032788471470220903
0.09720000000000006 0.1 0.0025920000000000387
0.0979218658892129 0.1 0.001965261141191166
0.0985422740524782 0.1 0.0014077467721782533
0.09905772594752196 0.1 0.0009288929612661367
0.09946472303207006 0.1 0.0005384556434818721
0.09975976676384846 0.1 0.00024651062057473583
0.09993935860058314 0.1 6.345356101622457e-05
0.10000000000000009 0.1 0.0
0.10000000000000009 0.1 0.0
0.10000000000000009 0.1 0.0
0.10000000000000009 0.1 0.0
0.10000000000000009 0.1 0.0
0.10000000000000009 0.1 0.0
0.10000000000000009 0.1 0.0
0.10000000000000009 0.1 0.0
0.10000000000000009 0.1 0.0
0.10000000000000009 0.1 0.0
0.10000000000000009 0.1 0.0
0.10000000000000009 0.1 0.0
0.10000000000000009 0.1 0.0
0.10000000000000009 0.1 0.0
0.10000000000000009 0.1 0.0
0.10000000000000009 0.1 0.0
0.10000000000000009 0.1 0.0
0.10000000000000009 0.1 0.0
0.10000000000000009 0.1 0.0
0.10000000000000009 0.1 0.0
0.10000000000000009 0.1 0.0
0.10000000000000009 0.1 0.0
0.10000000000000009 0.1 0.0
0.10000000000000009 0.1 0.0
0.10000000000000009 0.1 0.0
0.10000000000000009 0.1 0.0
0.10000000000000009 0.1 0.0
0.10000000000000009 0.1 0.0
0.10000000000000009 0.1 0.0
0.10000000000000009 0.1 0.0
0.10000000000000009 0.1 0.0
0.10000000000000009 0.1 0.0
0.10000000000000009 0.1 0.0
0.10000000000000009 0.1 0.0
0.10000000000000009 0.1 0.0
0.10000000000000009 0.1 0.0
0.10000000000000009 0.1 0.0
0.10000000000000009 0.1 0.0
0.10000000000000009 0.1 0.0
0.10000000000000009 0.1 0.0
0.10000000000000009 0.1 0.0
0.10000000000000009 0.1 0.0
0.10000000000000009 0.1 0.0
0.10000000000000009 0.1 0.0
0.10000000000000009 0.1 0.0
0.10000000000000009 0.1 0.0
0.10000000000000009 0.1 0.0
0.10000000000000009 0.1 0.0
0.10000000000000009 0.1 0.0
0.10000000000000009 0.1 0.0
0.10000000000000009 0.1 0.0
0.10000000000000009 0.1 0.0
0.10000000000000009 0.1 0.0
0.10000000000000009 0.1 0.0
0.10000000000000009 0.1 0.0
0.10000000000000009 0.1 0.0
0.10000000000000009 0.1 0.0
0.10000000000000009 0.1 0.0
0.10000000000000009 0.1 0.0
0.10000000000000009 0.1 0.0
0.10000000000000009 0.1 0.0
0.10000000000000009 0.1 0.0
0.10000000000000009 0.1 0.0
0.10000000000000009 0.1 0.0
0.10000000000000009 0.1 0.0
0.10000000000000009 0.1 0.0
0.10000000000000009 0.1 0.0
0.10000000000000009 0.1 0.0
0.10000000000000009 0.1 0.0
0.10000000000000009 0.1 0.0
0.10000000000000009 0.1 0.0
0.10000000000000009 0.1 0.0
0.10000000000000009 0.1 0.0
0.10000000000000009 0.1 0.0
0.10000000000000009 0.1 0.0
0.10000000000000009 0.1 0.0
0.10000000000000009 0.1 0.0
0.10000000000000009 0.1 0.0
0.10000000000000009 0.1 0.0
0.10000000000000009 0.1 0.0
0.10000000000000009 0.1 0.0
0.10000000000000009 0.1 0.0
0.10000000000000009 0.1 0.0
0.10000000000000009 0.1 0.0
0.10000000000000009 0.1 0.0
0.10000000000000009 0.1 0.0
0.10000000000000009 0.1 0.0
0.10000000000000009 0.1 0.0
0.10000000000000009 0.1 0.0
0.10000000000000009 0.1 0.0
0.10000000000000009 0.1 0.0
0.10000000000000009 0.1 0.0
0.10000000000000009 0.1 0.0
0.10000000000000009 0.1 0.0
0.10000000000000009 0.1 0.0
0.10000000000000009 0.1 0.0
0.10000000000000009 0.1 0.0
0.10000000000000009 0.1 0.0
0.10000000000000009 0.1 0.0
0.10000000000000009 0.1 0.0
0.10000000000000009 0.1 0.0
0.10000000000000009 0.1 0.0
0.10000000000000009 0.1 0.0
0.10000000000000009 0.1 0.0
0.10000000000000009 0.1 0.0
0.10000000000000009 0.1 0.0
0.10000000000000009 0.1 0.0
0.10000000000000009 0.1 0.0
0.10000000000000009 0.1 0.0
0.10000000000000009 0.1 0.0
0.10000000000000009 0.1 0.0
0.10000000000000009 0.1 0.0
0.10000000000000009 0.1 0.0
0.10000000000000009 0.1 0.0
0.10000000000000009 0.1 0.0
0.10000000000000009 0.1 0.0
0.10000000000000009 0.1 0.0
0.10000000000000009 0.1 0.0
0.10000000000000009 0.1 0.0
0.10000000000000009 0.1 0.0
0.10000000000000009 0.1 0.0
0.10000000000000009 0.1 0.0
0.10000000000000009 0.1 0.0
0.10000000000000009 0.1 0.0
0.10000000000000009 0.1 0.0
0.10000000000000009 0.1 0.0
0.10000000000000009 0.1 0.0
0.10000000000000009 0.1 0.0
0.10000000000000009 0.1 0.0
0.10000000000000009 0.1 0.0
0.10000000000000009 0.1 0.0
0.10012128279883391 0.1 6.345356101624323e-05
0.1004804664723033 0.1 0.0002465106205747605
0.10107055393586015 0.1 0.0005384556434818824
0.10188454810495635 0.1 0.000928892961266139
0.10291545189504382 0.1 0.001407746772178259
0.10415626822157444 0.1 0.00196526114119117
0.1056000000000001 0.1 0.0025919999999999997
0.10723965014577269 0.1 0.003278847147022074
0.10906822157434412 0.1 0.004017006247396917
0.11107871720116627 0.1 0.004798000832986255
0.11326413994169106 0.1 0.00561367430237401
0.11561749271137037 0.1 0.006456189920866304
0.11813177842565609 0.1 0.007318030820491461
0.1208000000000001 0.1 0.008192
0.12361516034985434 0.1 0.00907122032486464
0.12657026239067065 0.1 0.009949134527280298
0.129658309037901 0.1 0.010819505206164096
0.1328723032069972 0.1 0.01167641482715535
0.1362052478134112 0.1 0.012514265722615575
0.13965014577259488 0.1 0.013327780091628487
0.1432000000000001 0.1 0.014112
0.14684781341107886 0.1 0.014862287380258223
0.15058658892128293 0.1 0.015574324031653479
0.15440932944606428 0.1 0.016244111620158264
0.15830903790087478 0.1 0.016867971678467306
0.16227871720116632 0.1 0.0174425456059975
0.16631137026239082 0.1 0.01796479466888796
0.17040000000000016 0.1 0.018431999999999997
0.1745376093294462 0.1 0.01884176259891711
0.1787172011661809 0.1 0.019192003331945026
0.1829317784256561 0.1 0.01948096293211162
0.18717434402332378 0.1 0.019707201999167007
0.19143790087463575 0.1 0.0198696009995835
0.19571545189504388 0.1 0.019967360266555594
0.20000000000000018 0.1 0.01999999999999999
0.20428454810495644 0.1 0.0199673602665556
0.2085620991253646 0.1 0.0198696009995835
0.21282565597667658 0.1 0.019707201999167007
0.21706822157434422 0.1 0.0194809629321116
0.22128279883381946 0.1 0.019192003331945026
0.22546239067055412 0.1 0.018841762598917122
0.2296000000000002 0.1 0.018432000000000004
0.2336886297376095 0.1 0.01796479466888795
0.23772128279883403 0.1 0.017442545605997506
0.24169096209912555 0.1 0.01686797167846729
0.24559067055393607 0.1 0.016244111620158264
0.2494134110787174 0.1 0.015574324031653486
0.2531521865889215 0.1 0.014862287380258216
0.25680000000000025 0.1 0.014112000000000013
0.2603498542274054 0.1 0.013327780091628494
0.2637947521865891 0.1 0.012514265722615547
0.2671276967930031 0.1 0.01167641482715534
0.27034169096209937 0.1 0.01081950520616412
0.27342973760932965 0.1 0.009949134527280301
0.276384839650146 0.1 0.009071220324864626
0.2792000000000002 0.1 0.008192000000000005
0.2818682215743443 0.1 0.007318030820491456
0.2843825072886299 0.1 0.006456189920866273
0.2867358600583092 0.1 0.005613674302374
0.288921282798834 0.1 0.004798000832986288
0.29093177842565615 0.1 0.004017006247396898
0.2927603498542276 0.1 0.0032788471470220903
0.2944000000000002 0.1 0.0025920000000000387
0.2958437317784259 0.1 0.001965261141191166
0.2970845481049565 0.1 0.0014077467721782533
0.298115451895044 0.1 0.0009288929612661367
0.2989294460641402 0.1 0.0005384556434818721
0.299519533527697 0.1 0.00024651062057473583
0.2998787172011664 0.1 6.345356101622457e-05
0.30000000000000027 0.1 0.0
0.30000000000000027 0.1 0.0
0.30000000000000027 0.1 0.0
0.30000000000000027 0.1 0.0
0.30000000000000027 0.1 0.0
0.30000000000000027 0.1 0.0
0.30000000000000027 0.1 0.0
0.30000000000000027 0.1 0.0
0.30000000000000027 0.1 0.0
0.30000000000000027 0.1 0.0
0.30000000000000027 0.1 0.0
0.30000000000000027 0.1 0.0
0.30000000000000027 0.1 0.0
0.30000000000000027 0.1 0.0
0.30000000000000027 0.1 0.0
0.30000000000000027 0.1 0.0
0.30000000000000027 0.1 0.0
0.30000000000000027 0.1 0.0
0.30000000000000027 0.1 0.0
0.30000000000000027 0.1 0.0
0.30000000000000027 0.1 0.0
0.30000000000000027 0.1 0.0
0.30000000000000027 0.1 0.0
0.30000000000000027 0.1 0.0
0.30000000000000027 0.1 0.0
0.30000000000000027 0.1 0.0
0.30000000000000027 0.1 0.0
0.30000000000000027 0.1 0.0
0.30000000000000027 0.1 0.0
0.30000000000000027 0.1 0.0
0.30000000000000027 0.1 0.0
0.30000000000000027 0.1 0.0
0.30000000000000027 0.1 0.0
0.30000000000000027 0.1 0.0
0.30000000000000027 0.1 0.0
0.30000000000000027 0.1 0.0
0.30000000000000027 0.1 0.0
0.30000000000000027 0.1 0.0
0.30000000000000027 0.1 0.0
0.30000000000000027 0.1 0.0
0.30000000000000027 0.1 0.0
0.30000000000000027 0.1 0.0
0.30000000000000027 0.1 0.0
0.30000000000000027 0.1 0.0
0.30000000000000027 0.1 0.0
0.30000000000000027 0.1 0.0
0.30000000000000027 0.1 0.0
0.30000000000000027 0.1 0.0
0.30000000000000027 0.1 0.0
0.30000000000000027 0.1 0.0
0.30000000000000027 0.1 0.0
0.30000000000000027 0.1 0.0
0.30000000000000027 0.1 0.0
0.30000000000000027 0.1 0.0
0.30000000000000027 0.1 0.0
0.30000000000000027 0.1 0.0
0.30000000000000027 0.1 0.0
0.30000000000000027 0.1 0.0
0.30000000000000027 0.1 0.0
0.30000000000000027 0.1 0.0
0.30000000000000027 0.1 0.0
0.30000000000000027 0.1 0.0
0.30000000000000027 0.1 0.0
0.30000000000000027 0.1 0.0
0.30000000000000027 0.1 0.0
0.30000000000000027 0.1 0.0
0.30000000000000027 0.1 0.0
0.30000000000000027 0.1 0.0
0.30000000000000027 0.1 0.0
0.30000000000000027 0.1 0.0
0.30000000000000027 0.1 0.0
0.30000000000000027 0.1 0.0
0.30000000000000027 0.1 0.0
0.30000000000000027 0.1 0.0
0.30000000000000027 0.1 0.0
0.30000000000000027 0.1 0.0
0.30000000000000027 0.1 0.0
0.30000000000000027 0.1 0.0
0.30000000000000027 0.1 0.0
0.30000000000000027 0.1 0.0
0.30000000000000027 0.1 0.0
0.30000000000000027 0.1 0.0
0.30000000000000027 0.1 0.0
0.30000000000000027 0.1 0.0
0.30000000000000027 0.1 0.0
0.30000000000000027 0.1 0.0
0.30000000000000027 0.1 0.0
0.30000000000000027 0.1 0.0
0.30000000000000027 0.1 0.0
0.30000000000000027 0.1 0.0
0.30000000000000027 0.1 0.0
0.30000000000000027 0.1 0.0
0.30000000000000027 0.1 0.0
0.30000000000000027 0.1 0.0
0.30000000000000027 0.1 0.0
0.30000000000000027 0.1 0.0
0.30000000000000027 0.1 0.0
0.30000000000000027 0.1 0.0
0.30000000000000027 0.1 0.0
0.30000000000000027 0.1 0.0
0.30000000000000027 0.1 0.0
0.30000000000000027 0.1 0.0
0.30000000000000027 0.1 0.0
0.30000000000000027 0.1 0.0
0.30000000000000027 0.1 0.0
0.30000000000000027 0.1 0.0
0.30000000000000027 0.1 0.0
0.30000000000000027 0.1 0.0
0.30000000000000027 0.1 0.0
0.30000000000000027 0.1 0.0
0.30000000000000027 0.1 0.0
0.30000000000000027 0.1 0.0
0.30000000000000027 0.1 0.0
0.30000000000000027 0.1 0.0
0.30000000000000027 0.1 0.0
0.30000000000000027 0.1 0.0
0.30000000000000027 0.1 0.0
0.30000000000000027 0.1 0.0
0.30000000000000027 0.1 0.0
0.30000000000000027 0.1 0.0
0.30000000000000027 0.1 0.0
0.30000000000000027 0.1 0.0
0.30000000000000027 0.1 0.0
0.30000000000000027 0.1 0.0
0.30000000000000027 0.1 0.0
0.30000000000000027 0.1 0.0
0.30000000000000027 0.1 0.0
0.30000000000000027 0.1 0.0
0.30000000000000027 0.1 0.0
0.30000000000000027 0.1 0.0
0.30000000000000027 0.1 0.0
0.3001212827988341 0.1 6.345356101624323e-05
0.3004804664723035 0.1 0.0002465106205747605
0.30107055393586035 0.1 0.0005384556434818824
0.3018845481049565 0.1 0.000928892961266139
0.302915451895044 0.1 0.001407746772178259
0.3041562682215746 0.1 0.00196526114119117
0.30560000000000026 0.1 0.0025919999999999997
0.30723965014577287 0.1 0.003278847147022074
0.3090682215743443 0.1 0.004017006247396917
0.3110787172011665 0.1 0.004798000832986255
0.3132641399416912 0.1 0.00561367430237401
0.3156174927113705 0.1 0.006456189920866304
0.31813177842565626 0.1 0.007318030820491461
0.3208000000000003 0.1 0.008192
0.3236151603498545 0.1 0.00907122032486464
0.32657026239067083 0.1 0.009949134527280298
0.32965830903790116 0.1 0.010819505206164096
0.3328723032069974 0.1 0.01167641482715535
0.3362052478134114 0.1 0.012514265722615575
0.33965014577259506 0.1 0.013327780091628487
0.3432000000000003 0.1 0.014112
0.346847813411079 0.1 0.014862287380258223
0.35058658892128314 0.1 0.015574324031653479
0.35440932944606446 0.1 0.016244111620158264
0.3583090379008749 0.1 0.016867971678467306
0.3622787172011665 0.1 0.0174425456059975
0.366311370262391 0.1 0.01796479466888796
0.37040000000000034 0.1 0.018431999999999997
0.37453760932944635 0.1 0.01884176259891711
0.37871720116618107 0.1 0.019192003331945026
0.3829317784256563 0.1 0.01948096293211162
0.38717434402332396 0.1 0.019707201999167007
0.3914379008746359 0.1 0.0198696009995835
0.3957154518950441 0.1 0.019967360266555594
0.40000000000000036 0.1 0.01999999999999999
0.4042845481049566 0.1 0.0199673602665556
0.4085620991253648 0.1 0.0198696009995835
0.41282565597667675 0.1 0.019707201999167007
0.4170682215743444 0.1 0.0194809629321116
0.42128279883381964 0.1 0.019192003331945026
0.4254623906705543 0.1 0.018841762598917122
0.42960000000000037 0.1 0.018432000000000004
0.4336886297376097 0.1 0.01796479466888795
0.4377212827988342 0.1 0.017442545605997506
0.44169096209912573 0.1 0.01686797167846729
0.44559067055393625 0.1 0.016244111620158264
0.4494134110787176 0.1 0.015574324031653486
0.4531521865889217 0.1 0.014862287380258216
0.45680000000000043 0.1 0.014112000000000013
0.4603498542274056 0.1 0.013327780091628494
0.4637947521865893 0.1 0.012514265722615547
0.46712769679300326 0.1 0.01167641482715534
0.47034169096209955 0.1 0.01081950520616412
0.4734297376093298 0.1 0.009949134527280301
0.47638483965014616 0.1 0.009071220324864626
0.4792000000000004 0.1 0.008192000000000005
0.4818682215743445 0.1 0.007318030820491456
0.4843825072886301 0.1 0.006456189920866273
0.4867358600583094 0.1 0.005613674302374
0.4889212827988342 0.1 0.004798000832986288
0.49093177842565633 0.1 0.004017006247396898
0.4927603498542278 0.1 0.0032788471470220903
0.4944000000000004 0.1 0.0025920000000000387
0.49584373177842606 0.1 0.001965261141191166
0.49708454810495667 0.1 0.0014077467721782533
0.4981154518950442 0.1 0.0009288929612661367
0.49892944606414036 0.1 0.0005384556434818721
0.4995195335276972 0.1 0.00024651062057473583
0.49987871720116656 0.1 6.345356101622457e-05
0.5000000000000004 0.1 0.0
0.5000000000000004 0.1 0.0
0.5000000000000004 0.1 0.0
0.5000000000000004 0.1 0.0
0.5000000000000004 0.1 0.0
0.5000000000000004 0.1 0.0
0.5000000000000004 0.1 0.0
0.5000000000000004 0.1 0.0
0.5000000000000004 0.1 0.0
0.5000000000000004 0.1 0.0
0.5000000000000004 0.1 0.0
0.5000000000000004 0.1 0.0
0.5000000000000004 0.1 0.0
0.5000000000000004 0.1 0.0
0.5000000000000004 0.1 0.0
0.5000000000000004 0.1 0.0
0.5000000000000004 0.1 0.0
0.5000000000000004 0.1 0.0
0.5000000000000004 0.1 0.0
0.5000000000000004 0.1 0.0
0.5000000000000004 0.1 0.0
0.5000000000000004 0.1 0.0
0.5000000000000004 0.1 0.0
0.5000000000000004 0.1 0.0
0.5000000000000004 0.1 0.0
0.5000000000000004 0.1 0.0
0.5000000000000004 0.1 0.0
0.5000000000000004 0.1 0.0
0.5000000000000004 0.1 0.0
0.5000000000000004 0.1 0.0
0.5000000000000004 0.1 0.0
0.5000000000000004 0.1 0.0
0.5000000000000004 0.1 0.0
0.5000000000000004 0.1 0.0
0.5000000000000004 0.1 0.0
0.5000000000000004 0.1 0.0
0.5000000000000004 0.1 0.0
0.5000000000000004 0.1 0.0
0.5000000000000004 0.1 0.0
0.5000000000000004 0.1 0.0
0.5000000000000004 0.1 0.0
0.5000000000000004 0.1 0.0
0.5000000000000004 0.1 0.0
0.5000000000000004 0.1 0.0
0.5000000000000004 0.1 0.0
0.5000000000000004 0.1 0.0
0.5000000000000004 0.1 0.0
0.5000000000000004 0.1 0.0
0.5000000000000004 0.1 0.0
0.5000000000000004 0.1 0.0
0.5000000000000004 0.1 0.0
0.5000000000000004 0.1 0.0
0.5000000000000004 0.1 0.0
0.5000000000000004 0.1 0.0
0.5000000000000004 0.1 0.0
0.5000000000000004 0.1 0.0
0.5000000000000004 0.1 0.0
0.5000000000000004 0.1 0.0
0.5000000000000004 0.1 0.0
0.5000000000000004 0.1 0.0
0.5000000000000004 0.1 0.0
0.5000000000000004 0.1 0.0
0.5000000000000004 0.1 0.0
0.5000000000000004 0.1 0.0
0.5000000000000004 0.1 0.0
0.5000000000000004 0.1 0.0
0.5000000000000004 0.1 0.0
0.5000000000000004 0.1 0.0
0.5000000000000004 0.1 0.0
0.5000000000000004 0.1 0.0
0.5000000000000004 0.1 0.0
0.5000000000000004 0.1 0.0
0.5000000000000004 0.1 0.0
0.5000000000000004 0.1 0.0
0.5000000000000004 0.1 0.0
0.5000000000000004 0.1 0.0
0.5000000000000004 0.1 0.0
0.5000000000000004 0.1 0.0
0.5000000000000004 0.1 0.0
0.5000000000000004 0.1 0.0
0.5000000000000004 0.1 0.0
0.5000000000000004 0.1 0.0
0.5000000000000004 0.1 0.0
0.5000000000000004 0.1 0.0
0.5000000000000004 0.1 0.0
0.5000000000000004 0.1 0.0
0.5000000000000004 0.1 0.0
0.5000000000000004 0.1 0.0
0.5000000000000004 0.1 0.0
0.5000000000000004 0.1 0.0
0.5000000000000004 0.1 0.0
0.5000000000000004 0.1 0.0
0.5000000000000004 0.1 0.0
0.5000000000000004 0.1 0.0
0.5000000000000004 0.1 0.0
0.5000000000000004 0.1 0.0
0.5000000000000004 0.1 0.0
0.5000000000000004 0.1 0.0
0.5000000000000004 0.1 0.0
0.5000000000000004 0.1 0.0
0.5000000000000004 0.1 0.0
0.5000000000000004 0.1 0.0
0.5000000000000004 0.1 0.0
0.5000000000000004 0.1 0.0
0.5000000000000004 0.1 0.0
0.5000000000000004 0.1 0.0
0.5000000000000004 0.1 0.0
0.5000000000000004 0.1 0.0
0.5000000000000004 0.1 0.0
0.5000000000000004 0.1 0.0
0.5000000000000004 0.1 0.0
0.5000000000000004 0.1 0.0
0.5000000000000004 0.1 0.0
0.5000000000000004 0.1 0.0
0.5000000000000004 0.1 0.0
0.5000000000000004 0.1 0.0
0.5000000000000004 0.1 0.0
0.5000000000000004 0.1 0.0
0.5000000000000004 0.1 0.0
0.5000000000000004 0.1 0.0
0.5000000000000004 0.1 0.0
0.5000000000000004 0.1 0.0
0.5000000000000004 0.1 0.0
0.5000000000000004 0.1 0.0
0.5000000000000004 0.1 0.0
0.5000000000000004 0.1 0.0
0.5000000000000004 0.1 0.0
0.5000000000000004 0.1 0.0
0.5000000000000004 0.1 0.0
0.5000000000000004 0.1 0.0
0.5000000000000004 0.1 0.0
0.5001212827988343 0.1 6.345356101624323e-05
0.5004804664723036 0.1 0.0002465106205747605
0.5010705539358605 0.1 0.0005384556434818824
0.5018845481049568 0.1 0.000928892961266139
0.5029154518950442 0.1 0.001407746772178259
0.5041562682215748 0.1 0.00196526114119117
0.5056000000000005 0.1 0.0025919999999999997
0.507239650145773 0.1 0.003278847147022074
0.5090682215743445 0.1 0.004017006247396917
0.5110787172011666 0.1 0.004798000832986255
0.5132641399416914 0.1 0.00561367430237401
0.5156174927113707 0.1 0.006456189920866304
0.5181317784256564 0.1 0.007318030820491461
0.5208000000000005 0.1 0.008192
0.5236151603498547 0.1 0.00907122032486464
0.5265702623906711 0.1 0.009949134527280298
0.5296583090379013 0.1 0.010819505206164096
0.5328723032069975 0.1 0.01167641482715535
0.5362052478134116 0.1 0.012514265722615575
0.5396501457725952 0.1 0.013327780091628487
0.5432000000000005 0.1 0.014112
0.5468478134110792 0.1 0.014862287380258223
0.5505865889212833 0.1 0.015574324031653479
0.5544093294460646 0.1 0.016244111620158264
0.5583090379008752 0.1 0.016867971678467306
0.5622787172011667 0.1 0.0174425456059975
0.5663113702623912 0.1 0.01796479466888796
0.5704000000000005 0.1 0.018431999999999997
0.5745376093294465 0.1 0.01884176259891711
0.5787172011661813 0.1 0.019192003331945026
0.5829317784256565 0.1 0.01948096293211162
0.5871743440233241 0.1 0.019707201999167007
0.5914379008746361 0.1 0.0198696009995835
0.5957154518950443 0.1 0.019967360266555594
0.6000000000000005 0.1 0.01999999999999999
0.6042845481049568 0.1 0.0199673602665556
0.608562099125365 0.1 0.0198696009995835
0.6128256559766769 0.1 0.019707201999167007
0.6170682215743446 0.1 0.0194809629321116
0.6212827988338198 0.1 0.019192003331945026
0.6254623906705545 0.1 0.018841762598917122
0.6296000000000006 0.1 0.018432000000000004
0.6336886297376099 0.1 0.01796479466888795
0.6377212827988343 0.1 0.017442545605997506
0.6416909620991259 0.1 0.01686797167846729
0.6455906705539365 0.1 0.016244111620158264
0.6494134110787178 0.1 0.015574324031653486
0.6531521865889218 0.1 0.014862287380258216
0.6568000000000006 0.1 0.014112000000000013
0.6603498542274058 0.1 0.013327780091628494
0.6637947521865895 0.1 0.012514265722615547
0.6671276967930034 0.1 0.01167641482715534
0.6703416909620997 0.1 0.01081950520616412
0.67342973760933 0.1 0.009949134527280301
0.6763848396501464 0.1 0.009071220324864626
0.6792000000000006 0.1 0.008192000000000005
0.6818682215743447 0.1 0.007318030820491456
0.6843825072886303 0.1 0.006456189920866273
0.6867358600583096 0.1 0.005613674302374
0.6889212827988344 0.1 0.004798000832986288
0.6909317784256566 0.1 0.004017006247396898
0.692760349854228 0.1 0.0032788471470220903
0.6944000000000006 0.1 0.0025920000000000387
0.6958437317784263 0.1 0.001965261141191166
0.6970845481049568 0.1 0.0014077467721782533
0.6981154518950443 0.1 0.0009288929612661367
0.6989294460641405 0.1 0.0005384556434818721
0.6995195335276974 0.1 0.00024651062057473583
0.6998787172011667 0.1 6.345356101622457e-05
0.7000000000000006 0.1 0.0
0.7000000000000006 0.1 0.0
0.7000000000000006 0.1 0.0
0.7000000000000006 0.1 0.0
0.7000000000000006 0.1 0.0
0.7000000000000006 0.1 0.0
0.7000000000000006 0.1 0.0
0.7000000000000006 0.1 0.0
0.7000000000000006 0.1 0.0
0.7000000000000006 0.1 0.0
0.7000000000000006 0.1 0.0
0.7000000000000006 0.1 0.0
0.7000000000000006 0.1 0.0
0.7000000000000006 0.1 0.0
0.7000000000000006 0.1 0.0
0.7000000000000006 0.1 0.0
0.7000000000000006 0.1 0.0
0.7000000000000006 0.1 0.0
0.7000000000000006 0.1 0.0
0.7000000000000006 0.1 0.0
0.7000000000000006 0.1 0.0
0.7000000000000006 0.1 0.0
0.7000000000000006 0.1 0.0
0.7000000000000006 0.1 0.0
0.7000000000000006 0.1 0.0
0.7000000000000006 0.1 0.0
0.7000000000000006 0.1 0.0
0.7000000000000006 0.1 0.0
0.7000000000000006 0.1 0.0
0.7000000000000006 0.1 0.0
0.7000000000000006 0.1 0.0
0.7000000000000006 0.1 0.0
0.7000000000000006 0.1 0.0
0.7000000000000006 0.1 0.0
0.7000000000000006 0.1 0.0
0.7000000000000006 0.1 0.0
0.7000000000000006 0.1 0.0
0.7000000000000006 0.1 0.0
0.7000000000000006 0.1 0.0
0.7000000000000006 0.1 0.0
0.7000000000000006 0.1 0.0
0.7000000000000006 0.1 0.0
0.7000000000000006 0.1 0.0
0.7000000000000006 0.1 0.0
0.7000000000000006 0.1 0.0
0.7000000000000006 0.1 0.0
0.7000000000000006 0.1 0.0
0.7000000000000006 0.1 0.0
0.7000000000000006 0.1 0.0
0.7000000000000006 0.1 0.0
0.7000000000000006 0.1 0.0
0.7000000000000006 0.1 0.0
0.7000000000000006 0.1 0.0
0.7000000000000006 0.1 0.0
0.7000000000000006 0.1 0.0
0.7000000000000006 0.1 0.0
0.7000000000000006 0.1 0.0
0.7000000000000006 0.1 0.0
0.7000000000000006 0.1 0.0
0.7000000000000006 0.1 0.0
0.7000000000000006 0.1 0.0
0.7000000000000006 0.1 0.0
0.7000000000000006 0.1 0.0
0.7000000000000006 0.1 0.0
0.7000000000000006 0.1 0.0
0.7000000000000006 0.1 0.0
0.7000000000000006 0.1 0.0
0.7000000000000006 0.1 0.0
0.7000000000000006 0.1 0.0
0.7000000000000006 0.1 0.0
0.7000000000000006 0.1 0.0
0.7000000000000006 0.1 0.0
0.7000000000000006 0.1 0.0
0.7000000000000006 0.1 0.0
0.7000000000000006 0.1 0.0
0.7000000000000006 0.1 0.0
0.7000000000000006 0.1 0.0
0.7000000000000006 0.1 0.0
0.7000000000000006 0.1 0.0
0.7000000000000006 0.1 0.0
0.7000000000000006 0.1 0.0
0.7000000000000006 0.1 0.0
0.7000000000000006 0.1 0.0
0.7000000000000006 0.1 0.0
0.7000000000000006 0.1 0.0
0.7000000000000006 0.1 0.0
0.7000000000000006 0.1 0.0
0.7000000000000006 0.1 0.0
0.7000000000000006 0.1 0.0
0.7000000000000006 0.1 0.0
0.7000000000000006 0.1 0.0
0.7000000000000006 0.1 0.0
0.7000000000000006 0.1 0.0
0.7000000000000006 0.1 0.0
0.7000000000000006 0.1 0.0
0.7000000000000006 0.1 0.0
0.7000000000000006 0.1 0.0
0.7000000000000006 0.1 0.0
0.7000000000000006 0.1 0.0
0.7000000000000006 0.1 0.0
0.7000000000000006 0.1 0.0
0.7000000000000006 0.1 0.0
0.7000000000000006 0.1 0.0
0.7000000000000006 0.1 0.0
0.7000000000000006 0.1 0.0
0.7000000000000006 0.1 0.0
0.7000000000000006 0.1 0.0
0.7000000000000006 0.1 0.0
0.7000000000000006 0.1 0.0
0.7000000000000006 0.1 0.0
0.7000000000000006 0.1 0.0
0.7000000000000006 0.1 0.0
0.7000000000000006 0.1 0.0
0.7000000000000006 0.1 0.0
0.7000000000000006 0.1 0.0
0.7000000000000006 0.1 0.0
0.7000000000000006 0.1 0.0
0.7000000000000006 0.1 0.0
0.7000000000000006 0.1 0.0
0.7000000000000006 0.1 0.0
0.7000000000000006 0.1 0.0
0.7000000000000006 0.1 0.0
0.7000000000000006 0.1 0.0
0.7000000000000006 0.1 0.0
0.7000000000000006 0.1 0.0
0.7000000000000006 0.1 0.0
0.7000000000000006 0.1 0.0
0.7000000000000006 0.1 0.0
0.7000000000000006 0.1 0.0
0.7000000000000006 0.1 0.0
0.7000000000000006 0.1 0.0
0.7001212827988345 0.1 6.345356101624323e-05
0.7004804664723038 0.1 0.0002465106205747605
0.7010705539358607 0.1 0.0005384556434818824
0.7018845481049569 0.1 0.000928892961266139
0.7029154518950443 0.1 0.001407746772178259
0.704156268221575 0.1 0.00196526114119117
0.7056000000000007 0.1 0.0025919999999999997
0.7072396501457732 0.1 0.003278847147022074
0.7090682215743447 0.1 0.004017006247396917
0.7110787172011668 0.1 0.004798000832986255
0.7132641399416916 0.1 0.00561367430237401
0.7156174927113709 0.1 0.006456189920866304
0.7181317784256566 0.1 0.007318030820491461
0.7208000000000007 0.1 0.008192
0.7236151603498548 0.1 0.00907122032486464
0.7265702623906712 0.1 0.009949134527280298
0.7296583090379015 0.1 0.010819505206164096
0.7328723032069977 0.1 0.01167641482715535
0.7362052478134118 0.1 0.012514265722615575
0.7396501457725954 0.1 0.013327780091628487
0.7432000000000006 0.1 0.014112
0.7468478134110794 0.1 0.014862287380258223
0.7505865889212835 0.1 0.015574324031653479
0.7544093294460648 0.1 0.016244111620158264
0.7583090379008753 0.1 0.016867971678467306
0.7622787172011669 0.1 0.0174425456059975
0.7663113702623914 0.1 0.01796479466888796
0.7704000000000006 0.1 0.018431999999999997
0.7745376093294467 0.1 0.01884176259891711
0.7787172011661815 0.1 0.019192003331945026
0.7829317784256566 0.1 0.01948096293211162
0.7871743440233243 0.1 0.019707201999167007
0.7914379008746363 0.1 0.0198696009995835
0.7957154518950444 0.1 0.019967360266555594
0.8000000000000007 0.1 0.01999999999999999
0.804284548104957 0.1 0.0199673602665556
0.8085620991253651 0.1 0.0198696009995835
0.8128256559766771 0.1 0.019707201999167007
0.8170682215743448 0.1 0.0194809629321116
0.8212827988338199 0.1 0.019192003331945026
0.8254623906705547 0.1 0.018841762598917122
0.8296000000000008 0.1 0.018432000000000004
0.83368862973761 0.1 0.01796479466888795
0.8377212827988345 0.1 0.017442545605997506
0.8416909620991261 0.1 0.01686797167846729
0.8455906705539367 0.1 0.016244111620158264
0.8494134110787179 0.1 0.015574324031653486
0.853152186588922 0.1 0.014862287380258216
0.8568000000000008 0.1 0.014112000000000013
0.860349854227406 0.1 0.013327780091628494
0.8637947521865896 0.1 0.012514265722615547
0.8671276967930036 0.1 0.01167641482715534
0.8703416909620999 0.1 0.01081950520616412
0.8734297376093302 0.1 0.009949134527280301
0.8763848396501466 0.1 0.009071220324864626
0.8792000000000008 0.1 0.008192000000000005
0.8818682215743449 0.1 0.007318030820491456
0.8843825072886304 0.1 0.006456189920866273
0.8867358600583097 0.1 0.005613674302374
0.8889212827988345 0.1 0.004798000832986288
0.8909317784256567 0.1 0.004017006247396898
0.8927603498542281 0.1 0.0032788471470220903
0.8944000000000007 0.1 0.0025920000000000387
0.8958437317784265 0.1 0.001965261141191166
0.897084548104957 0.1 0.0014077467721782533
0.8981154518950445 0.1 0.0009288929612661367
0.8989294460641407 0.1 0.0005384556434818721
0.8995195335276975 0.1 0.00024651062057473583
0.8998787172011669 0.1 6.345356101622457e-05
0.9000000000000008 0.1 0.0
0.9000000000000008 0.1 0.0
0.9000000000000008 0.1 0.0
0.9000000000000008 0.1 0.0
0.9000000000000008 0.1 0.0
0.9000000000000008 0.1 0.0
0.9000000000000008 0.1 0.0
0.9000000000000008 0.1 0.0
0.9000000000000008 0.1 0.0
0.9000000000000008 0.1 0.0
0.9000000000000008 0.1 0.0
0.9000000000000008 0.1 0.0
0.9000000000000008 0.1 0.0
0.9000000000000008 0.1 0.0
0.9000000000000008 0.1 0.0
0.9000000000000008 0.1 0.0
0.9000000000000008 0.1 0.0
0.9000000000000008 0.1 0.0
0.9000000000000008 0.1 0.0
0.9000000000000008 0.1 0.0
0.9000000000000008 0.1 0.0
0.9000000000000008 0.1 0.0
0.9000000000000008 0.1 0.0
0.9000000000000008 0.1 0.0
0.9000000000000008 0.1 0.0
0.9000000000000008 0.1 0.0
0.9000000000000008 0.1 0.0
0.9000000000000008 0.1 0.0
0.9000000000000008 0.1 0.0
0.9000000000000008 0.1 0.0
0.9000000000000008 0.1 0.0
0.9000000000000008 0.1 0.0
0.9000000000000008 0.1 0.0
0.9000000000000008 0.1 0.0
0.9000000000000008 0.1 0.0
0.9000000000000008 0.1 0.0
0.9000000000000008 0.1 0.0
0.9000000000000008 0.1 0.0
0.9000000000000008 0.1 0.0
0.9000000000000008 0.1 0.0
0.9000000000000008 0.1 0.0
0.9000000000000008 0.1 0.0
0.9000000000000008 0.1 0.0
0.9000000000000008 0.1 0.0
0.9000000000000008 0.1 0.0
0.9000000000000008 0.1 0.0
0.9000000000000008 0.1 0.0
0.9000000000000008 0.1 0.0
0.9000000000000008 0.1 0.0
0.9000000000000008 0.1 0.0
0.9000000000000008 0.1 0.0
0.9000000000000008 0.1 0.0
0.9000000000000008 0.1 0.0
0.9000000000000008 0.1 0.0
0.9000000000000008 0.1 0.0
0.9000000000000008 0.1 0.0
0.9000000000000008 0.1 0.0
0.9000000000000008 0.1 0.0
0.9000000000000008 0.1 0.0
0.9000000000000008 0.1 0.0
0.9000000000000008 0.1 0.0
0.9000000000000008 0.1 0.0
0.9000000000000008 0.1 0.0
0.9000000000000008 0.1 0.0
0.9000000000000008 0.1 0.0
0.9000000000000008 0.1 0.0
0.9000000000000008 0.1 0.0
0.9000000000000008 0.1 0.0
0.9000000000000008 0.1 0.0
0.9000000000000008 0.1 0.0
0.9000000000000008 0.1 0.0
0.9000000000000008 0.1 0.0
0.9000000000000008 0.1 0.0
0.9000000000000008 0.1 0.0
0.9000000000000008 0.1 0.0
0.9000000000000008 0.1 0.0
0.9000000000000008 0.1 0.0
0.9000000000000008 0.1 0.0
0.9000000000000008 0.1 0.0
0.9000000000000008 0.1 0.0
0.9000000000000008 0.1 0.0
0.9000000000000008 0.1 0.0
0.9000000000000008 0.1 0.0
0.9000000000000008 0.1 0.0
0.9000000000000008 0.1 0.0
0.9000000000000008 0.1 0.0
0.9000000000000008 0.1 0.0
0.9000000000000008 0.1 0.0
0.9000000000000008 0.1 0.0
0.9000000000000008 0.1 0.0
0.9000000000000008 0.1 0.0
0.9000000000000008 0.1 0.0
0.9000000000000008 0.1 0.0
0.9000000000000008 0.1 0.0
0.9000000000000008 0.1 0.0
0.9000000000000008 0.1 0.0
0.9000000000000008 0.1 0.0
0.9000000000000008 0.1 0.0
0.9000000000000008 0.1 0.0
0.9000000000000008 0.1 0.0
0.9000000000000008 0.1 0.0
0.9000000000000008 0.1 0.0
0.9000000000000008 0.1 0.0
0.9000000000000008 0.1 0.0
0.9000000000000008 0.1 0.0
0.9000000000000008 0.1 0.0
0.9000000000000008 0.1 0.0
0.9000000000000008 0.1 0.0
0.9000000000000008 0.1 0.0
0.9000000000000008 0.1 0.0
0.9000000000000008 0.1 0.0
0.9000000000000008 0.1 0.0
0.9000000000000008 0.1 0.0
0.9000000000000008 0.1 0.0
0.9000000000000008 0.1 0.0
0.9000000000000008 0.1 0.0
0.9000000000000008 0.1 0.0
0.9000000000000008 0.1 0.0
0.9000000000000008 0.1 0.0
0.9000000000000008 0.1 0.0
0.9000000000000008 0.1 0.0
0.9000000000000008 0.1 0.0
0.9000000000000008 0.1 0.0
0.9000000000000008 0.1 0.0
0.9000000000000008 0.1 0.0
0.9000000000000008 0.1 0.0
0.9000000000000008 0.1 0.0
0.9000000000000008 0.1 0.0
0.9000000000000008 0.1 0.0
0.9000000000000008 0.1 0.0
0.9000000000000008 0.1 0.0
0.9001212827988346 0.1 6.345356101624323e-05
0.900480466472304 0.1 0.0002465106205747605
0.9010705539358608 0.1 0.0005384556434818824
0.901884548104957 0.1 0.000928892961266139
0.9029154518950444 0.1 0.001407746772178259
0.9041562682215749 0.1 0.00196526114119117
0.9056000000000005 0.1 0.0025919999999999997
0.907239650145773 0.1 0.003278847147022074
0.9090682215743443 0.1 0.004017006247396917
0.9110787172011664 0.1 0.004798000832986255
0.9132641399416911 0.1 0.00561367430237401
0.9156174927113702 0.1 0.006456189920866304
0.9181317784256557 0.1 0.007318030820491461
0.9207999999999996 0.1 0.008192
0.9236151603498537 0.1 0.00907122032486464
0.9265702623906699 0.1 0.009949134527280298
0.9296583090379 0.1 0.010819505206164096
0.9328723032069961 0.1 0.01167641482715535
0.9362052478134099 0.1 0.012514265722615575
0.9396501457725934 0.1 0.013327780091628487
0.9431999999999985 0.1 0.014112
0.9468478134110769 0.1 0.014862287380258223
0.9505865889212808 0.1 0.015574324031653479
0.9544093294460619 0.1 0.016244111620158264
0.9583090379008723 0.1 0.016867971678467306
0.9622787172011635 0.1 0.0174425456059975
0.9663113702623879 0.1 0.01796479466888796
0.9703999999999969 0.1 0.018431999999999997
0.9745376093294428 0.1 0.01884176259891711
0.9787172011661772 0.1 0.019192003331945026
0.9829317784256523 0.1 0.01948096293211162
0.9871743440233196 0.1 0.019707201999167007
0.9914379008746314 0.1 0.0198696009995835
0.9957154518950393 0.1 0.019967360266555594
0.9999999999999953 0.1 0.01999999999999999
1.0042845481049514 0.1 0.0199673602665556
1.0085620991253592 0.1 0.0198696009995835
1.012825655976671 0.1 0.019707201999167007
1.0170682215743385 0.1 0.0194809629321116
1.0212827988338133 0.1 0.019192003331945026
1.0254623906705478 0.1 0.018841762598917122
1.0295999999999936 0.1 0.018432000000000004
1.033688629737603 0.1 0.01796479466888795
1.0377212827988271 0.1 0.017442545605997506
1.0416909620991184 0.1 0.01686797167846729
1.0455906705539286 0.1 0.016244111620158264
1.04941341107871 0.1 0.015574324031653486
1.0531521865889137 0.1 0.014862287380258216
1.0567999999999922 0.1 0.014112000000000013
1.0603498542273972 0.1 0.013327780091628494
1.0637947521865807 0.1 0.012514265722615547
1.0671276967929946 0.1 0.01167641482715534
1.0703416909620906 0.1 0.01081950520616412
1.0734297376093207 0.1 0.009949134527280301
1.076384839650137 0.1 0.009071220324864626
1.079199999999991 0.1 0.008192000000000005
1.081868221574335 0.1 0.007318030820491456
1.0843825072886204 0.1 0.006456189920866273
1.0867358600582997 0.1 0.005613674302374
1.0889212827988242 0.1 0.004798000832986288
1.0909317784256463 0.1 0.004017006247396898
1.0927603498542175 0.1 0.0032788471470220903
1.09439999999999 0.1 0.0025920000000000387
1.0958437317784158 0.1 0.001965261141191166
1.0970845481049463 0.1 0.0014077467721782533
1.0981154518950338 0.1 0.0009288929612661367
1.09892944606413 0.1 0.0005384556434818721
1.0995195335276866 0.1 0.00024651062057473583
1.099878717201156 0.1 6.345356101622457e-05
1.0999999999999899 0.1 0.0
1.0999999999999899 0.1 0.0
1.0999999999999899 0.1 0.0
1.0999999999999899 0.1 0.0
1.0999999999999899 0.1 0.0
1.0999999999999899 0.1 0.0
1.0999999999999899 0.1 0.0
1.0999999999999899 0.1 0.0
1.0999999999999899 0.1 0.0
1.0999999999999899 0.1 0.0
1.0999999999999899 0.1 0.0
1.0999999999999899 0.1 0.0
1.0999999999999899 0.1 0.0
1.0999999999999899 0.1 0.0
1.0999999999999899 0.1 0.0
1.0999999999999899 0.1 0.0
1.0999999999999899 0.1 0.0
1.0999999999999899 0.1 0.0
1.0999999999999899 0.1 0.0
1.0999999999999899 0.1 0.0
1.0999999999999899 0.1 0.0
1.0999999999999899 0.1 0.0
1.0999999999999899 0.1 0.0
1.0999999999999899 0.1 0.0
1.0999999999999899 0.1 0.0
1.0999999999999899 0.1 0.0
1.0999999999999899 0.1 0.0
1.0999999999999899 0.1 0.0
1.0999999999999899 0.1 0.0
1.0999999999999899 0.1 0.0
1.0999999999999899 0.1 0.0
1.0999999999999899 0.1 0.0
1.0999999999999899 0.1 0.0
1.0999999999999899 0.1 0.0
1.0999999999999899 0.1 0.0
1.0999999999999899 0.1 0.0
1.0999999999999899 0.1 0.0
1.0999999999999899 0.1 0.0
1.0999999999999899 0.1 0.0
1.0999999999999899 0.1 0.0
1.0999999999999899 0.1 0.0
1.0999999999999899 0.1 0.0
1.0999999999999899 0.1 0.0
1.0999999999999899 0.1 0.0
1.0999999999999899 0.1 0.0
1.0999999999999899 0.1 0.0
1.0999999999999899 0.1 0.0
1.0999999999999899 0.1 0.0
1.0999999999999899 0.1 0.0
1.0999999999999899 0.1 0.0
1.0999999999999899 0.1 0.0
1.0999999999999899 0.1 0.0
1.0999999999999899 0.1 0.0
1.0999999999999899 0.1 0.0
1.0999999999999899 0.1 0.0
1.0999999999999899 0.1 0.0
1.0999999999999899 0.1 0.0
1.0999999999999899 0.1 0.0
1.0999999999999899 0.1 0.0
1.0999999999999899 0.1 0.0
1.0999999999999899 0.1 0.0
1.0999999999999899 0.1 0.0
1.0999999999999899 0.1 0.0
1.0999999999999899 0.1 0.0
1.0999999999999899 0.1 0.0
1.0999999999999899 0.1 0.0
1.0999999999999899 0.1 0.0
1.0999999999999899 0.1 0.0
1.0999999999999899 0.1 0.0
1.0999999999999899 0.1 0.0
1.0999999999999899 0.1 0.0
1.0999999999999899 0.1 0.0
1.0999999999999899 0.1 0.0
1.0999999999999899 0.1 0.0
1.0999999999999899 0.1 0.0
1.0999999999999899 0.1 0.0
1.0999999999999899 0.1 0.0
1.0999999999999899 0.1 0.0
1.0999999999999899 0.1 0.0
1.0999999999999899 0.1 0.0
1.0999999999999899 0.1 0.0
1.0999999999999899 0.1 0.0
1.0999999999999899 0.1 0.0
1.0999999999999899 0.1 0.0
1.0999999999999899 0.1 0.0
1.0999999999999899 0.1 0.0
1.0999999999999899 0.1 0.0
1.0999999999999899 0.1 0.0
1.0999999999999899 0.1 0.0
1.0999999999999899 0.1 0.0
1.0999999999999899 0.1 0.0
1.0999999999999899 0.1 0.0
1.0999999999999899 0.1 0.0
1.0999999999999899 0.1 0.0
1.0999999999999899 0.1 0.0
1.0999999999999899 0.1 0.0
1.0999999999999899 0.1 0.0
1.0999999999999899 0.1 0.0
1.0999999999999899 0.1 0.0
1.0999999999999899 0.1 0.0
1.0999999999999899 0.1 0.0
1.0999999999999899 0.1 0.0
1.0999999999999899 0.1 0.0
1.0999999999999899 0.1 0.0
1.0999999999999899 0.1 0.0
1.0999999999999899 0.1 0.0
1.0999999999999899 0.1 0.0
1.0999999999999899 0.1 0.0
1.0999999999999899 0.1 0.0
1.0999999999999899 0.1 0.0
1.0999999999999899 0.1 0.0
1.0999999999999899 0.1 0.0
1.0999999999999899 0.1 0.0
1.0999999999999899 0.1 0.0
1.0999999999999899 0.1 0.0
1.0999999999999899 0.1 0.0
1.0999999999999899 0.1 0.0
1.0999999999999899 0.1 0.0
1.0999999999999899 0.1 0.0
1.0999999999999899 0.1 0.0
1.0999999999999899 0.1 0.0
1.0999999999999899 0.1 0.0
1.0999999999999899 0.1 0.0
1.0999999999999899 0.1 0.0
1.0999999999999899 0.1 0.0
1.0999999999999899 0.1 0.0
1.0999999999999899 0.1 0.0
1.0999999999999899 0.1 0.0
1.0999999999999899 0.1 0.0
1.0999999999999899 0.1 0.0
1.0999999999999899 0.1 0.0
1.1001212827988236 0.1 6.345356101624323e-05
1.1004804664722931 0.1 0.0002465106205747605
1.1010705539358498 0.1 0.0005384556434818824
1.101884548104946 0.1 0.000928892961266139
1.1029154518950333 0.1 0.001407746772178259
1.1041562682215638 0.1 0.00196526114119117
1.1055999999999893 0.1 0.0025919999999999997
1.1072396501457618 0.1 0.003278847147022074
1.1090682215743328 0.1 0.004017006247396917
1.111078717201155 0.1 0.004798000832986255
1.1132641399416794 0.1 0.00561367430237401
1.1156174927113585 0.1 0.006456189920866304
1.118131778425644 0.1 0.007318030820491461
1.1207999999999876 0.1 0.008192
1.1236151603498414 0.1 0.00907122032486464
1.1265702623906575 0.1 0.009949134527280298
1.1296583090378876 0.1 0.010819505206164096
1.1328723032069834 0.1 0.01167641482715535
1.136205247813397 0.1 0.012514265722615575
1.1396501457725803 0.1 0.013327780091628487
1.1431999999999851 0.1 0.014112
1.1468478134110633 0.1 0.014862287380258223
1.1505865889212672 0.1 0.015574324031653479
1.154409329446048 0.1 0.016244111620158264
1.158309037900858 0.1 0.016867971678467306
1.1622787172011493 0.1 0.0174425456059975
1.1663113702623733 0.1 0.01796479466888796
1.1703999999999821 0.1 0.018431999999999997
1.1745376093294277 0.1 0.01884176259891711
1.178717201166162 0.1 0.019192003331945026
1.1829317784256368 0.1 0.01948096293211162
1.1871743440233038 0.1 0.019707201999167007
1.1914379008746154 0.1 0.0198696009995835
1.195715451895023 0.1 0.019967360266555594
1.1999999999999789 0.1 0.01999999999999999
1.2042845481049347 0.1 0.0199673602665556
1.2085620991253423 0.1 0.0198696009995835
1.212825655976654 0.1 0.019707201999167007
1.217068221574321 0.1 0.0194809629321116
1.2212827988337958 0.1 0.019192003331945026
1.22546239067053 0.1 0.018841762598917122
1.2295999999999756 0.1 0.018432000000000004
1.2336886297375844 0.1 0.01796479466888795
1.2377212827988084 0.1 0.017442545605997506
1.2416909620990997 0.1 0.01686797167846729
1.2455906705539097 0.1 0.016244111620158264
1.2494134110786905 0.1 0.015574324031653486
1.2531521865888944 0.1 0.014862287380258216
1.2567999999999726 0.1 0.014112000000000013
1.2603498542273774 0.1 0.013327780091628494
1.2637947521865607 0.1 0.012514265722615547
1.2671276967929743 0.1 0.01167641482715534
1.2703416909620702 0.1 0.01081950520616412
1.2734297376093002 0.1 0.009949134527280301
1.2763848396501163 0.1 0.009071220324864626
1.2791999999999701 0.1 0.008192000000000005
1.2818682215743138 0.1 0.007318030820491456
1.2843825072885993 0.1 0.006456189920866273
1.2867358600582783 0.1 0.005613674302374
1.2889212827988028 0.1 0.004798000832986288
1.2909317784256247 0.1 0.004017006247396898
1.292760349854196 0.1 0.0032788471470220903
1.2943999999999685 0.1 0.0025920000000000387
1.295843731778394 0.1 0.001965261141191166
1.2970845481049245 0.1 0.0014077467721782533
1.2981154518950118 0.1 0.0009288929612661367
1.2989294460641079 0.1 0.0005384556434818721
1.2995195335276646 0.1 0.00024651062057473583
1.299878717201134 0.1 6.345356101622457e-05
1.2999999999999678 0.1 0.0
1.2999999999999678 0.1 0.0
1.2999999999999678 0.1 0.0
1.2999999999999678 0.1 0.0
1.2999999999999678 0.1 0.0
1.2999999999999678 0.1 0.0
1.2999999999999678 0.1 0.0
1.2999999999999678 0.1 0.0
1.2999999999999678 0.1 0.0
1.2999999999999678 0.1 0.0
1.2999999999999678 0.1 0.0
1.2999999999999678 0.1 0.0
1.2999999999999678 0.1 0.0
1.2999999999999678 0.1 0.0
1.2999999999999678 0.1 0.0
1.2999999999999678 0.1 0.0
1.2999999999999678 0.1 0.0
1.2999999999999678 0.1 0.0
1.2999999999999678 0.1 0.0
1.2999999999999678 0.1 0.0
1.2999999999999678 0.1 0.0
1.2999999999999678 0.1 0.0
1.2999999999999678 0.1 0.0
1.2999999999999678 0.1 0.0
1.2999999999999678 0.1 0.0
1.2999999999999678 0.1 0.0
1.2999999999999678 0.1 0.0
1.2999999999999678 0.1 0.0
1.2999999999999678 0.1 0.0
1.2999999999999678 0.1 0.0
1.2999999999999678 0.1 0.0
1.2999999999999678 0.1 0.0
1.2999999999999678 0.1 0.0
1.2999999999999678 0.1 0.0
1.2999999999999678 0.1 0.0
1.2999999999999678 0.1 0.0
1.2999999999999678 0.1 0.0
1.2999999999999678 0.1 0.0
1.2999999999999678 0.1 0.0
1.2999999999999678 0.1 0.0
1.2999999999999678 0.1 0.0
1.2999999999999678 0.1 0.0
1.2999999999999678 0.1 0.0
1.2999999999999678 0.1 0.0
1.2999999999999678 0.1 0.0
1.2999999999999678 0.1 0.0
1.2999999999999678 0.1 0.0
1.2999999999999678 0.1 0.0
1.2999999999999678 0.1 0.0
1.2999999999999678 0.1 0.0
1.2999999999999678 0.1 0.0
1.2999999999999678 0.1 0.0
1.2999999999999678 0.1 0.0
1.2999999999999678 0.1 0.0
1.2999999999999678 0.1 0.0
1.2999999999999678 0.1 0.0
1.2999999999999678 0.1 0.0
1.2999999999999678 0.1 0.0
1.2999999999999678 0.1 0.0
1.2999999999999678 0.1 0.0
1.2999999999999678 0.1 0.0
1.2999999999999678 0.1 0.0
1.2999999999999678 0.1 0.0
1.2999999999999678 0.1 0.0
1.2999999999999678 0.1 0.0
1.2999999999999678 0.1 0.0
1.2999999999999678 0.1 0.0
1.2999999999999678 0.1 0.0
1.2999999999999678 0.1 0.0
1.2999999999999678 0.1 0.0
1.2999999999999678 0.1 0.0
1.2999999999999678 0.1 0.0
1.2999999999999678 0.1 0.0
1.2999999999999678 0.1 0.0
1.2999999999999678 0.1 0.0
1.2999999999999678 0.1 0.0
1.2999999999999678 0.1 0.0
1.2999999999999678 0.1 0.0
1.2999999999999678 0.1 0.0
1.2999999999999678 0.1 0.0
1.2999999999999678 0.1 0.0
1.2999999999999678 0.1 0.0
1.2999999999999678 0.1 0.0
1.2999999999999678 0.1 0.0
1.2999999999999678 0.1 0.0
1.2999999999999678 0.1 0.0
1.2999999999999678 0.1 0.0
1.2999999999999678 0.1 0.0
1.2999999999999678 0.1 0.0
1.2999999999999678 0.1 0.0
1.2999999999999678 0.1 0.0
1.2999999999999678 0.1 0.0
1.2999999999999678 0.1 0.0
1.2999999999999678 0.1 0.0
1.2999999999999678 0.1 0.0
1.2999999999999678 0.1 0.0
1.2999999999999678 0.1 0.0
1.2999999999999678 0.1 0.0
1.2999999999999678 0.1 0.0
1.2999999999999678 0.1 0.0
1.2999999999999678 0.1 0.0
1.2999999999999678 0.1 0.0
1.2999999999999678 0.1 0.0
1.2999999999999678 0.1 0.0
1.2999999999999678 0.1 0.0
1.2999999999999678 0.1 0.0
1.2999999999999678 0.1 0.0
1.2999999999999678 0.1 0.0
1.2999999999999678 0.1 0.0
1.2999999999999678 0.1 0.0
1.2999999999999678 0.1 0.0
1.2999999999999678 0.1 0.0
1.2999999999999678 0.1 0.0
1.2999999999999678 0.1 0.0
1.2999999999999678 0.1 0.0
1.2999999999999678 0.1 0.0
1.2999999999999678 0.1 0.0
1.2999999999999678 0.1 0.0
1.2999999999999678 0.1 0.0
1.2999999999999678 0.1 0.0
1.2999999999999678 0.1 0.0
1.2999999999999678 0.1 0.0
1.2999999999999678 0.1 0.0
1.2999999999999678 0.1 0.0
1.2999999999999678 0.1 0.0
1.2999999999999678 0.1 0.0
1.2999999999999678 0.1 0.0
1.2999999999999678 0.1 0.0
1.2999999999999678 0.1 0.0
1.2999999999999678 0.1 0.0
1.2999999999999678 0.1 0.0
1.3002425655976355 0.1 6.345356101624323e-05
1.3009609329445742 0.1 0.0002465106205747605
1.302141107871688 0.1 0.0005384556434818824
1.3037690962098805 0.1 0.000928892961266139
1.3058309037900553 0.1 0.001407746772178259
1.3083125364431165 0.1 0.00196526114119117
1.311199999999968 0.1 0.0025919999999999997
1.314479300291513 0.1 0.003278847147022074
1.318136443148656 0.1 0.004017006247396917
1.3221574344023002 0.1 0.004798000832986255
1.3265282798833498 0.1 0.00561367430237401
1.3312349854227084 0.1 0.006456189920866304
1.3362635568512797 0.1 0.007318030820491461
1.341599999999968 0.1 0.008192
1.3472303206996763 0.1 0.00907122032486464
1.353140524781309 0.1 0.009949134527280298
1.3593166180757696 0.1 0.010819505206164096
1.365744606413962 0.1 0.01167641482715535
1.3724104956267902 0.1 0.012514265722615575
1.3793002915451573 0.1 0.013327780091628487
1.3863999999999679 0.1 0.014112
1.3936956268221254 0.1 0.014862287380258223
1.4011731778425336 0.1 0.015574324031653479
1.4088186588920961 0.1 0.016244111620158264
1.4166180758017173 0.1 0.016867971678467306
1.4245574344023004 0.1 0.0174425456059975
1.4326227405247494 0.1 0.01796479466888796
1.4407999999999679 0.1 0.018431999999999997
1.44907521865886 0.1 0.01884176259891711
1.4574344023323296 0.1 0.019192003331945026
1.46586355685128 0.1 0.01948096293211162
1.4743486880466152 0.1 0.019707201999167007
1.4828758017492392 0.1 0.0198696009995835
1.4914309037900555 0.1 0.019967360266555594
1.499999999999968 0.1 0.01999999999999999
1.5085690962098806 0.1 0.0199673602665556
1.5171241982506969 0.1 0.0198696009995835
1.5256513119533208 0.1 0.019707201999167007
1.5341364431486562 0.1 0.0194809629321116
1.5425655976676065 0.1 0.019192003331945026
1.550924781341076 0.1 0.018841762598917122
1.5591999999999682 0.1 0.018432000000000004
1.5673772594751867 0.1 0.01796479466888795
1.5754425655976356 0.1 0.017442545605997506
1.5833819241982188 0.1 0.01686797167846729
1.59118134110784 0.1 0.016244111620158264
1.5988268221574025 0.1 0.015574324031653486
1.6063043731778106 0.1 0.014862287380258216
1.6135999999999682 0.1 0.014112000000000013
1.6206997084547785 0.1 0.013327780091628494
1.6275895043731459 0.1 0.012514265722615547
1.6342553935859738 0.1 0.01167641482715534
1.6406833819241664 0.1 0.01081950520616412
1.646859475218627 0.1 0.009949134527280301
1.6527696793002598 0.1 0.009071220324864626
1.6583999999999681 0.1 0.008192000000000005
1.6637364431486563 0.1 0.007318030820491456
1.6687650145772275 0.1 0.006456189920866273
1.673471720116586 0.1 0.005613674302374
1.6778425655976357 0.1 0.004798000832986288
1.68186355685128 0.1 0.004017006247396898
1.6855206997084229 0.1 0.0032788471470220903
1.688799999999968 0.1 0.0025920000000000387
1.6916874635568195 0.1 0.001965261141191166
1.6941690962098805 0.1 0.0014077467721782533
1.6962309037900556 0.1 0.0009288929612661367
1.697858892128248 0.1 0.0005384556434818721
1.6990390670553617 0.1 0.00024651062057473583
1.6997574344023003 0.1 6.345356101622457e-05
1.6999999999999682 0.1 0.0
1.6999999999999682 0.1 0.0
1.6999999999999682 0.1 0.0
1.6999999999999682 0.1 0.0
1.6999999999999682 0.1 0.0
1.6999999999999682 0.1 0.0
1.6999999999999682 0.1 0.0
1.6999999999999682 0.1 0.0
1.6999999999999682 0.1 0.0
1.6999999999999682 0.1 0.0
1.6999999999999682 0.1 0.0
1.6999999999999682 0.1 0.0
1.6999999999999682 0.1 0.0
1.6999999999999682 0.1 0.0
1.6999999999999682 0.1 0.0
1.6999999999999682 0.1 0.0
1.6999999999999682 0.1 0.0
1.6999999999999682 0.1 0.0
1.6999999999999682 0.1 0.0
1.6999999999999682 0.1 0.0
1.6999999999999682 0.1 0.0
1.6999999999999682 0.1 0.0
1.6999999999999682 0.1 0.0
1.6999999999999682 0.1 0.0
1.6999999999999682 0.1 0.0
1.6999999999999682 0.1 0.0
1.6999999999999682 0.1 0.0
1.6999999999999682 0.1 0.0
1.6999999999999682 0.1 0.0
1.6999999999999682 0.1 0.0
1.6999999999999682 0.1 0.0
1.6999999999999682 0.1 0.0
1.6999999999999682 0.1 0.0
1.6999999999999682 0.1 0.0
1.6999999999999682 0.1 0.0
1.6999999999999682 0.1 0.0
1.6999999999999682 0.1 0.0
1.6999999999999682 0.1 0.0
1.6999999999999682 0.1 0.0
1.6999999999999682 0.1 0.0
1.6999999999999682 0.1 0.0
1.6999999999999682 0.1 0.0
1.6999999999999682 0.1 0.0
1.6999999999999682 0.1 0.0
1.6999999999999682 0.1 0.0
1.6999999999999682 0.1 0.0
1.6999999999999682 0.1 0.0
1.6999999999999682 0.1 0.0
1.6999999999999682 0.1 0.0
1.6999999999999682 0.1 0.0
1.6999999999999682 0.1 0.0
1.6999999999999682 0.1 0.0
1.6999999999999682 0.1 0.0
1.6999999999999682 0.1 0.0
1.6999999999999682 0.1 0.0
1.6999999999999682 0.1 0.0
1.6999999999999682 0.1 0.0
1.6999999999999682 0.1 0.0
1.6999999999999682 0.1 0.0
1.6999999999999682 0.1 0.0
1.6999999999999682 0.1 0.0
1.6999999999999682 0.1 0.0
1.6999999999999682 0.1 0.0
1.6999999999999682 0.1 0.0
1.6999999999999682 0.1 0.0
1.6999999999999682 0.1 0.0
1.6999999999999682 0.1 0.0
1.6999999999999682 0.1 0.0
1.6999999999999682 0.1 0.0
1.6999999999999682 0.1 0.0
1.6999999999999682 0.1 0.0
1.6999999999999682 0.1 0.0
1.6999999999999682 0.1 0.0
1.6999999999999682 0.1 0.0
1.6999999999999682 0.1 0.0
1.6999999999999682 0.1 0.0
1.6999999999999682 0.1 0.0
1.6999999999999682 0.1 0.0
1.6999999999999682 0.1 0.0
1.6999999999999682 0.1 0.0
1.6999999999999682 0.1 0.0
1.6999999999999682 0.1 0.0
1.6999999999999682 0.1 0.0
1.6999999999999682 0.1 0.0
1.6999999999999682 0.1 0.0
1.6999999999999682 0.1 0.0
1.6999999999999682 0.1 0.0
1.6999999999999682 0.1 0.0
1.6999999999999682 0.1 0.0
1.6999999999999682 0.1 0.0
1.6999999999999682 0.1 0.0
1.6999999999999682 0.1 0.0
1.6999999999999682 0.1 0.0
1.6999999999999682 0.1 0.0
1.6999999999999682 0.1 0.0
1.6999999999999682 0.1 0.0
1.6999999999999682 0.1 0.0
1.6999999999999682 0.1 0.0
1.6999999999999682 0.1 0.0
1.6999999999999682 0.1 0.0
1.6999999999999682 0.1 0.0
1.6999999999999682 0.1 0.0
1.6999999999999682 0.1 0.0
1.6999999999999682 0.1 0.0
1.6999999999999682 0.1 0.0
1.6999999999999682 0.1 0.0
1.6999999999999682 0.1 0.0
1.6999999999999682 0.1 0.0
1.6999999999999682 0.1 0.0
1.6999999999999682 0.1 0.0
1.6999999999999682 0.1 0.0
1.6999999999999682 0.1 0.0
1.6999999999999682 0.1 0.0
1.6999999999999682 0.1 0.0
1.6999999999999682 0.1 0.0
1.6999999999999682 0.1 0.0
1.6999999999999682 0.1 0.0
1.6999999999999682 0.1 0.0
1.6999999999999682 0.1 0.0
1.6999999999999682 0.1 0.0
1.6999999999999682 0.1 0.0
1.6999999999999682 0.1 0.0
1.6999999999999682 0.1 0.0
1.6999999999999682 0.1 0.0
1.6999999999999682 0.1 0.0
1.6999999999999682 0.1 0.0
1.6999999999999682 0.1 0.0
1.6999999999999682 0.1 0.0
1.6999999999999682 0.1 0.0
1.6999999999999682 0.1 0.0
1.6999999999999682 0.1 0.0
1.7002425655976359 0.1 6.345356101624323e-05
1.7009609329445745 0.1 0.0002465106205747605
1.7021411078716882 0.1 0.0005384556434818824
1.7037690962098806 0.1 0.000928892961266139
1.7058309037900554 0.1 0.001407746772178259
1.7083125364431166 0.1 0.00196526114119117
1.7111999999999679 0.1 0.0025919999999999997
1.714479300291513 0.1 0.003278847147022074
1.7181364431486557 0.1 0.004017006247396917
1.7221574344023 0.1 0.004798000832986255
1.7265282798833494 0.1 0.00561367430237401
1.7312349854227078 0.1 0.006456189920866304
1.7362635568512792 0.1 0.007318030820491461
1.7415999999999672 0.1 0.008192
1.7472303206996753 0.1 0.00907122032486464
1.7531405247813079 0.1 0.009949134527280298
1.7593166180757684 0.1 0.010819505206164096
1.7657446064139606 0.1 0.01167641482715535
1.7724104956267883 0.1 0.012514265722615575
1.7793002915451557 0.1 0.013327780091628487
1.7863999999999658 0.1 0.014112
1.7936956268221231 0.1 0.014862287380258223
1.801173177842531 0.1 0.015574324031653479
1.8088186588920936 0.1 0.016244111620158264
1.8166180758017143 0.1 0.016867971678467306
1.8245574344022972 0.1 0.0174425456059975
1.832622740524746 0.1 0.01796479466888796
1.8407999999999645 0.1 0.018431999999999997
1.8490752186588564 0.1 0.01884176259891711
1.8574344023323255 0.1 0.019192003331945026
1.8658635568512756 0.1 0.01948096293211162
1.8743486880466107 0.1 0.019707201999167007
1.8828758017492344 0.1 0.0198696009995835
1.8914309037900505 0.1 0.019967360266555594
1.8999999999999628 0.1 0.01999999999999999
1.9085690962098751 0.1 0.0199673602665556
1.9171241982506912 0.1 0.0198696009995835
1.925651311953315 0.1 0.019707201999167007
1.9341364431486499 0.1 0.0194809629321116
1.9425655976676002 0.1 0.019192003331945026
1.9509247813410693 0.1 0.018841762598917122
1.9591999999999612 0.1 0.018432000000000004
1.9673772594751797 0.1 0.01796479466888795
1.9754425655976284 0.1 0.017442545605997506
1.9833819241982114 0.1 0.01686797167846729
1.991181341107832 0.1 0.016244111620158264
1.9988268221573946 0.1 0.015574324031653486
2.0063043731778025 0.1 0.014862287380258216
2.01359999999996 0.1 0.014112000000000013
2.02069970845477 0.1 0.013327780091628494
2.0275895043731373 0.1 0.012514265722615547
2.034255393585965 0.1 0.01167641482715534
2.040683381924157 0.1 0.01081950520616412
2.0468594752186178 0.1 0.009949134527280301
2.0527696793002503 0.1 0.009071220324864626
2.0583999999999585 0.1 0.008192000000000005
2.0637364431486467 0.1 0.007318030820491456
2.0687650145772176 0.1 0.006456189920866273
2.073471720116576 0.1 0.005613674302374
2.0778425655976256 0.1 0.004798000832986288
2.08186355685127 0.1 0.004017006247396898
2.085520699708413 0.1 0.0032788471470220903
2.088799999999958 0.1 0.0025920000000000387
2.091687463556809 0.1 0.001965261141191166
2.0941690962098702 0.1 0.0014077467721782533
2.096230903790045 0.1 0.0009288929612661367
2.0978588921282375 0.1 0.0005384556434818721
2.099039067055351 0.1 0.00024651062057473583
2.0997574344022896 0.1 6.345356101622457e-05
2.0999999999999575 0.1 0.0
2.0999999999999575 0.1 0.0
2.0999999999999575 0.1 0.0
2.0999999999999575 0.1 0.0
2.0999999999999575 0.1 0.0
2.0999999999999575 0.1 0.0
2.0999999999999575 0.1 0.0
2.0999999999999575 0.1 0.0
2.0999999999999575 0.1 0.0
2.0999999999999575 0.1 0.0
2.0999999999999575 0.1 0.0
2.0999999999999575 0.1 0.0
2.0999999999999575 0.1 0.0
2.0999999999999575 0.1 0.0
2.0999999999999575 0.1 0.0
2.0999999999999575 0.1 0.0
2.0999999999999575 0.1 0.0
2.0999999999999575 0.1 0.0
2.0999999999999575 0.1 0.0
2.0999999999999575 0.1 0.0
2.0999999999999575 0.1 0.0
2.0999999999999575 0.1 0.0
2.0999999999999575 0.1 0.0
2.0999999999999575 0.1 0.0
2.0999999999999575 0.1 0.0
2.0999999999999575 0.1 0.0
2.0999999999999575 0.1 0.0
2.0999999999999575 0.1 0.0
2.0999999999999575 0.1 0.0
2.0999999999999575 0.1 0.0
2.0999999999999575 0.1 0.0
2.0999999999999575 0.1 0.0
2.0999999999999575 0.1 0.0
2.0999999999999575 0.1 0.0
2.0999999999999575 0.1 0.0
2.0999999999999575 0.1 0.0
2.0999999999999575 0.1 0.0
2.0999999999999575 0.1 0.0
2.0999999999999575 0.1 0.0
2.0999999999999575 0.1 0.0
2.0999999999999575 0.1 0.0
2.0999999999999575 0.1 0.0
2.0999999999999575 0.1 0.0
2.0999999999999575 0.1 0.0
2.0999999999999575 0.1 0.0
2.0999999999999575 0.1 0.0
2.0999999999999575 0.1 0.0
2.0999999999999575 0.1 0.0
2.0999999999999575 0.1 0.0
2.0999999999999575 0.1 0.0
2.0999999999999575 0.1 0.0
2.0999999999999575 0.1 0.0
2.0999999999999575 0.1 0.0
2.0999999999999575 0.1 0.0
2.0999999999999575 0.1 0.0
2.0999999999999575 0.1 0.0
2.0999999999999575 0.1 0.0
2.0999999999999575 0.1 0.0
2.0999999999999575 0.1 0.0
2.0999999999999575 0.1 0.0
2.0999999999999575 0.1 0.0
2.0999999999999575 0.1 0.0
2.0999999999999575 0.1 0.0
2.0999999999999575 0.1 0.0
2.0999999999999575 0.1 0.0
2.0999999999999575 0.1 0.0
2.0999999999999575 0.1 0.0
2.0999999999999575 0.1 0.0
2.0999999999999575 0.1 0.0
2.0999999999999575 0.1 0.0
2.0999999999999575 0.1 0.0
2.0999999999999575 0.1 0.0
2.0999999999999575 0.1 0.0
2.0999999999999575 0.1 0.0
2.0999999999999575 0.1 0.0
2.0999999999999575 0.1 0.0
2.0999999999999575 0.1 0.0
2.0999999999999575 0.1 0.0
2.0999999999999575 0.1 0.0
2.0999999999999575 0.1 0.0
2.0999999999999575 0.1 0.0
2.0999999999999575 0.1 0.0
2.0999999999999575 0.1 0.0
2.0999999999999575 0.1 0.0
2.0999999999999575 0.1 0.0
2.0999999999999575 0.1 0.0
2.0999999999999575 0.1 0.0
2.0999999999999575 0.1 0.0
2.0999999999999575 0.1 0.0
2.0999999999999575 0.1 0.0
2.0999999999999575 0.1 0.0
2.0999999999999575 0.1 0.0
2.0999999999999575 0.1 0.0
2.0999999999999575 0.1 0.0
2.0999999999999575 0.1 0.0
2.0999999999999575 0.1 0.0
2.0999999999999575 0.1 0.0
2.0999999999999575 0.1 0.0
2.0999999999999575 0.1 0.0
2.0999999999999575 0.1 0.0
2.0999999999999575 0.1 0.0
2.0999999999999575 0.1 0.0
2.0999999999999575 0.1 0.0
2.0999999999999575 0.1 0.0
2.0999999999999575 0.1 0.0
2.0999999999999575 0.1 0.0
2.0999999999999575 0.1 0.0
2.0999999999999575 0.1 0.0
2.0999999999999575 0.1 0.0
2.0999999999999575 0.1 0.0
2.0999999999999575 0.1 0.0
2.0999999999999575 0.1 0.0
2.0999999999999575 0.1 0.0
2.0999999999999575 0.1 0.0
2.0999999999999575 0.1 0.0
2.0999999999999575 0.1 0.0
2.0999999999999575 0.1 0.0
2.0999999999999575 0.1 0.0
2.0999999999999575 0.1 0.0
2.0999999999999575 0.1 0.0
2.0999999999999575 0.1 0.0
2.0999999999999575 0.1 0.0
2.0999999999999575 0.1 0.0
2.0999999999999575 0.1 0.0
2.0999999999999575 0.1 0.0
2.0999999999999575 0.1 0.0
2.0999999999999575 0.1 0.0
2.0999999999999575 0.1 0.0
2.0999999999999575 0.1 0.0
2.0999999999999575 0.1 0.0
2.0999999999999575 0.1 0.0
2.100242565597625 0.1 6.345356101624323e-05
2.100960932944564 0.1 0.0002465106205747605
2.1021411078716774 0.1 0.0005384556434818824
2.1037690962098696 0.1 0.000928892961266139
2.1058309037900442 0.1 0.001407746772178259
2.1083125364431052 0.1 0.00196526114119117
2.1111999999999562 0.1 0.0025919999999999997
2.114479300291501 0.1 0.003278847147022074
2.1181364431486434 0.1 0.004017006247396917
2.1221574344022875 0.1 0.004798000832986255
2.1265282798833365 0.1 0.00561367430237401
2.1312349854226946 0.1 0.006456189920866304
2.1362635568512656 0.1 0.007318030820491461
2.141599999999953 0.1 0.008192
2.1472303206996606 0.1 0.00907122032486464
2.1531405247812927 0.1 0.009949134527280298
2.159316618075753 0.1 0.010819505206164096
2.1657446064139445 0.1 0.01167641482715535
2.172410495626772 0.1 0.012514265722615575
2.1793002915451383 0.1 0.013327780091628487
2.186399999999948 0.1 0.014112
2.1936956268221044 0.1 0.014862287380258223
2.201173177842512 0.1 0.015574324031653479
2.2088186588920737 0.1 0.016244111620158264
2.216618075801694 0.1 0.016867971678467306
2.2245574344022763 0.1 0.0174425456059975
2.2326227405247243 0.1 0.01796479466888796
2.240799999999942 0.1 0.018431999999999997
2.249075218658833 0.1 0.01884176259891711
2.2574344023323016 0.1 0.019192003331945026
2.2658635568512513 0.1 0.01948096293211162
2.2743486880465853 0.1 0.019707201999167007
2.2828758017492086 0.1 0.0198696009995835
2.291430903790024 0.1 0.019967360266555594
2.2999999999999354 0.1 0.01999999999999999
2.308569096209847 0.1 0.0199673602665556
2.3171241982506623 0.1 0.0198696009995835
2.3256513119532856 0.1 0.019707201999167007
2.3341364431486196 0.1 0.0194809629321116
2.342565597667569 0.1 0.019192003331945026
2.3509247813410377 0.1 0.018841762598917122
2.359199999999929 0.1 0.018432000000000004
2.3673772594751465 0.1 0.01796479466888795
2.3754425655975946 0.1 0.017442545605997506
2.383381924198177 0.1 0.01686797167846729
2.391181341107797 0.1 0.016244111620158264
2.3988268221573588 0.1 0.015574324031653486
2.4063043731777665 0.1 0.014862287380258216
2.413599999999923 0.1 0.014112000000000013
2.4206997084547326 0.1 0.013327780091628494
2.427589504373099 0.1 0.012514265722615547
2.4342553935859264 0.1 0.01167641482715534
2.440683381924118 0.1 0.01081950520616412
2.446859475218578 0.1 0.009949134527280301
2.4527696793002103 0.1 0.009071220324864626
2.458399999999918 0.1 0.008192000000000005
2.4637364431486053 0.1 0.007318030820491456
2.4687650145771762 0.1 0.006456189920866273
2.4734717201165344 0.1 0.005613674302374
2.4778425655975833 0.1 0.004798000832986288
2.481863556851227 0.1 0.004017006247396898
2.4855206997083696 0.1 0.0032788471470220903
2.4887999999999146 0.1 0.0025920000000000387
2.4916874635567656 0.1 0.001965261141191166
2.4941690962098266 0.1 0.0014077467721782533
2.4962309037900012 0.1 0.0009288929612661367
2.4978588921281935 0.1 0.0005384556434818721
2.499039067055307 0.1 0.00024651062057473583
2.4997574344022455 0.1 6.345356101622457e-05
2.4999999999999134 0.1 0.0
2.4999999999999134 0.1 0.0
2.4999999999999134 0.1 0.0
2.4999999999999134 0.1 0.0
2.4999999999999134 0.1 0.0
2.4999999999999134 0.1 0.0
2.4999999999999134 0.1 0.0
2.4999999999999134 0.1 0.0
2.4999999999999134 0.1 0.0
2.4999999999999134 0.1 0.0
2.4999999999999134 0.1 0.0
2.4999999999999134 0.1 0.0
2.4999999999999134 0.1 0.0
2.4999999999999134 0.1 0.0
2.4999999999999134 0.1 0.0
2.4999999999999134 0.1 0.0
2.4999999999999134 0.1 0.0
2.4999999999999134 0.1 0.0
2.4999999999999134 0.1 0.0
2.4999999999999134 0.1 0.0
2.4999999999999134 0.1 0.0
2.4999999999999134 0.1 0.0
2.4999999999999134 0.1 0.0
2.4999999999999134 0.1 0.0
2.4999999999999134 0.1 0.0
2.4999999999999134 0.1 0.0
2.4999999999999134 0.1 0.0
2.4999999999999134 0.1 0.0
2.4999999999999134 0.1 0.0
2.4999999999999134 0.1 0.0
2.4999999999999134 0.1 0.0
2.4999999999999134 0.1 0.0
2.4999999999999134 0.1 0.0
2.4999999999999134 0.1 0.0
2.4999999999999134 0.1 0.0
2.4999999999999134 0.1 0.0
2.4999999999999134 0.1 0.0
2.4999999999999134 0.1 0.0
2.4999999999999134 0.1 0.0
2.4999999999999134 0.1 0.0
2.4999999999999134 0.1 0.0
2.4999999999999134 0.1 0.0
2.4999999999999134 0.1 0.0
2.4999999999999134 0.1 0.0
2.4999999999999134 0.1 0.0
2.4999999999999134 0.1 0.0
2.4999999999999134 0.1 0.0
2.4999999999999134 0.1 0.0
2.4999999999999134 0.1 0.0
2.4999999999999134 0.1 0.0
2.4999999999999134 0.1 0.0
2.4999999999999134 0.1 0.0
2.4999999999999134 0.1 0.0
2.4999999999999134 0.1 0.0
2.4999999999999134 0.1 0.0
2.4999999999999134 0.1 0.0
2.4999999999999134 0.1 0.0
2.4999999999999134 0.1 0.0
2.4999999999999134 0.1 0.0
2.4999999999999134 0.1 0.0
2.4999999999999134 0.1 0.0
2.4999999999999134 0.1 0.0
2.4999999999999134 0.1 0.0
2.4999999999999134 0.1 0.0
2.4999999999999134 0.1 0.0
2.4999999999999134 0.1 0.0
2.4999999999999134 0.1 0.0
2.4999999999999134 0.1 0.0
2.4999999999999134 0.1 0.0
2.4999999999999134 0.1 0.0
2.4999999999999134 0.1 0.0
2.4999999999999134 0.1 0.0
2.4999999999999134 0.1 0.0
2.4999999999999134 0.1 0.0
2.4999999999999134 0.1 0.0
2.4999999999999134 0.1 0.0
2.4999999999999134 0.1 0.0
2.4999999999999134 0.1 0.0
2.4999999999999134 0.1 0.0
2.4999999999999134 0.1 0.0
2.4999999999999134 0.1 0.0
2.4999999999999134 0.1 0.0
2.4999999999999134 0.1 0.0
2.4999999999999134 0.1 0.0
2.4999999999999134 0.1 0.0
2.4999999999999134 0.1 0.0
2.4999999999999134 0.1 0.0
2.4999999999999134 0.1 0.0
2.4999999999999134 0.1 0.0
2.4999999999999134 0.1 0.0
2.4999999999999134 0.1 0.0
2.4999999999999134 0.1 0.0
2.4999999999999134 0.1 0.0
2.4999999999999134 0.1 0.0
2.4999999999999134 0.1 0.0
2.4999999999999134 0.1 0.0
2.4999999999999134 0.1 0.0
2.4999999999999134 0.1 0.0
2.4999999999999134 0.1 0.0
2.4999999999999134 0.1 0.0
2.4999999999999134 0.1 0.0
2.4999999999999134 0.1 0.0
2.4999999999999134 0.1 0.0
2.4999999999999134 0.1 0.0
2.4999999999999134 0.1 0.0
2.4999999999999134 0.1 0.0
2.4999999999999134 0.1 0.0
2.4999999999999134 0.1 0.0
2.4999999999999134 0.1 0.0
2.4999999999999134 0.1 0.0
2.4999999999999134 0.1 0.0
2.4999999999999134 0.1 0.0
2.4999999999999134 0.1 0.0
2.4999999999999134 0.1 0.0
2.4999999999999134 0.1 0.0
2.4999999999999134 0.1 0.0
2.4999999999999134 0.1 0.0
2.4999999999999134 0.1 0.0
2.4999999999999134 0.1 0.0
2.4999999999999134 0.1 0.0
2.4999999999999134 0.1 0.0
2.4999999999999134 0.1 0.0
2.4999999999999134 0.1 0.0
2.4999999999999134 0.1 0.0
2.4999999999999134 0.1 0.0
2.4999999999999134 0.1 0.0
2.4999999999999134 0.1 0.0
2.4999999999999134 0.1 0.0
2.4999999999999134 0.1 0.0
2.4999999999999134 0.1 0.0
2.4999999999999134 0.1 0.0
2.500242565597581 0.1 6.345356101624323e-05
2.50096093294452 0.1 0.0002465106205747605
2.5021411078716334 0.1 0.0005384556434818824
2.5037690962098256 0.1 0.000928892961266139
2.50583090379 0.1 0.001407746772178259
2.508312536443061 0.1 0.00196526114119117
2.511199999999912 0.1 0.0025919999999999997
2.514479300291457 0.1 0.003278847147022074
2.5181364431485993 0.1 0.004017006247396917
2.5221574344022435 0.1 0.004798000832986255
2.5265282798832924 0.1 0.00561367430237401
2.5312349854226506 0.1 0.006456189920866304
2.5362635568512215 0.1 0.007318030820491461
2.541599999999909 0.1 0.008192
2.5472303206996165 0.1 0.00907122032486464
2.5531405247812486 0.1 0.009949134527280298
2.5593166180757088 0.1 0.010819505206164096
2.5657446064139005 0.1 0.01167641482715535
2.5724104956267277 0.1 0.012514265722615575
2.579300291545094 0.1 0.013327780091628487
2.586399999999904 0.1 0.014112
2.5936956268220603 0.1 0.014862287380258223
2.601173177842468 0.1 0.015574324031653479
2.6088186588920297 0.1 0.016244111620158264
2.6166180758016497 0.1 0.016867971678467306
2.624557434402232 0.1 0.0174425456059975
2.6326227405246803 0.1 0.01796479466888796
2.640799999999898 0.1 0.018431999999999997
2.649075218658789 0.1 0.01884176259891711
2.6574344023322576 0.1 0.019192003331945026
2.6658635568512072 0.1 0.01948096293211162
2.6743486880465412 0.1 0.019707201999167007
2.6828758017491645 0.1 0.0198696009995835
2.6914309037899797 0.1 0.019967360266555594
2.6999999999998914 0.1 0.01999999999999999
2.708569096209803 0.1 0.0199673602665556
2.7171241982506182 0.1 0.0198696009995835
2.7256513119532415 0.1 0.019707201999167007
2.7341364431485755 0.1 0.0194809629321116
2.742565597667525 0.1 0.019192003331945026
2.7509247813409936 0.1 0.018841762598917122
2.759199999999885 0.1 0.018432000000000004
2.7673772594751025 0.1 0.01796479466888795
2.7754425655975505 0.1 0.017442545605997506
2.783381924198133 0.1 0.01686797167846729
2.791181341107753 0.1 0.016244111620158264
2.7988268221573147 0.1 0.015574324031653486
2.8063043731777224 0.1 0.014862287380258216
2.813599999999879 0.1 0.014112000000000013
2.8206997084546885 0.1 0.013327780091628494
2.827589504373055 0.1 0.012514265722615547
2.8342553935858823 0.1 0.01167641482715534
2.840683381924074 0.1 0.01081950520616412
2.846859475218534 0.1 0.009949134527280301
2.8527696793001662 0.1 0.009071220324864626
2.858399999999874 0.1 0.008192000000000005
2.8637364431485612 0.1 0.007318030820491456
2.868765014577132 0.1 0.006456189920866273
2.8734717201164903 0.1 0.005613674302374
2.8778425655975393 0.1 0.004798000832986288
2.881863556851183 0.1 0.004017006247396898
2.8855206997083256 0.1 0.0032788471470220903
2.8887999999998706 0.1 0.0025920000000000387
2.8916874635567216 0.1 0.001965261141191166
2.8941690962097826 0.1 0.0014077467721782533
2.896230903789957 0.1 0.0009288929612661367
2.8978588921281494 0.1 0.0005384556434818721
2.899039067055263 0.1 0.00024651062057473583
2.8997574344022015 0.1 6.345356101622457e-05
2.8999999999998693 0.1 0.0
2.8999999999998693 0.1 0.0
2.8999999999998693 0.1 0.0
2.8999999999998693 0.1 0.0
2.8999999999998693 0.1 0.0
2.8999999999998693 0.1 0.0
2.8999999999998693 0.1 0.0
2.8999999999998693 0.1 0.0
2.8999999999998693 0.1 0.0
2.8999999999998693 0.1 0.0
2.8999999999998693 0.1 0.0
2.8999999999998693 0.1 0.0
2.8999999999998693 0.1 0.0
2.8999999999998693 0.1 0.0
2.8999999999998693 0.1 0.0
2.8999999999998693 0.1 0.0
2.8999999999998693 0.1 0.0
2.8999999999998693 0.1 0.0
2.8999999999998693 0.1 0.0
2.8999999999998693 0.1 0.0
2.8999999999998693 0.1 0.0
2.8999999999998693 0.1 0.0
2.8999999999998693 0.1 0.0
2.8999999999998693 0.1 0.0
2.8999999999998693 0.1 0.0
2.8999999999998693 0.1 0.0
2.8999999999998693 0.1 0.0
2.8999999999998693 0.1 0.0
2.8999999999998693 0.1 0.0
2.8999999999998693 0.1 0.0
2.8999999999998693 0.1 0.0
2.8999999999998693 0.1 0.0
2.8999999999998693 0.1 0.0
2.8999999999998693 0.1 0.0
2.8999999999998693 0.1 0.0
2.8999999999998693 0.1 0.0
2.8999999999998693 0.1 0.0
2.8999999999998693 0.1 0.0
2.8999999999998693 0.1 0.0
2.8999999999998693 0.1 0.0
2.8999999999998693 0.1 0.0
2.8999999999998693 0.1 0.0
2.8999999999998693 0.1 0.0
2.8999999999998693 0.1 0.0
2.8999999999998693 0.1 0.0
2.8999999999998693 0.1 0.0
2.8999999999998693 0.1 0.0
2.8999999999998693 0.1 0.0
2.8999999999998693 0.1 0.0
2.8999999999998693 0.1 0.0
2.8999999999998693 0.1 0.0
2.8999999999998693 0.1 0.0
2.8999999999998693 0.1 0.0
2.8999999999998693 0.1 0.0
2.8999999999998693 0.1 0.0
2.8999999999998693 0.1 0.0
2.8999999999998693 0.1 0.0
2.8999999999998693 0.1 0.0
2.8999999999998693 0.1 0.0
2.8999999999998693 0.1 0.0
2.8999999999998693 0.1 0.0
2.8999999999998693 0.1 0.0
2.8999999999998693 0.1 0.0
2.8999999999998693 0.1 0.0
2.8999999999998693 0.1 0.0
2.8999999999998693 0.1 0.0
2.8999999999998693 0.1 0.0
2.8999999999998693 0.1 0.0
2.8999999999998693 0.1 0.0
2.8999999999998693 0.1 0.0
2.8999999999998693 0.1 0.0
2.8999999999998693 0.1 0.0
2.8999999999998693 0.1 0.0
2.8999999999998693 0.1 0.0
2.8999999999998693 0.1 0.0
2.8999999999998693 0.1 0.0
2.8999999999998693 0.1 0.0
2.8999999999998693 0.1 0.0
2.8999999999998693 0.1 0.0
2.8999999999998693 0.1 0.0
2.8999999999998693 0.1 0.0
2.8999999999998693 0.1 0.0
2.8999999999998693 0.1 0.0
2.8999999999998693 0.1 0.0
2.8999999999998693 0.1 0.0
2.8999999999998693 0.1 0.0
2.8999999999998693 0.1 0.0
2.8999999999998693 0.1 0.0
2.8999999999998693 0.1 0.0
2.8999999999998693 0.1 0.0
2.8999999999998693 0.1 0.0
2.8999999999998693 0.1 0.0
2.8999999999998693 0.1 0.0
2.8999999999998693 0.1 0.0
2.8999999999998693 0.1 0.0
2.8999999999998693 0.1 0.0
2.8999999999998693 0.1 0.0
2.8999999999998693 0.1 0.0
2.8999999999998693 0.1 0.0
2.8999999999998693 0.1 0.0
2.8999999999998693 0.1 0.0
2.8999999999998693 0.1 0.0
2.8999999999998693 0.1 0.0
2.8999999999998693 0.1 0.0
2.8999999999998693 0.1 0.0
2.8999999999998693 0.1 0.0
2.8999999999998693 0.1 0.0
2.8999999999998693 0.1 0.0
2.8999999999998693 0.1 0.0
2.8999999999998693 0.1 0.0
2.8999999999998693 0.1 0.0
2.8999999999998693 0.1 0.0
2.8999999999998693 0.1 0.0
2.8999999999998693 0.1 0.0
2.8999999999998693 0.1 0.0
2.8999999999998693 0.1 0.0
2.8999999999998693 0.1 0.0
2.8999999999998693 0.1 0.0
2.8999999999998693 0.1 0.0
2.8999999999998693 0.1 0.0
2.8999999999998693 0.1 0.0
2.8999999999998693 0.1 0.0
2.8999999999998693 0.1 0.0
2.8999999999998693 0.1 0.0
2.8999999999998693 0.1 0.0
2.8999999999998693 0.1 0.0
2.8999999999998693 0.1 0.0
2.8999999999998693 0.1 0.0
2.8999999999998693 0.1 0.0
2.8999999999998693 0.1 0.0
2.8999999999998693 0.1 0.0
2.900242565597537 0.1 6.345356101624323e-05
2.900960932944476 0.1 0.0002465106205747605
2.9021411078715893 0.1 0.0005384556434818824
2.9037690962097815 0.1 0.000928892961266139
2.905830903789956 0.1 0.001407746772178259
2.908312536443017 0.1 0.00196526114119117
2.911199999999868 0.1 0.0025919999999999997
2.914479300291413 0.1 0.003278847147022074
2.9181364431485552 0.1 0.004017006247396917
2.9221574344021994 0.1 0.004798000832986255
2.9265282798832484 0.1 0.00561367430237401
2.9312349854226065 0.1 0.006456189920866304
2.9362635568511775 0.1 0.007318030820491461
2.9415999999998648 0.1 0.008192
2.9472303206995725 0.1 0.00907122032486464
2.9531405247812046 0.1 0.009949134527280298
2.9593166180756647 0.1 0.010819505206164096
2.9657446064138564 0.1 0.01167641482715535
2.9724104956266837 0.1 0.012514265722615575
2.97930029154505 0.1 0.013327780091628487
2.98639999999986 0.1 0.014112
2.9936956268220163 0.1 0.014862287380258223
3.001173177842424 0.1 0.015574324031653479
3.0088186588919856 0.1 0.016244111620158264
3.0166180758016057 0.1 0.016867971678467306
3.024557434402188 0.1 0.0174425456059975
3.032622740524636 0.1 0.01796479466888796
3.040799999999854 0.1 0.018431999999999997
3.049075218658745 0.1 0.01884176259891711
3.0574344023322135 0.1 0.019192003331945026
3.065863556851163 0.1 0.01948096293211162
3.074348688046497 0.1 0.019707201999167007
3.0828758017491205 0.1 0.0198696009995835
3.0914309037899357 0.1 0.019967360266555594
3.0999999999998473 0.1 0.01999999999999999
3.108569096209759 0.1 0.0199673602665556
3.117124198250574 0.1 0.0198696009995835
3.1256513119531975 0.1 0.019707201999167007
3.1341364431485315 0.1 0.0194809629321116
3.142565597667481 0.1 0.019192003331945026
3.1509247813409496 0.1 0.018841762598917122
3.159199999999841 0.1 0.018432000000000004
3.1673772594750584 0.1 0.01796479466888795
3.1754425655975065 0.1 0.017442545605997506
3.183381924198089 0.1 0.01686797167846729
3.191181341107709 0.1 0.016244111620158264
3.1988268221572707 0.1 0.015574324031653486
3.2063043731776784 0.1 0.014862287380258216
3.213599999999835 0.1 0.014112000000000013
3.2206997084546445 0.1 0.013327780091628494
3.227589504373011 0.1 0.012514265722615547
3.2342553935858382 0.1 0.01167641482715534
3.24068338192403 0.1 0.01081950520616412
3.24685947521849 0.1 0.009949134527280301
3.252769679300122 0.1 0.009071220324864626
3.25839999999983 0.1 0.008192000000000005
3.263736443148517 0.1 0.007318030820491456
3.268765014577088 0.1 0.006456189920866273
3.2734717201164463 0.1 0.005613674302374
3.277842565597495 0.1 0.004798000832986288
3.281863556851139 0.1 0.004017006247396898
3.2855206997082815 0.1 0.0032788471470220903
3.2887999999998265 0.1 0.0025920000000000387
3.2916874635566775 0.1 0.001965261141191166
3.2941690962097385 0.1 0.0014077467721782533
3.296230903789913 0.1 0.0009288929612661367
3.2978588921281053 0.1 0.0005384556434818721
3.2990390670552188 0.1 0.00024651062057473583
3.2997574344021574 0.1 6.345356101622457e-05
3.2999999999998253 0.1 0.0
3.2999999999998253 0.1 0.0
3.2999999999998253 0.1 0.0
3.2999999999998253 0.1 0.0
3.2999999999998253 0.1 0.0
3.2999999999998253 0.1 0.0
3.2999999999998253 0.1 0.0
3.2999999999998253 0.1 0.0
3.2999999999998253 0.1 0.0
3.2999999999998253 0.1 0.0
3.2999999999998253 0.1 0.0
3.2999999999998253 0.1 0.0
3.2999999999998253 0.1 0.0
3.2999999999998253 0.1 0.0
3.2999999999998253 0.1 0.0
3.2999999999998253 0.1 0.0
3.2999999999998253 0.1 0.0
3.2999999999998253 0.1 0.0
3.2999999999998253 0.1 0.0
3.2999999999998253 0.1 0.0
3.2999999999998253 0.1 0.0
3.2999999999998253 0.1 0.0
3.2999999999998253 0.1 0.0
3.2999999999998253 0.1 0.0
3.2999999999998253 0.1 0.0
3.2999999999998253 0.1 0.0
3.2999999999998253 0.1 0.0
3.2999999999998253 0.1 0.0
3.2999999999998253 0.1 0.0
3.2999999999998253 0.1 0.0
