[-0.00306685  0.00165124  0.00222482  0.00287623  0.0036027   0.00440145
  0.00526969  0.00620465  0.00720355  0.0082636   0.00938204  0.01055606
  0.01178291  0.01305979  0.01438393  0.01575255  0.01716287  0.01861211
  0.02009748  0.02161621  0.02316552  0.02474263  0.02634476  0.02796912
  0.02961295  0.03127345  0.03294786  0.03463338  0.03632724  0.03802666
  0.03972887  0.04143107  0.04313049  0.04482435  0.04650988  0.04818428
  0.04984479  0.05148861  0.05311298  0.0547151   0.05629221  0.05784152
  0.05936025  0.06084563  0.06229486  0.06370518  0.0650738   0.06639794
  0.06767482  0.06890167  0.0700757   0.07119413  0.07225418  0.07325308
  0.07418804  0.07505628  0.07585503  0.0765815   0.07723292  0.07780649
  0.07829946  0.07870902  0.07903241  0.07926685  0.21749745  0.21749745
  0.21749745  0.21749745  0.21749745  0.21749745  0.21749745  0.21749745
  0.21749745  0.21749745  0.21749745  0.21749745  0.21749745  0.21749745
  0.21749745  0.21749745  0.21749745  0.21749745  0.21749745  0.21749745
  0.21749745  0.21749745  0.21749745  0.21749745  0.21749745  0.21749745
  0.21749745  0.21749745  0.21749745  0.21749745  0.21749745  0.21749745
  0.21749745  0.21749745  0.21749745  0.21749745  0.21749745  0.21749745
  0.21749745  0.21749745  0.21749745  0.21749745  0.21749745  0.21749745
  0.21749745  0.21749745  0.21749745  0.21749745  0.21749745  0.21749745
  0.21749745  0.21749745  0.21749745  0.21749745  0.21749745  0.21749745
  0.21749745  0.21749745  0.21749745  0.21749745  0.21749745  0.21749745
  0.21749745  0.21749745  0.21749745  0.21749745  0.21749745  0.21749745
  0.21749745  0.21749745  0.21749745  0.21749745  0.21749745  0.21749745
  0.21749745  0.21749745  0.21749745  0.21749745  0.21749745  0.21749745
  0.21749745  0.21749745  0.21749745  0.21749745  0.21749745  0.21749745
  0.21749745  0.21749745  0.21749745  0.21749745  0.21749745  0.21749745
  0.21749745  0.21749745  0.21749745  0.21749745  0.21749745  0.21749745
  0.21749745  0.21749745  0.21749745  0.21749745  0.21749745  0.21749745
  0.21749745  0.21749745  0.21749745  0.21749745  0.21749745  0.21749745
  0.21749745  0.21749745  0.21749745  0.21749745  0.21749745  0.21749745
  0.21749745  0.21749745  0.21749745  0.21749745  0.21749745  0.21749745
  0.21749745  0.21749745  0.21749745  0.21749745  0.21749745  0.21749745
  0.21749745  0.21749745  0.21749745  0.07945773  0.07954646  0.07980922
  0.08024091  0.08083639  0.08159056] 
[0.08859143 0.10016776 0.10022604 0.10029222 0.10036603 0.10044718
 0.10053539 0.10063038 0.10073186 0.10083956 0.10095319 0.10107247
 0.10119711 0.10132684 0.10146137 0.10160042 0.1017437  0.10189094
 0.10204185 0.10219615 0.10235356 0.10251379 0.10267656 0.10284159
 0.1030086  0.1031773  0.10334742 0.10351866 0.10369075 0.10386341
 0.10403635 0.10420929 0.10438195 0.10455404 0.10472528 0.1048954
 0.1050641  0.10523111 0.10539614 0.10555891 0.10571914 0.10587655
 0.10603085 0.10618176 0.106329   0.10647228 0.10661133 0.10674586
 0.10687559 0.10700023 0.10711951 0.10723314 0.10734084 0.10744232
 0.10753731 0.10762552 0.10770668 0.10778048 0.10784666 0.10790494
 0.10795502 0.10799663 0.10802949 0.10805331 0.38229202 0.38229202
 0.38229202 0.38229202 0.38229202 0.38229202 0.38229202 0.38229202
 0.38229202 0.38229202 0.38229202 0.38229202 0.38229202 0.38229202
 0.38229202 0.38229202 0.38229202 0.38229202 0.38229202 0.38229202
 0.38229202 0.38229202 0.38229202 0.38229202 0.38229202 0.38229202
 0.38229202 0.38229202 0.38229202 0.38229202 0.38229202 0.38229202
 0.38229202 0.38229202 0.38229202 0.38229202 0.38229202 0.38229202
 0.38229202 0.38229202 0.38229202 0.38229202 0.38229202 0.38229202
 0.38229202 0.38229202 0.38229202 0.38229202 0.38229202 0.38229202
 0.38229202 0.38229202 0.38229202 0.38229202 0.38229202 0.38229202
 0.38229202 0.38229202 0.38229202 0.38229202 0.38229202 0.38229202
 0.38229202 0.38229202 0.38229202 0.38229202 0.38229202 0.38229202
 0.38229202 0.38229202 0.38229202 0.38229202 0.38229202 0.38229202
 0.38229202 0.38229202 0.38229202 0.38229202 0.38229202 0.38229202
 0.38229202 0.38229202 0.38229202 0.38229202 0.38229202 0.38229202
 0.38229202 0.38229202 0.38229202 0.38229202 0.38229202 0.38229202
 0.38229202 0.38229202 0.38229202 0.38229202 0.38229202 0.38229202
 0.38229202 0.38229202 0.38229202 0.38229202 0.38229202 0.38229202
 0.38229202 0.38229202 0.38229202 0.38229202 0.38229202 0.38229202
 0.38229202 0.38229202 0.38229202 0.38229202 0.38229202 0.38229202
 0.38229202 0.38229202 0.38229202 0.38229202 0.38229202 0.38229202
 0.38229202 0.38229202 0.38229202 0.38229202 0.38229202 0.38229202
 0.38229202 0.38229202 0.38229202 0.1080727  0.10811034 0.10822183
 0.10840498 0.10865762 0.10897759] 
[-1.28695317e-02  1.96526114e-03  2.59200000e-03  3.27884715e-03
  4.01700625e-03  4.79800083e-03  5.61367430e-03  6.45618992e-03
  7.31803082e-03  8.19200000e-03  9.07122032e-03  9.94913453e-03
  1.08195052e-02  1.16764148e-02  1.25142657e-02  1.33277801e-02
  1.41120000e-02  1.48622874e-02  1.55743240e-02  1.62441116e-02
  1.68679717e-02  1.74425456e-02  1.79647947e-02  1.84320000e-02
  1.88417626e-02  1.91920033e-02  1.94809629e-02  1.97072020e-02
  1.98696010e-02  1.99673603e-02  2.00000000e-02  1.99673603e-02
  1.98696010e-02  1.97072020e-02  1.94809629e-02  1.91920033e-02
  1.88417626e-02  1.84320000e-02  1.79647947e-02  1.74425456e-02
  1.68679717e-02  1.62441116e-02  1.55743240e-02  1.48622874e-02
  1.41120000e-02  1.33277801e-02  1.25142657e-02  1.16764148e-02
  1.08195052e-02  9.94913453e-03  9.07122032e-03  8.19200000e-03
  7.31803082e-03  6.45618992e-03  5.61367430e-03  4.79800083e-03
  4.01700625e-03  3.27884715e-03  2.59200000e-03  1.96526114e-03
  1.40774677e-03  9.28892961e-04  5.38455643e-04  2.46510511e-04
  6.63691642e-03  6.63691642e-03  6.63691642e-03  6.63691642e-03
  6.63691642e-03  6.63691642e-03  6.63691642e-03  6.63691642e-03
  6.63691642e-03  6.63691642e-03  6.63691642e-03  6.63691642e-03
  6.63691642e-03  6.63691642e-03  6.63691642e-03  6.63691642e-03
  6.63691642e-03  6.63691642e-03  6.63691642e-03  6.63691642e-03
  6.63691642e-03  6.63691642e-03  6.63691642e-03  6.63691642e-03
  6.63691642e-03  6.63691642e-03  6.63691642e-03  6.63691642e-03
  6.63691642e-03  6.63691642e-03  6.63691642e-03  6.63691642e-03
  6.63691642e-03  6.63691642e-03  6.63691642e-03  6.63691642e-03
  6.63691642e-03  6.63691642e-03  6.63691642e-03  6.63691642e-03
  6.63691642e-03  6.63691642e-03  6.63691642e-03  6.63691642e-03
  6.63691642e-03  6.63691642e-03  6.63691642e-03  6.63691642e-03
  6.63691642e-03  6.63691642e-03  6.63691642e-03  6.63691642e-03
  6.63691642e-03  6.63691642e-03  6.63691642e-03  6.63691642e-03
  6.63691642e-03  6.63691642e-03  6.63691642e-03  6.63691642e-03
  6.63691642e-03  6.63691642e-03  6.63691642e-03  6.63691642e-03
  6.63691642e-03  6.63691642e-03  6.63691642e-03  6.63691642e-03
  6.63691642e-03  6.63691642e-03  6.63691642e-03  6.63691642e-03
  6.63691642e-03  6.63691642e-03  6.63691642e-03  6.63691642e-03
  6.63691642e-03  6.63691642e-03  6.63691642e-03  6.63691642e-03
  6.63691642e-03  6.63691642e-03  6.63691642e-03  6.63691642e-03
  6.63691642e-03  6.63691642e-03  6.63691642e-03  6.63691642e-03
  6.63691642e-03  6.63691642e-03  6.63691642e-03  6.63691642e-03
  6.63691642e-03  6.63691642e-03  6.63691642e-03  6.63691642e-03
  6.63691642e-03  6.63691642e-03  6.63691642e-03  6.63691642e-03
  6.63691642e-03  6.63691642e-03  6.63691642e-03  6.63691642e-03
  6.63691642e-03  6.63691642e-03  6.63691642e-03  6.63691642e-03
  6.63691642e-03  6.63691642e-03  6.63691642e-03  6.63691642e-03
  6.63691642e-03  6.63691642e-03  6.63691642e-03  6.63691642e-03
  6.63691642e-03  6.63691642e-03  6.63691642e-03  6.63691642e-03
  6.63691642e-03  6.63691642e-03  6.63691642e-03  6.63691642e-03
  6.63691642e-03  6.63691642e-03  6.63691642e-03  6.63691642e-03
  6.63691642e-03  6.63691642e-03  6.63691642e-03 -1.09498555e-10
  6.34535610e-05  2.46510621e-04  5.38455643e-04  9.28892961e-04
  1.40774677e-03]