1.0310923973763693e-17 -0.10163857612916291 -1.3877787807814457e-17
1.0310923973763693e-17 -0.10163857612916291 -1.3877787807814457e-17
1.0310923973763693e-17 -0.10163857612916291 -1.3877787807814457e-17
1.0310923973763693e-17 -0.10163857612916291 -1.3877787807814457e-17
1.0310923973763693e-17 -0.10163857612916291 -1.3877787807814457e-17
1.0310923973763693e-17 -0.10163857612916291 -1.3877787807814457e-17
1.0310923973763693e-17 -0.10163857612916291 -1.3877787807814457e-17
1.0310923973763693e-17 -0.10163857612916291 -1.3877787807814457e-17
1.0310923973763693e-17 -0.10163857612916291 -1.3877787807814457e-17
1.0310923973763693e-17 -0.10163857612916291 -1.3877787807814457e-17
1.0310923973763693e-17 -0.10163857612916291 -1.3877787807814457e-17
1.0310923973763693e-17 -0.10163857612916291 -1.3877787807814457e-17
1.0310923973763693e-17 -0.10163857612916291 -1.3877787807814457e-17
1.0310923973763693e-17 -0.10163857612916291 -1.3877787807814457e-17
1.0310923973763693e-17 -0.10163857612916291 -1.3877787807814457e-17
1.0310923973763693e-17 -0.10163857612916291 -1.3877787807814457e-17
1.0310923973763693e-17 -0.10163857612916291 -1.3877787807814457e-17
1.0310923973763693e-17 -0.10163857612916291 -1.3877787807814457e-17
1.0310923973763693e-17 -0.10163857612916291 -1.3877787807814457e-17
1.0310923973763693e-17 -0.10163857612916291 -1.3877787807814457e-17
1.0310923973763693e-17 -0.10163857612916291 -1.3877787807814457e-17
1.0310923973763693e-17 -0.10163857612916291 -1.3877787807814457e-17
1.0310923973763693e-17 -0.10163857612916291 -1.3877787807814457e-17
1.0310923973763693e-17 -0.10163857612916291 -1.3877787807814457e-17
1.0310923973763693e-17 -0.10163857612916291 -1.3877787807814457e-17
1.0310923973763693e-17 -0.10163857612916291 -1.3877787807814457e-17
1.0310923973763693e-17 -0.10163857612916291 -1.3877787807814457e-17
1.0310923973763693e-17 -0.10163857612916291 -1.3877787807814457e-17
1.0310923973763693e-17 -0.10163857612916291 -1.3877787807814457e-17
1.0310923973763693e-17 -0.10163857612916291 -1.3877787807814457e-17
1.0310923973763693e-17 -0.10163857612916291 -1.3877787807814457e-17
1.0310923973763693e-17 -0.10163857612916291 -1.3877787807814457e-17
1.0310923973763693e-17 -0.10163857612916291 -1.3877787807814457e-17
1.0310923973763693e-17 -0.10163857612916291 -1.3877787807814457e-17
1.0310923973763693e-17 -0.10163857612916291 -1.3877787807814457e-17
1.0310923973763693e-17 -0.10163857612916291 -1.3877787807814457e-17
1.0310923973763693e-17 -0.10163857612916291 -1.3877787807814457e-17
1.0310923973763693e-17 -0.10163857612916291 -1.3877787807814457e-17
1.0310923973763693e-17 -0.10163857612916291 -1.3877787807814457e-17
1.0310923973763693e-17 -0.10163857612916291 -1.3877787807814457e-17
1.0310923973763693e-17 -0.10163857612916291 -1.3877787807814457e-17
1.0310923973763693e-17 -0.10163857612916291 -1.3877787807814457e-17
1.0310923973763693e-17 -0.10163857612916291 -1.3877787807814457e-17
1.0310923973763693e-17 -0.10163857612916291 -1.3877787807814457e-17
1.0310923973763693e-17 -0.10163857612916291 -1.3877787807814457e-17
1.0310923973763693e-17 -0.10163857612916291 -1.3877787807814457e-17
1.0310923973763693e-17 -0.10163857612916291 -1.3877787807814457e-17
1.0310923973763693e-17 -0.10163857612916291 -1.3877787807814457e-17
1.0310923973763693e-17 -0.10163857612916291 -1.3877787807814457e-17
1.0310923973763693e-17 -0.10163857612916291 -1.3877787807814457e-17
1.0310923973763693e-17 -0.10163857612916291 -1.3877787807814457e-17
1.0310923973763693e-17 -0.10163857612916291 -1.3877787807814457e-17
1.0310923973763693e-17 -0.10163857612916291 -1.3877787807814457e-17
1.0310923973763693e-17 -0.10163857612916291 -1.3877787807814457e-17
1.0310923973763693e-17 -0.10163857612916291 -1.3877787807814457e-17
1.0310923973763693e-17 -0.10163857612916291 -1.3877787807814457e-17
1.0310923973763693e-17 -0.10163857612916291 -1.3877787807814457e-17
1.0310923973763693e-17 -0.10163857612916291 -1.3877787807814457e-17
1.0310923973763693e-17 -0.10163857612916291 -1.3877787807814457e-17
1.0310923973763693e-17 -0.10163857612916291 -1.3877787807814457e-17
1.0310923973763693e-17 -0.10163857612916291 -1.3877787807814457e-17
1.0310923973763693e-17 -0.10163857612916291 -1.3877787807814457e-17
1.0310923973763693e-17 -0.10163857612916291 -1.3877787807814457e-17
1.0310923973763693e-17 -0.10163857612916291 -1.3877787807814457e-17
1.0310923973763693e-17 -0.10163857612916291 -1.3877787807814457e-17
1.0310923973763693e-17 -0.10163857612916291 -1.3877787807814457e-17
1.0310923973763693e-17 -0.10163857612916291 -1.3877787807814457e-17
1.0310923973763693e-17 -0.10163857612916291 -1.3877787807814457e-17
1.0310923973763693e-17 -0.10163857612916291 -1.3877787807814457e-17
1.0310923973763693e-17 -0.10163857612916291 -1.3877787807814457e-17
1.0310923973763693e-17 -0.10163857612916291 -1.3877787807814457e-17
1.0310923973763693e-17 -0.10163857612916291 -1.3877787807814457e-17
1.0310923973763693e-17 -0.10163857612916291 -1.3877787807814457e-17
1.0310923973763693e-17 -0.10163857612916291 -1.3877787807814457e-17
1.0310923973763693e-17 -0.10163857612916291 -1.3877787807814457e-17
1.0310923973763693e-17 -0.10163857612916291 -1.3877787807814457e-17
1.0310923973763693e-17 -0.10163857612916291 -1.3877787807814457e-17
1.0310923973763693e-17 -0.10163857612916291 -1.3877787807814457e-17
1.0310923973763693e-17 -0.10163857612916291 -1.3877787807814457e-17
1.0310923973763693e-17 -0.10163857612916291 -1.3877787807814457e-17
1.0310923973763693e-17 -0.10163857612916291 -1.3877787807814457e-17
1.0310923973763693e-17 -0.10163857612916291 -1.3877787807814457e-17
1.0310923973763693e-17 -0.10163857612916291 -1.3877787807814457e-17
1.0310923973763693e-17 -0.10163857612916291 -1.3877787807814457e-17
1.0310923973763693e-17 -0.10163857612916291 -1.3877787807814457e-17
1.0310923973763693e-17 -0.10163857612916291 -1.3877787807814457e-17
1.0310923973763693e-17 -0.10163857612916291 -1.3877787807814457e-17
1.0310923973763693e-17 -0.10163857612916291 -1.3877787807814457e-17
1.0310923973763693e-17 -0.10163857612916291 -1.3877787807814457e-17
1.0310923973763693e-17 -0.10163857612916291 -1.3877787807814457e-17
1.0310923973763693e-17 -0.10163857612916291 -1.3877787807814457e-17
1.0310923973763693e-17 -0.10163857612916291 -1.3877787807814457e-17
1.0310923973763693e-17 -0.10163857612916291 -1.3877787807814457e-17
1.0310923973763693e-17 -0.10163857612916291 -1.3877787807814457e-17
1.0310923973763693e-17 -0.10163857612916291 -1.3877787807814457e-17
1.0310923973763693e-17 -0.10163857612916291 -1.3877787807814457e-17
1.0310923973763693e-17 -0.10163857612916291 -1.3877787807814457e-17
1.0310923973763693e-17 -0.10163857612916291 -1.3877787807814457e-17
1.0310923973763693e-17 -0.10163857612916291 -1.3877787807814457e-17
1.0310923973763693e-17 -0.10163857612916291 -1.3877787807814457e-17
1.0310923973763693e-17 -0.10163857612916291 -1.3877787807814457e-17
1.0310923973763693e-17 -0.10163857612916291 -1.3877787807814457e-17
1.0310923973763693e-17 -0.10163857612916291 -1.3877787807814457e-17
1.0310923973763693e-17 -0.10163857612916291 -1.3877787807814457e-17
1.0310923973763693e-17 -0.10163857612916291 -1.3877787807814457e-17
1.0310923973763693e-17 -0.10163857612916291 -1.3877787807814457e-17
1.0310923973763693e-17 -0.10163857612916291 -1.3877787807814457e-17
1.0310923973763693e-17 -0.10163857612916291 -1.3877787807814457e-17
1.0310923973763693e-17 -0.10163857612916291 -1.3877787807814457e-17
1.0310923973763693e-17 -0.10163857612916291 -1.3877787807814457e-17
1.0310923973763693e-17 -0.10163857612916291 -1.3877787807814457e-17
1.0310923973763693e-17 -0.10163857612916291 -1.3877787807814457e-17
1.0310923973763693e-17 -0.10163857612916291 -1.3877787807814457e-17
1.0310923973763693e-17 -0.10163857612916291 -1.3877787807814457e-17
1.0310923973763693e-17 -0.10163857612916291 -1.3877787807814457e-17
1.0310923973763693e-17 -0.10163857612916291 -1.3877787807814457e-17
1.0310923973763693e-17 -0.10163857612916291 -1.3877787807814457e-17
1.0310923973763693e-17 -0.10163857612916291 -1.3877787807814457e-17
1.0310923973763693e-17 -0.10163857612916291 -1.3877787807814457e-17
1.0310923973763693e-17 -0.10163857612916291 -1.3877787807814457e-17
1.0310923973763693e-17 -0.10163857612916291 -1.3877787807814457e-17
1.0310923973763693e-17 -0.10163857612916291 -1.3877787807814457e-17
1.0310923973763693e-17 -0.10163857612916291 -1.3877787807814457e-17
1.0310923973763693e-17 -0.10163857612916291 -1.3877787807814457e-17
1.0310923973763693e-17 -0.10163857612916291 -1.3877787807814457e-17
1.0310923973763693e-17 -0.10163857612916291 -1.3877787807814457e-17
1.0310923973763693e-17 -0.10163857612916291 -1.3877787807814457e-17
1.0310923973763693e-17 -0.10163857612916291 -1.3877787807814457e-17
1.0310923973763693e-17 -0.10163857612916291 -1.3877787807814457e-17
1.0310923973763693e-17 -0.10163857612916291 -1.3877787807814457e-17
1.0310923973763693e-17 -0.10163857612916291 -1.3877787807814457e-17
1.0310923973763693e-17 -0.10163857612916291 -1.3877787807814457e-17
1.0310923973763693e-17 -0.10163857612916291 -1.3877787807814457e-17
1.0310923973763693e-17 -0.10163857612916291 -1.3877787807814457e-17
1.0310923973763693e-17 -0.10163857612916291 -1.3877787807814457e-17
1.0310923973763693e-17 -0.10163857612916291 -1.3877787807814457e-17
1.0310923973763693e-17 -0.10163857612916291 -1.3877787807814457e-17
1.0310923973763693e-17 -0.10163857612916291 -1.3877787807814457e-17
1.0310923973763693e-17 -0.10163857612916291 -1.3877787807814457e-17
1.0310923973763693e-17 -0.10163857612916291 -1.3877787807814457e-17
1.0310923973763693e-17 -0.10163857612916291 -1.3877787807814457e-17
1.0310923973763693e-17 -0.10163857612916291 -1.3877787807814457e-17
1.0310923973763693e-17 -0.10163857612916291 -1.3877787807814457e-17
1.0310923973763693e-17 -0.10163857612916291 -1.3877787807814457e-17
1.0310923973763693e-17 -0.10163857612916291 -1.3877787807814457e-17
1.0310923973763693e-17 -0.10163857612916291 -1.3877787807814457e-17
1.0310923973763693e-17 -0.10163857612916291 -1.3877787807814457e-17
1.0310923973763693e-17 -0.10163857612916291 -1.3877787807814457e-17
1.0310923973763693e-17 -0.10163857612916291 -1.3877787807814457e-17
1.0310923973763693e-17 -0.10163857612916291 -1.3877787807814457e-17
1.0310923973763693e-17 -0.10163857612916291 -1.3877787807814457e-17
1.0310923973763693e-17 -0.10163857612916291 -1.3877787807814457e-17
1.0310923973763693e-17 -0.10163857612916291 -1.3877787807814457e-17
1.0310923973763693e-17 -0.10163857612916291 -1.3877787807814457e-17
1.0310923973763693e-17 -0.10163857612916291 -1.3877787807814457e-17
1.0310923973763693e-17 -0.10163857612916291 -1.3877787807814457e-17
1.0310923973763693e-17 -0.10163857612916291 -1.3877787807814457e-17
1.0310923973763693e-17 -0.10163857612916291 -1.3877787807814457e-17
1.0310923973763693e-17 -0.10163857612916291 -1.3877787807814457e-17
1.0310923973763693e-17 -0.10163857612916291 -1.3877787807814457e-17
1.0310923973763693e-17 -0.10163857612916291 -1.3877787807814457e-17
1.0310923973763693e-17 -0.10163857612916291 -1.3877787807814457e-17
1.0310923973763693e-17 -0.10163857612916291 -1.3877787807814457e-17
1.0310923973763693e-17 -0.10163857612916291 -1.3877787807814457e-17
1.0310923973763693e-17 -0.10163857612916291 -1.3877787807814457e-17
1.0310923973763693e-17 -0.10163857612916291 -1.3877787807814457e-17
1.0310923973763693e-17 -0.10163857612916291 -1.3877787807814457e-17
1.0310923973763693e-17 -0.10163857612916291 -1.3877787807814457e-17
1.0310923973763693e-17 -0.10163857612916291 -1.3877787807814457e-17
1.0310923973763693e-17 -0.10163857612916291 -1.3877787807814457e-17
1.0310923973763693e-17 -0.10163857612916291 -1.3877787807814457e-17
1.0310923973763693e-17 -0.10163857612916291 -1.3877787807814457e-17
1.0310923973763693e-17 -0.10163857612916291 -1.3877787807814457e-17
1.0310923973763693e-17 -0.10163857612916291 -1.3877787807814457e-17
1.0310923973763693e-17 -0.10163857612916291 -1.3877787807814457e-17
1.0310923973763693e-17 -0.10163857612916291 -1.3877787807814457e-17
1.0310923973763693e-17 -0.10163857612916291 -1.3877787807814457e-17
1.0310923973763693e-17 -0.10163857612916291 -1.3877787807814457e-17
1.0310923973763693e-17 -0.10163857612916291 -1.3877787807814457e-17
1.0310923973763693e-17 -0.10163857612916291 -1.3877787807814457e-17
1.0310923973763693e-17 -0.10163857612916291 -1.3877787807814457e-17
1.0310923973763693e-17 -0.10163857612916291 -1.3877787807814457e-17
1.0310923973763693e-17 -0.10163857612916291 -1.3877787807814457e-17
1.0310923973763693e-17 -0.10163857612916291 -1.3877787807814457e-17
1.0310923973763693e-17 -0.10163857612916291 -1.3877787807814457e-17
1.0310923973763693e-17 -0.10163857612916291 -1.3877787807814457e-17
1.0310923973763693e-17 -0.10163857612916291 -1.3877787807814457e-17
1.0310923973763693e-17 -0.10163857612916291 -1.3877787807814457e-17
1.0310923973763693e-17 -0.10163857612916291 -1.3877787807814457e-17
1.0310923973763693e-17 -0.10163857612916291 -1.3877787807814457e-17
1.0310923973763693e-17 -0.10163857612916291 -1.3877787807814457e-17
1.0310923973763693e-17 -0.10163857612916291 -1.3877787807814457e-17
1.0310923973763693e-17 -0.10163857612916291 -1.3877787807814457e-17
1.0310923973763693e-17 -0.10163857612916291 -1.3877787807814457e-17
1.0310923973763693e-17 -0.10163857612916291 -1.3877787807814457e-17
1.0310923973763693e-17 -0.10163857612916291 -1.3877787807814457e-17
1.0310923973763693e-17 -0.10163857612916291 -1.3877787807814457e-17
1.0310923973763693e-17 -0.10163857612916291 -1.3877787807814457e-17
1.0310923973763693e-17 -0.10163857612916291 -1.3877787807814457e-17
1.0310923973763693e-17 -0.10163857612916291 -1.3877787807814457e-17
1.0310923973763693e-17 -0.1 0.0
1.0310923973763693e-17 -0.1 0.0
1.0310923973763693e-17 -0.1 0.0
1.0310923973763693e-17 -0.1 0.0
1.0310923973763693e-17 -0.1 0.0
1.0310923973763693e-17 -0.1 0.0
1.0310923973763693e-17 -0.1 0.0
1.0310923973763693e-17 -0.1 0.0
1.0310923973763693e-17 -0.1 0.0
1.0310923973763693e-17 -0.1 0.0
1.0310923973763693e-17 -0.1 0.0
1.0310923973763693e-17 -0.1 0.0
1.0310923973763693e-17 -0.1 0.0
1.0310923973763693e-17 -0.1 0.0
1.0310923973763693e-17 -0.1 0.0
1.0310923973763693e-17 -0.1 0.0
1.0310923973763693e-17 -0.1 0.0
1.0310923973763693e-17 -0.1 0.0
1.0310923973763693e-17 -0.1 0.0
1.0310923973763693e-17 -0.1 0.0
1.0310923973763693e-17 -0.1 0.0
1.0310923973763693e-17 -0.1 0.0
1.0310923973763693e-17 -0.1 0.0
1.0310923973763693e-17 -0.1 0.0
1.0310923973763693e-17 -0.1 0.0
1.0310923973763693e-17 -0.1 0.0
1.0310923973763693e-17 -0.1 0.0
1.0310923973763693e-17 -0.1 0.0
1.0310923973763693e-17 -0.1 0.0
1.0310923973763693e-17 -0.1 0.0
1.0310923973763693e-17 -0.1 0.0
1.0310923973763693e-17 -0.1 0.0
1.0310923973763693e-17 -0.1 0.0
1.0310923973763693e-17 -0.1 0.0
1.0310923973763693e-17 -0.1 0.0
1.0310923973763693e-17 -0.1 0.0
1.0310923973763693e-17 -0.1 0.0
1.0310923973763693e-17 -0.1 0.0
1.0310923973763693e-17 -0.1 0.0
1.0310923973763693e-17 -0.1 0.0
1.0310923973763693e-17 -0.1 0.0
1.0310923973763693e-17 -0.1 0.0
1.0310923973763693e-17 -0.1 0.0
1.0310923973763693e-17 -0.1 0.0
1.0310923973763693e-17 -0.1 0.0
1.0310923973763693e-17 -0.1 0.0
1.0310923973763693e-17 -0.1 0.0
1.0310923973763693e-17 -0.1 0.0
1.0310923973763693e-17 -0.1 0.0
1.0310923973763693e-17 -0.1 0.0
1.0310923973763693e-17 -0.1 0.0
1.0310923973763693e-17 -0.1 0.0
1.0310923973763693e-17 -0.1 0.0
1.0310923973763693e-17 -0.1 0.0
1.0310923973763693e-17 -0.1 0.0
1.0310923973763693e-17 -0.1 0.0
1.0310923973763693e-17 -0.1 0.0
1.0310923973763693e-17 -0.1 0.0
1.0310923973763693e-17 -0.1 0.0
1.0310923973763693e-17 -0.1 0.0
1.0310923973763693e-17 -0.1 0.0
1.0310923973763693e-17 -0.1 0.0
1.0310923973763693e-17 -0.1 0.0
1.0310923973763693e-17 -0.1 0.0
1.0310923973763693e-17 -0.1 0.0
1.0310923973763693e-17 -0.1 0.0
1.0310923973763693e-17 -0.1 0.0
1.0310923973763693e-17 -0.1 0.0
1.0310923973763693e-17 -0.1 0.0
1.0310923973763693e-17 -0.1 0.0
1.0310923973763693e-17 -0.1 0.0
1.0310923973763693e-17 -0.1 0.0
1.0310923973763693e-17 -0.1 0.0
1.0310923973763693e-17 -0.1 0.0
1.0310923973763693e-17 -0.1 0.0
1.0310923973763693e-17 -0.1 0.0
1.0310923973763693e-17 -0.1 0.0
1.0310923973763693e-17 -0.1 0.0
1.0310923973763693e-17 -0.1 0.0
1.0310923973763693e-17 -0.1 0.0
1.0310923973763693e-17 -0.1 0.0
1.0310923973763693e-17 -0.1 0.0
1.0310923973763693e-17 -0.1 0.0
1.0310923973763693e-17 -0.1 0.0
1.0310923973763693e-17 -0.1 0.0
1.0310923973763693e-17 -0.1 0.0
1.0310923973763693e-17 -0.1 0.0
1.0310923973763693e-17 -0.1 0.0
1.0310923973763693e-17 -0.1 0.0
1.0310923973763693e-17 -0.1 0.0
1.0310923973763693e-17 -0.1 0.0
1.0310923973763693e-17 -0.1 0.0
1.0310923973763693e-17 -0.1 0.0
1.0310923973763693e-17 -0.1 0.0
1.0310923973763693e-17 -0.1 0.0
1.0310923973763693e-17 -0.1 0.0
1.0310923973763693e-17 -0.1 0.0
1.0310923973763693e-17 -0.1 0.0
1.0310923973763693e-17 -0.1 0.0
1.0310923973763693e-17 -0.1 0.0
1.0310923973763693e-17 -0.1 0.0
8.489795918368416e-05 -0.1 6.345356101624323e-05
0.00033632653061225673 -0.1 0.0002465106205747605
0.0007493877551020545 -0.1 0.0005384556434818824
0.001319183673469404 -0.1 0.000928892961266139
0.0020408163265306315 -0.1 0.001407746772178259
0.002909387755102064 -0.1 0.00196526114119117
0.003920000000000028 -0.1 0.0025919999999999997
0.005067755102040849 -0.1 0.003278847147022074
0.006347755102040855 -0.1 0.004017006247396917
0.007755102040816371 -0.1 0.004798000832986255
0.009284897959183724 -0.1 0.00561367430237401
0.010932244897959242 -0.1 0.006456189920866304
0.01269224489795925 -0.1 0.007318030820491461
0.014560000000000075 -0.1 0.008192
0.016530612244898043 -0.1 0.00907122032486464
0.01859918367346948 -0.1 0.009949134527280298
0.020760816326530714 -0.1 0.010819505206164096
0.02301061224489807 -0.1 0.01167641482715535
0.02534367346938788 -0.1 0.012514265722615575
0.02775510204081646 -0.1 0.013327780091628487
0.030240000000000142 -0.1 0.014112
0.03279346938775526 -0.1 0.014862287380258223
0.03541061224489813 -0.1 0.015574324031653479
0.038086530612245074 -0.1 0.016244111620158264
0.04081632653061243 -0.1 0.016867971678467306
0.04359510204081653 -0.1 0.0174425456059975
0.04641795918367368 -0.1 0.01796479466888796
0.049280000000000226 -0.1 0.018431999999999997
0.05217632653061248 -0.1 0.01884176259891711
0.055102040816326775 -0.1 0.019192003331945026
0.05805224489795944 -0.1 0.01948096293211162
0.0610220408163268 -0.1 0.019707201999167007
0.06400653061224519 -0.1 0.0198696009995835
0.06700081632653092 -0.1 0.019967360266555594
0.07000000000000033 -0.1 0.01999999999999999
0.07299918367346972 -0.1 0.0199673602665556
0.07599346938775543 -0.1 0.0198696009995835
0.07897795918367383 -0.1 0.019707201999167007
0.08194775510204119 -0.1 0.0194809629321116
0.08489795918367386 -0.1 0.019192003331945026
0.08782367346938816 -0.1 0.018841762598917122
0.09072000000000041 -0.1 0.018432000000000004
0.09358204081632694 -0.1 0.01796479466888795
0.09640489795918412 -0.1 0.017442545605997506
0.09918367346938818 -0.1 0.01686797167846729
0.10191346938775557 -0.1 0.016244111620158264
0.1045893877551025 -0.1 0.015574324031653486
0.1072065306122454 -0.1 0.014862287380258216
0.1097600000000005 -0.1 0.014112000000000013
0.11224489795918417 -0.1 0.013327780091628494
0.11465632653061275 -0.1 0.012514265722615547
0.11698938775510255 -0.1 0.01167641482715534
0.11923918367346992 -0.1 0.01081950520616412
0.12140081632653116 -0.1 0.009949134527280301
0.12346938775510259 -0.1 0.009071220324864626
0.12544000000000055 -0.1 0.008192000000000005
0.1273077551020414 -0.1 0.007318030820491456
0.12906775510204135 -0.1 0.006456189920866273
0.13071510204081688 -0.1 0.005613674302374
0.13224489795918423 -0.1 0.004798000832986288
0.1336522448979597 -0.1 0.004017006247396898
0.13493224489795977 -0.1 0.0032788471470220903
0.13608000000000056 -0.1 0.0025920000000000387
0.13709061224489855 -0.1 0.001965261141191166
0.13795918367346996 -0.1 0.0014077467721782533
0.13868081632653123 -0.1 0.0009288929612661367
0.13925061224489857 -0.1 0.0005384556434818721
0.13966367346938835 -0.1 0.00024651062057473583
0.1399151020408169 -0.1 6.345356101622457e-05
0.14000000000000062 -0.1 0.0
0.14000000000000062 -0.1 0.0
0.14000000000000062 -0.1 0.0
0.14000000000000062 -0.1 0.0
0.14000000000000062 -0.1 0.0
0.14000000000000062 -0.1 0.0
0.14000000000000062 -0.1 0.0
0.14000000000000062 -0.1 0.0
0.14000000000000062 -0.1 0.0
0.14000000000000062 -0.1 0.0
0.14000000000000062 -0.1 0.0
0.14000000000000062 -0.1 0.0
0.14000000000000062 -0.1 0.0
0.14000000000000062 -0.1 0.0
0.14000000000000062 -0.1 0.0
0.14000000000000062 -0.1 0.0
0.14000000000000062 -0.1 0.0
0.14000000000000062 -0.1 0.0
0.14000000000000062 -0.1 0.0
0.14000000000000062 -0.1 0.0
0.14000000000000062 -0.1 0.0
0.14000000000000062 -0.1 0.0
0.14000000000000062 -0.1 0.0
0.14000000000000062 -0.1 0.0
0.14000000000000062 -0.1 0.0
0.14000000000000062 -0.1 0.0
0.14000000000000062 -0.1 0.0
0.14000000000000062 -0.1 0.0
0.14000000000000062 -0.1 0.0
0.14000000000000062 -0.1 0.0
0.14000000000000062 -0.1 0.0
0.14000000000000062 -0.1 0.0
0.14000000000000062 -0.1 0.0
0.14000000000000062 -0.1 0.0
0.14000000000000062 -0.1 0.0
0.14000000000000062 -0.1 0.0
0.14000000000000062 -0.1 0.0
0.14000000000000062 -0.1 0.0
0.14000000000000062 -0.1 0.0
0.14000000000000062 -0.1 0.0
0.14000000000000062 -0.1 0.0
0.14000000000000062 -0.1 0.0
0.14000000000000062 -0.1 0.0
0.14000000000000062 -0.1 0.0
0.14000000000000062 -0.1 0.0
0.14000000000000062 -0.1 0.0
0.14000000000000062 -0.1 0.0
0.14000000000000062 -0.1 0.0
0.14000000000000062 -0.1 0.0
0.14000000000000062 -0.1 0.0
0.14000000000000062 -0.1 0.0
0.14000000000000062 -0.1 0.0
0.14000000000000062 -0.1 0.0
0.14000000000000062 -0.1 0.0
0.14000000000000062 -0.1 0.0
0.14000000000000062 -0.1 0.0
0.14000000000000062 -0.1 0.0
0.14000000000000062 -0.1 0.0
0.14000000000000062 -0.1 0.0
0.14000000000000062 -0.1 0.0
0.14000000000000062 -0.1 0.0
0.14000000000000062 -0.1 0.0
0.14000000000000062 -0.1 0.0
0.14000000000000062 -0.1 0.0
0.14000000000000062 -0.1 0.0
0.14000000000000062 -0.1 0.0
0.14000000000000062 -0.1 0.0
0.14000000000000062 -0.1 0.0
0.14000000000000062 -0.1 0.0
0.14000000000000062 -0.1 0.0
0.14000000000000062 -0.1 0.0
0.14000000000000062 -0.1 0.0
0.14000000000000062 -0.1 0.0
0.14000000000000062 -0.1 0.0
0.14000000000000062 -0.1 0.0
0.14000000000000062 -0.1 0.0
0.14000000000000062 -0.1 0.0
0.14000000000000062 -0.1 0.0
0.14000000000000062 -0.1 0.0
0.14000000000000062 -0.1 0.0
0.14000000000000062 -0.1 0.0
0.14000000000000062 -0.1 0.0
0.14000000000000062 -0.1 0.0
0.14000000000000062 -0.1 0.0
0.14000000000000062 -0.1 0.0
0.14000000000000062 -0.1 0.0
0.14000000000000062 -0.1 0.0
0.14000000000000062 -0.1 0.0
0.14000000000000062 -0.1 0.0
0.14000000000000062 -0.1 0.0
0.14000000000000062 -0.1 0.0
0.14000000000000062 -0.1 0.0
0.14000000000000062 -0.1 0.0
0.14000000000000062 -0.1 0.0
0.14000000000000062 -0.1 0.0
0.14000000000000062 -0.1 0.0
0.14000000000000062 -0.1 0.0
0.14000000000000062 -0.1 0.0
0.14000000000000062 -0.1 0.0
0.14000000000000062 -0.1 0.0
0.14000000000000062 -0.1 0.0
0.14000000000000062 -0.1 0.0
0.14000000000000062 -0.1 0.0
0.14000000000000062 -0.1 0.0
0.14000000000000062 -0.1 0.0
0.14000000000000062 -0.1 0.0
0.14000000000000062 -0.1 0.0
0.14000000000000062 -0.1 0.0
0.14000000000000062 -0.1 0.0
0.14000000000000062 -0.1 0.0
0.14000000000000062 -0.1 0.0
0.14000000000000062 -0.1 0.0
0.14000000000000062 -0.1 0.0
0.14000000000000062 -0.1 0.0
0.14000000000000062 -0.1 0.0
0.14000000000000062 -0.1 0.0
0.14000000000000062 -0.1 0.0
0.14000000000000062 -0.1 0.0
0.14000000000000062 -0.1 0.0
0.14000000000000062 -0.1 0.0
0.14000000000000062 -0.1 0.0
0.14000000000000062 -0.1 0.0
0.14000000000000062 -0.1 0.0
0.14000000000000062 -0.1 0.0
0.14000000000000062 -0.1 0.0
0.14000000000000062 -0.1 0.0
0.14000000000000062 -0.1 0.0
0.14000000000000062 -0.1 0.0
0.14000000000000062 -0.1 0.0
0.14000000000000062 -0.1 0.0
0.14000000000000062 -0.1 0.0
0.1400727696793009 -0.1 6.345356101624323e-05
0.14028827988338255 -0.1 0.0002465106205747605
0.14064233236151666 -0.1 0.0005384556434818824
0.1411307288629744 -0.1 0.000928892961266139
0.14174927113702687 -0.1 0.001407746772178259
0.14249376093294525 -0.1 0.00196526114119117
0.14336000000000065 -0.1 0.0025919999999999997
0.1443437900874642 -0.1 0.003278847147022074
0.14544093294460708 -0.1 0.004017006247396917
0.14664723032070037 -0.1 0.004798000832986255
0.14795848396501524 -0.1 0.00561367430237401
0.14937049562682284 -0.1 0.006456189920866304
0.15087906705539428 -0.1 0.007318030820491461
0.1524800000000007 -0.1 0.008192
0.15416909620991323 -0.1 0.00907122032486464
0.15594215743440304 -0.1 0.009949134527280298
0.15779498542274123 -0.1 0.010819505206164096
0.159723381924199 -0.1 0.01167641482715535
0.16172314868804738 -0.1 0.012514265722615575
0.1637900874635576 -0.1 0.013327780091628487
0.16592000000000076 -0.1 0.014112
0.16810868804664802 -0.1 0.014862287380258223
0.17035195335277048 -0.1 0.015574324031653479
0.1726455976676393 -0.1 0.016244111620158264
0.1749854227405256 -0.1 0.016867971678467306
0.17736723032070054 -0.1 0.0174425456059975
0.17978682215743524 -0.1 0.01796479466888796
0.18224000000000085 -0.1 0.018431999999999997
0.1847225655976685 -0.1 0.01884176259891711
0.18723032069970935 -0.1 0.019192003331945026
0.18975906705539447 -0.1 0.01948096293211162
0.19230460641399508 -0.1 0.019707201999167007
0.19486274052478225 -0.1 0.0198696009995835
0.19742927113702718 -0.1 0.019967360266555594
0.20000000000000095 -0.1 0.01999999999999999
0.20257072886297472 -0.1 0.0199673602665556
0.20513725947521963 -0.1 0.0198696009995835
0.2076953935860068 -0.1 0.019707201999167007
0.21024093294460744 -0.1 0.0194809629321116
0.21276967930029256 -0.1 0.019192003331945026
0.2152774344023334 -0.1 0.018841762598917122
0.21776000000000104 -0.1 0.018432000000000004
0.22021317784256667 -0.1 0.01796479466888795
0.22263276967930137 -0.1 0.017442545605997506
0.2250145772594763 -0.1 0.01686797167846729
0.22735440233236262 -0.1 0.016244111620158264
0.22964804664723143 -0.1 0.015574324031653486
0.23189131195335388 -0.1 0.014862287380258216
0.23408000000000112 -0.1 0.014112000000000013
0.2362099125364443 -0.1 0.013327780091628494
0.2382768513119545 -0.1 0.012514265722615547
0.24027661807580292 -0.1 0.01167641482715534
0.24220501457726065 -0.1 0.01081950520616412
0.24405784256559887 -0.1 0.009949134527280301
0.24583090379008865 -0.1 0.009071220324864626
0.2475200000000012 -0.1 0.008192000000000005
0.24912093294460763 -0.1 0.007318030820491456
0.25062950437317905 -0.1 0.006456189920866273
0.25204151603498665 -0.1 0.005613674302374
0.25335276967930154 -0.1 0.004798000832986288
0.25455906705539477 -0.1 0.004017006247396898
0.2556562099125377 -0.1 0.0032788471470220903
0.25664000000000126 -0.1 0.0025920000000000387
0.25750623906705666 -0.1 0.001965261141191166
0.258250728862975 -0.1 0.0014077467721782533
0.2588692711370275 -0.1 0.0009288929612661367
0.2593576676384852 -0.1 0.0005384556434818721
0.2597117201166193 -0.1 0.00024651062057473583
0.259927230320701 -0.1 6.345356101622457e-05
0.2600000000000013 -0.1 0.0
0.2600000000000013 -0.1 0.0
0.2600000000000013 -0.1 0.0
0.2600000000000013 -0.1 0.0
0.2600000000000013 -0.1 0.0
0.2600000000000013 -0.1 0.0
0.2600000000000013 -0.1 0.0
0.2600000000000013 -0.1 0.0
0.2600000000000013 -0.1 0.0
0.2600000000000013 -0.1 0.0
0.2600000000000013 -0.1 0.0
0.2600000000000013 -0.1 0.0
0.2600000000000013 -0.1 0.0
0.2600000000000013 -0.1 0.0
0.2600000000000013 -0.1 0.0
0.2600000000000013 -0.1 0.0
0.2600000000000013 -0.1 0.0
0.2600000000000013 -0.1 0.0
0.2600000000000013 -0.1 0.0
0.2600000000000013 -0.1 0.0
0.2600000000000013 -0.1 0.0
0.2600000000000013 -0.1 0.0
0.2600000000000013 -0.1 0.0
0.2600000000000013 -0.1 0.0
0.2600000000000013 -0.1 0.0
0.2600000000000013 -0.1 0.0
0.2600000000000013 -0.1 0.0
0.2600000000000013 -0.1 0.0
0.2600000000000013 -0.1 0.0
0.2600000000000013 -0.1 0.0
0.2600000000000013 -0.1 0.0
0.2600000000000013 -0.1 0.0
0.2600000000000013 -0.1 0.0
0.2600000000000013 -0.1 0.0
0.2600000000000013 -0.1 0.0
0.2600000000000013 -0.1 0.0
0.2600000000000013 -0.1 0.0
0.2600000000000013 -0.1 0.0
0.2600000000000013 -0.1 0.0
0.2600000000000013 -0.1 0.0
0.2600000000000013 -0.1 0.0
0.2600000000000013 -0.1 0.0
0.2600000000000013 -0.1 0.0
0.2600000000000013 -0.1 0.0
0.2600000000000013 -0.1 0.0
0.2600000000000013 -0.1 0.0
0.2600000000000013 -0.1 0.0
0.2600000000000013 -0.1 0.0
0.2600000000000013 -0.1 0.0
0.2600000000000013 -0.1 0.0
0.2600000000000013 -0.1 0.0
0.2600000000000013 -0.1 0.0
0.2600000000000013 -0.1 0.0
0.2600000000000013 -0.1 0.0
0.2600000000000013 -0.1 0.0
0.2600000000000013 -0.1 0.0
0.2600000000000013 -0.1 0.0
0.2600000000000013 -0.1 0.0
0.2600000000000013 -0.1 0.0
0.2600000000000013 -0.1 0.0
0.2600000000000013 -0.1 0.0
0.2600000000000013 -0.1 0.0
0.2600000000000013 -0.1 0.0
0.2600000000000013 -0.1 0.0
0.2600000000000013 -0.1 0.0
0.2600000000000013 -0.1 0.0
0.2600000000000013 -0.1 0.0
0.2600000000000013 -0.1 0.0
0.2600000000000013 -0.1 0.0
0.2600000000000013 -0.1 0.0
0.2600000000000013 -0.1 0.0
0.2600000000000013 -0.1 0.0
0.2600000000000013 -0.1 0.0
0.2600000000000013 -0.1 0.0
0.2600000000000013 -0.1 0.0
0.2600000000000013 -0.1 0.0
0.2600000000000013 -0.1 0.0
0.2600000000000013 -0.1 0.0
0.2600000000000013 -0.1 0.0
0.2600000000000013 -0.1 0.0
0.2600000000000013 -0.1 0.0
0.2600000000000013 -0.1 0.0
0.2600000000000013 -0.1 0.0
0.2600000000000013 -0.1 0.0
0.2600000000000013 -0.1 0.0
0.2600000000000013 -0.1 0.0
0.2600000000000013 -0.1 0.0
0.2600000000000013 -0.1 0.0
0.2600000000000013 -0.1 0.0
0.2600000000000013 -0.1 0.0
0.2600000000000013 -0.1 0.0
0.2600000000000013 -0.1 0.0
0.2600000000000013 -0.1 0.0
0.2600000000000013 -0.1 0.0
0.2600000000000013 -0.1 0.0
0.2600000000000013 -0.1 0.0
0.2600000000000013 -0.1 0.0
0.2600000000000013 -0.1 0.0
0.2600000000000013 -0.1 0.0
0.2600000000000013 -0.1 0.0
0.2600000000000013 -0.1 0.0
0.2600000000000013 -0.1 0.0
0.2600000000000013 -0.1 0.0
0.2600000000000013 -0.1 0.0
0.2600000000000013 -0.1 0.0
0.2600000000000013 -0.1 0.0
0.2600000000000013 -0.1 0.0
0.2600000000000013 -0.1 0.0
0.2600000000000013 -0.1 0.0
0.2600000000000013 -0.1 0.0
0.2600000000000013 -0.1 0.0
0.2600000000000013 -0.1 0.0
0.2600000000000013 -0.1 0.0
0.2600000000000013 -0.1 0.0
0.2600000000000013 -0.1 0.0
0.2600000000000013 -0.1 0.0
0.2600000000000013 -0.1 0.0
0.2600000000000013 -0.1 0.0
0.2600000000000013 -0.1 0.0
0.2600000000000013 -0.1 0.0
0.2600000000000013 -0.1 0.0
0.2600000000000013 -0.1 0.0
0.2600000000000013 -0.1 0.0
0.2600000000000013 -0.1 0.0
0.2600000000000013 -0.1 0.0
0.2600000000000013 -0.1 0.0
0.2600000000000013 -0.1 0.0
0.2600000000000013 -0.1 0.0
0.2600000000000013 -0.1 0.0
0.2600000000000013 -0.1 0.0
0.2600000000000013 -0.1 0.0
0.2600606413994182 -0.1 6.345356101624323e-05
0.26024023323615286 -0.1 0.0002465106205747605
0.26053527696793133 -0.1 0.0005384556434818824
0.26094227405247944 -0.1 0.000928892961266139
0.26145772594752315 -0.1 0.001407746772178259
0.26207813411078845 -0.1 0.00196526114119117
0.2628000000000013 -0.1 0.0025919999999999997
0.26361982507288756 -0.1 0.003278847147022074
0.2645341107871733 -0.1 0.004017006247396917
0.26553935860058436 -0.1 0.004798000832986255
0.26663206997084676 -0.1 0.00561367430237401
0.2678087463556864 -0.1 0.006456189920866304
0.26906588921282926 -0.1 0.007318030820491461
0.2704000000000013 -0.1 0.008192
0.2718075801749284 -0.1 0.00907122032486464
0.2732851311953366 -0.1 0.009949134527280298
0.27482915451895173 -0.1 0.010819505206164096
0.2764361516034998 -0.1 0.01167641482715535
0.2781026239067068 -0.1 0.012514265722615575
0.27982507288629865 -0.1 0.013327780091628487
0.2816000000000013 -0.1 0.014112
0.2834239067055407 -0.1 0.014862287380258223
0.2852932944606427 -0.1 0.015574324031653479
0.28720466472303335 -0.1 0.016244111620158264
0.28915451895043864 -0.1 0.016867971678467306
0.2911393586005844 -0.1 0.0174425456059975
0.29315568513119666 -0.1 0.01796479466888796
0.2952000000000013 -0.1 0.018431999999999997
0.29726880466472433 -0.1 0.01884176259891711
0.2993586005830917 -0.1 0.019192003331945026
0.3014658892128293 -0.1 0.01948096293211162
0.30358717201166313 -0.1 0.019707201999167007
0.3057189504373191 -0.1 0.0198696009995835
0.3078577259475232 -0.1 0.019967360266555594
0.31000000000000133 -0.1 0.01999999999999999
0.31214227405247946 -0.1 0.0199673602665556
0.31428104956268355 -0.1 0.0198696009995835
0.31641282798833953 -0.1 0.019707201999167007
0.31853411078717336 -0.1 0.0194809629321116
0.32064139941691094 -0.1 0.019192003331945026
0.3227311953352783 -0.1 0.018841762598917122
0.3248000000000013 -0.1 0.018432000000000004
0.326844314868806 -0.1 0.01796479466888795
0.3288606413994183 -0.1 0.017442545605997506
0.330845481049564 -0.1 0.01686797167846729
0.33279533527696925 -0.1 0.016244111620158264
0.33470670553935994 -0.1 0.015574324031653486
0.33657609329446203 -0.1 0.014862287380258216
0.33840000000000137 -0.1 0.014112000000000013
0.34017492711370395 -0.1 0.013327780091628494
0.3418973760932958 -0.1 0.012514265722615547
0.3435638483965028 -0.1 0.01167641482715534
0.3451708454810509 -0.1 0.01081950520616412
0.34671486880466607 -0.1 0.009949134527280301
0.3481924198250742 -0.1 0.009071220324864626
0.34960000000000135 -0.1 0.008192000000000005
0.3509341107871734 -0.1 0.007318030820491456
0.3521912536443162 -0.1 0.006456189920866273
0.35336793002915584 -0.1 0.005613674302374
0.35446064139941824 -0.1 0.004798000832986288
0.3554658892128293 -0.1 0.004017006247396898
0.35638017492711505 -0.1 0.0032788471470220903
0.35720000000000135 -0.1 0.0025920000000000387
0.35792186588921415 -0.1 0.001965261141191166
0.3585422740524795 -0.1 0.0014077467721782533
0.3590577259475233 -0.1 0.0009288929612661367
0.35946472303207133 -0.1 0.0005384556434818721
0.35975976676384974 -0.1 0.00024651062057473583
0.35993935860058446 -0.1 6.345356101622457e-05
0.3600000000000014 -0.1 0.0
0.3600000000000014 -0.1 0.0
0.3600000000000014 -0.1 0.0
0.3600000000000014 -0.1 0.0
0.3600000000000014 -0.1 0.0
0.3600000000000014 -0.1 0.0
0.3600000000000014 -0.1 0.0
0.3600000000000014 -0.1 0.0
0.3600000000000014 -0.1 0.0
0.3600000000000014 -0.1 0.0
0.3600000000000014 -0.1 0.0
0.3600000000000014 -0.1 0.0
0.3600000000000014 -0.1 0.0
0.3600000000000014 -0.1 0.0
0.3600000000000014 -0.1 0.0
0.3600000000000014 -0.1 0.0
0.3600000000000014 -0.1 0.0
0.3600000000000014 -0.1 0.0
0.3600000000000014 -0.1 0.0
0.3600000000000014 -0.1 0.0
0.3600000000000014 -0.1 0.0
0.3600000000000014 -0.1 0.0
0.3600000000000014 -0.1 0.0
0.3600000000000014 -0.1 0.0
0.3600000000000014 -0.1 0.0
0.3600000000000014 -0.1 0.0
0.3600000000000014 -0.1 0.0
0.3600000000000014 -0.1 0.0
0.3600000000000014 -0.1 0.0
0.3600000000000014 -0.1 0.0
0.3600000000000014 -0.1 0.0
0.3600000000000014 -0.1 0.0
0.3600000000000014 -0.1 0.0
0.3600000000000014 -0.1 0.0
0.3600000000000014 -0.1 0.0
0.3600000000000014 -0.1 0.0
0.3600000000000014 -0.1 0.0
0.3600000000000014 -0.1 0.0
0.3600000000000014 -0.1 0.0
0.3600000000000014 -0.1 0.0
0.3600000000000014 -0.1 0.0
0.3600000000000014 -0.1 0.0
0.3600000000000014 -0.1 0.0
0.3600000000000014 -0.1 0.0
0.3600000000000014 -0.1 0.0
0.3600000000000014 -0.1 0.0
0.3600000000000014 -0.1 0.0
0.3600000000000014 -0.1 0.0
0.3600000000000014 -0.1 0.0
0.3600000000000014 -0.1 0.0
0.3600000000000014 -0.1 0.0
0.3600000000000014 -0.1 0.0
0.3600000000000014 -0.1 0.0
0.3600000000000014 -0.1 0.0
0.3600000000000014 -0.1 0.0
0.3600000000000014 -0.1 0.0
0.3600000000000014 -0.1 0.0
0.3600000000000014 -0.1 0.0
0.3600000000000014 -0.1 0.0
0.3600000000000014 -0.1 0.0
0.3600000000000014 -0.1 0.0
0.3600000000000014 -0.1 0.0
0.3600000000000014 -0.1 0.0
0.3600000000000014 -0.1 0.0
0.3600000000000014 -0.1 0.0
0.3600000000000014 -0.1 0.0
0.3600000000000014 -0.1 0.0
0.3600000000000014 -0.1 0.0
0.3600000000000014 -0.1 0.0
0.3600000000000014 -0.1 0.0
0.3600000000000014 -0.1 0.0
0.3600000000000014 -0.1 0.0
0.3600000000000014 -0.1 0.0
0.3600000000000014 -0.1 0.0
0.3600000000000014 -0.1 0.0
0.3600000000000014 -0.1 0.0
0.3600000000000014 -0.1 0.0
0.3600000000000014 -0.1 0.0
0.3600000000000014 -0.1 0.0
0.3600000000000014 -0.1 0.0
0.3600000000000014 -0.1 0.0
0.3600000000000014 -0.1 0.0
0.3600000000000014 -0.1 0.0
0.3600000000000014 -0.1 0.0
0.3600000000000014 -0.1 0.0
0.3600000000000014 -0.1 0.0
0.3600000000000014 -0.1 0.0
0.3600000000000014 -0.1 0.0
0.3600000000000014 -0.1 0.0
0.3600000000000014 -0.1 0.0
0.3600000000000014 -0.1 0.0
0.3600000000000014 -0.1 0.0
0.3600000000000014 -0.1 0.0
0.3600000000000014 -0.1 0.0
0.3600000000000014 -0.1 0.0
0.3600000000000014 -0.1 0.0
0.3600000000000014 -0.1 0.0
0.3600000000000014 -0.1 0.0
0.3600000000000014 -0.1 0.0
0.3600000000000014 -0.1 0.0
0.3600000000000014 -0.1 0.0
0.3600000000000014 -0.1 0.0
0.3600000000000014 -0.1 0.0
0.3600000000000014 -0.1 0.0
0.3600000000000014 -0.1 0.0
0.3600000000000014 -0.1 0.0
0.3600000000000014 -0.1 0.0
0.3600000000000014 -0.1 0.0
0.3600000000000014 -0.1 0.0
0.3600000000000014 -0.1 0.0
0.3600000000000014 -0.1 0.0
0.3600000000000014 -0.1 0.0
0.3600000000000014 -0.1 0.0
0.3600000000000014 -0.1 0.0
0.3600000000000014 -0.1 0.0
0.3600000000000014 -0.1 0.0
0.3600000000000014 -0.1 0.0
0.3600000000000014 -0.1 0.0
0.3600000000000014 -0.1 0.0
0.3600000000000014 -0.1 0.0
0.3600000000000014 -0.1 0.0
0.3600000000000014 -0.1 0.0
0.3600000000000014 -0.1 0.0
0.3600000000000014 -0.1 0.0
0.3600000000000014 -0.1 0.0
0.3600000000000014 -0.1 0.0
0.3600000000000014 -0.1 0.0
0.3600000000000014 -0.1 0.0
0.3600000000000014 -0.1 0.0
0.3600000000000014 -0.1 0.0
0.3600000000000014 -0.1 0.0
0.3600606413994183 -0.1 6.345356101624323e-05
0.36024023323615295 -0.1 0.0002465106205747605
0.3605352769679314 -0.1 0.0005384556434818824
0.36094227405247953 -0.1 0.000928892961266139
0.36145772594752323 -0.1 0.001407746772178259
0.36207813411078854 -0.1 0.00196526114119117
0.3628000000000014 -0.1 0.0025919999999999997
0.36361982507288765 -0.1 0.003278847147022074
0.3645341107871734 -0.1 0.004017006247396917
0.36553935860058445 -0.1 0.004798000832986255
0.36663206997084685 -0.1 0.00561367430237401
0.3678087463556865 -0.1 0.006456189920866304
0.36906588921282935 -0.1 0.007318030820491461
0.3704000000000014 -0.1 0.008192
0.3718075801749285 -0.1 0.00907122032486464
0.3732851311953367 -0.1 0.009949134527280298
0.3748291545189518 -0.1 0.010819505206164096
0.3764361516034999 -0.1 0.01167641482715535
0.3781026239067069 -0.1 0.012514265722615575
0.37982507288629874 -0.1 0.013327780091628487
0.3816000000000014 -0.1 0.014112
0.3834239067055408 -0.1 0.014862287380258223
0.3852932944606428 -0.1 0.015574324031653479
0.38720466472303344 -0.1 0.016244111620158264
0.38915451895043873 -0.1 0.016867971678467306
0.39113935860058446 -0.1 0.0174425456059975
0.39315568513119675 -0.1 0.01796479466888796
0.3952000000000014 -0.1 0.018431999999999997
0.3972688046647244 -0.1 0.01884176259891711
0.3993586005830918 -0.1 0.019192003331945026
0.4014658892128294 -0.1 0.01948096293211162
0.4035871720116632 -0.1 0.019707201999167007
0.4057189504373192 -0.1 0.0198696009995835
0.4078577259475233 -0.1 0.019967360266555594
0.4100000000000014 -0.1 0.01999999999999999
0.41214227405247955 -0.1 0.0199673602665556
0.41428104956268363 -0.1 0.0198696009995835
0.4164128279883396 -0.1 0.019707201999167007
0.41853411078717345 -0.1 0.0194809629321116
0.42064139941691103 -0.1 0.019192003331945026
0.42273119533527836 -0.1 0.018841762598917122
0.4248000000000014 -0.1 0.018432000000000004
0.4268443148688061 -0.1 0.01796479466888795
0.4288606413994184 -0.1 0.017442545605997506
0.4308454810495641 -0.1 0.01686797167846729
0.43279533527696934 -0.1 0.016244111620158264
0.43470670553936 -0.1 0.015574324031653486
0.4365760932944621 -0.1 0.014862287380258216
0.43840000000000146 -0.1 0.014112000000000013
0.44017492711370404 -0.1 0.013327780091628494
0.4418973760932959 -0.1 0.012514265722615547
0.44356384839650287 -0.1 0.01167641482715534
0.445170845481051 -0.1 0.01081950520616412
0.44671486880466615 -0.1 0.009949134527280301
0.4481924198250743 -0.1 0.009071220324864626
0.44960000000000144 -0.1 0.008192000000000005
0.4509341107871735 -0.1 0.007318030820491456
0.4521912536443163 -0.1 0.006456189920866273
0.45336793002915593 -0.1 0.005613674302374
0.45446064139941833 -0.1 0.004798000832986288
0.4554658892128294 -0.1 0.004017006247396898
0.45638017492711513 -0.1 0.0032788471470220903
0.45720000000000144 -0.1 0.0025920000000000387
0.45792186588921424 -0.1 0.001965261141191166
0.4585422740524796 -0.1 0.0014077467721782533
0.45905772594752337 -0.1 0.0009288929612661367
0.4594647230320714 -0.1 0.0005384556434818721
0.45975976676384983 -0.1 0.00024651062057473583
0.45993935860058455 -0.1 6.345356101622457e-05
0.46000000000000146 -0.1 0.0
0.46000000000000146 -0.1 0.0
0.46000000000000146 -0.1 0.0
0.46000000000000146 -0.1 0.0
0.46000000000000146 -0.1 0.0
0.46000000000000146 -0.1 0.0
0.46000000000000146 -0.1 0.0
0.46000000000000146 -0.1 0.0
0.46000000000000146 -0.1 0.0
0.46000000000000146 -0.1 0.0
0.46000000000000146 -0.1 0.0
0.46000000000000146 -0.1 0.0
0.46000000000000146 -0.1 0.0
0.46000000000000146 -0.1 0.0
0.46000000000000146 -0.1 0.0
0.46000000000000146 -0.1 0.0
0.46000000000000146 -0.1 0.0
0.46000000000000146 -0.1 0.0
0.46000000000000146 -0.1 0.0
0.46000000000000146 -0.1 0.0
0.46000000000000146 -0.1 0.0
0.46000000000000146 -0.1 0.0
0.46000000000000146 -0.1 0.0
0.46000000000000146 -0.1 0.0
0.46000000000000146 -0.1 0.0
0.46000000000000146 -0.1 0.0
0.46000000000000146 -0.1 0.0
0.46000000000000146 -0.1 0.0
0.46000000000000146 -0.1 0.0
0.46000000000000146 -0.1 0.0
0.46000000000000146 -0.1 0.0
0.46000000000000146 -0.1 0.0
0.46000000000000146 -0.1 0.0
0.46000000000000146 -0.1 0.0
0.46000000000000146 -0.1 0.0
0.46000000000000146 -0.1 0.0
0.46000000000000146 -0.1 0.0
0.46000000000000146 -0.1 0.0
0.46000000000000146 -0.1 0.0
0.46000000000000146 -0.1 0.0
0.46000000000000146 -0.1 0.0
0.46000000000000146 -0.1 0.0
0.46000000000000146 -0.1 0.0
0.46000000000000146 -0.1 0.0
0.46000000000000146 -0.1 0.0
0.46000000000000146 -0.1 0.0
0.46000000000000146 -0.1 0.0
0.46000000000000146 -0.1 0.0
0.46000000000000146 -0.1 0.0
0.46000000000000146 -0.1 0.0
0.46000000000000146 -0.1 0.0
0.46000000000000146 -0.1 0.0
0.46000000000000146 -0.1 0.0
0.46000000000000146 -0.1 0.0
0.46000000000000146 -0.1 0.0
0.46000000000000146 -0.1 0.0
0.46000000000000146 -0.1 0.0
0.46000000000000146 -0.1 0.0
0.46000000000000146 -0.1 0.0
0.46000000000000146 -0.1 0.0
0.46000000000000146 -0.1 0.0
0.46000000000000146 -0.1 0.0
0.46000000000000146 -0.1 0.0
0.46000000000000146 -0.1 0.0
0.46000000000000146 -0.1 0.0
0.46000000000000146 -0.1 0.0
0.46000000000000146 -0.1 0.0
0.46000000000000146 -0.1 0.0
0.46000000000000146 -0.1 0.0
0.46000000000000146 -0.1 0.0
0.46000000000000146 -0.1 0.0
0.46000000000000146 -0.1 0.0
0.46000000000000146 -0.1 0.0
0.46000000000000146 -0.1 0.0
0.46000000000000146 -0.1 0.0
0.46000000000000146 -0.1 0.0
0.46000000000000146 -0.1 0.0
0.46000000000000146 -0.1 0.0
0.46000000000000146 -0.1 0.0
0.46000000000000146 -0.1 0.0
0.46000000000000146 -0.1 0.0
0.46000000000000146 -0.1 0.0
0.46000000000000146 -0.1 0.0
0.46000000000000146 -0.1 0.0
0.46000000000000146 -0.1 0.0
0.46000000000000146 -0.1 0.0
0.46000000000000146 -0.1 0.0
0.46000000000000146 -0.1 0.0
0.46000000000000146 -0.1 0.0
0.46000000000000146 -0.1 0.0
0.46000000000000146 -0.1 0.0
0.46000000000000146 -0.1 0.0
0.46000000000000146 -0.1 0.0
0.46000000000000146 -0.1 0.0
0.46000000000000146 -0.1 0.0
0.46000000000000146 -0.1 0.0
0.46000000000000146 -0.1 0.0
0.46000000000000146 -0.1 0.0
0.46000000000000146 -0.1 0.0
0.46000000000000146 -0.1 0.0
0.46000000000000146 -0.1 0.0
0.46000000000000146 -0.1 0.0
0.46000000000000146 -0.1 0.0
0.46000000000000146 -0.1 0.0
0.46000000000000146 -0.1 0.0
0.46000000000000146 -0.1 0.0
0.46000000000000146 -0.1 0.0
0.46000000000000146 -0.1 0.0
0.46000000000000146 -0.1 0.0
0.46000000000000146 -0.1 0.0
0.46000000000000146 -0.1 0.0
0.46000000000000146 -0.1 0.0
0.46000000000000146 -0.1 0.0
0.46000000000000146 -0.1 0.0
0.46000000000000146 -0.1 0.0
0.46000000000000146 -0.1 0.0
0.46000000000000146 -0.1 0.0
0.46000000000000146 -0.1 0.0
0.46000000000000146 -0.1 0.0
0.46000000000000146 -0.1 0.0
0.46000000000000146 -0.1 0.0
0.46000000000000146 -0.1 0.0
0.46000000000000146 -0.1 0.0
0.46000000000000146 -0.1 0.0
0.46000000000000146 -0.1 0.0
0.46000000000000146 -0.1 0.0
0.46000000000000146 -0.1 0.0
0.46000000000000146 -0.1 0.0
0.46000000000000146 -0.1 0.0
0.46000000000000146 -0.1 0.0
0.46000000000000146 -0.1 0.0
0.4600606413994184 -0.1 6.345356101624323e-05
0.46024023323615304 -0.1 0.0002465106205747605
0.46053527696793145 -0.1 0.0005384556434818824
0.46094227405247956 -0.1 0.000928892961266139
0.4614577259475232 -0.1 0.001407746772178259
0.4620781341107885 -0.1 0.00196526114119117
0.46280000000000127 -0.1 0.0025919999999999997
0.4636198250728875 -0.1 0.003278847147022074
0.46453411078717316 -0.1 0.004017006247396917
0.4655393586005842 -0.1 0.004798000832986255
0.4666320699708465 -0.1 0.00561367430237401
0.4678087463556861 -0.1 0.006456189920866304
0.4690658892128288 -0.1 0.007318030820491461
0.47040000000000076 -0.1 0.008192
0.4718075801749278 -0.1 0.00907122032486464
0.4732851311953359 -0.1 0.009949134527280298
0.4748291545189509 -0.1 0.010819505206164096
0.4764361516034989 -0.1 0.01167641482715535
0.4781026239067058 -0.1 0.012514265722615575
0.4798250728862975 -0.1 0.013327780091628487
0.48160000000000003 -0.1 0.014112
0.48342390670553925 -0.1 0.014862287380258223
0.4852932944606412 -0.1 0.015574324031653479
0.4872046647230317 -0.1 0.016244111620158264
0.4891545189504368 -0.1 0.016867971678467306
0.4911393586005825 -0.1 0.0174425456059975
0.4931556851311946 -0.1 0.01796479466888796
0.49519999999999914 -0.1 0.018431999999999997
0.497268804664722 -0.1 0.01884176259891711
0.49935860058308923 -0.1 0.019192003331945026
0.5014658892128268 -0.1 0.01948096293211162
0.5035871720116604 -0.1 0.019707201999167007
0.5057189504373162 -0.1 0.0198696009995835
0.5078577259475201 -0.1 0.019967360266555594
0.5099999999999981 -0.1 0.01999999999999999
0.5121422740524761 -0.1 0.0199673602665556
0.5142810495626801 -0.1 0.0198696009995835
0.5164128279883359 -0.1 0.019707201999167007
0.5185341107871696 -0.1 0.0194809629321116
0.520641399416907 -0.1 0.019192003331945026
0.5227311953352742 -0.1 0.018841762598917122
0.5247999999999972 -0.1 0.018432000000000004
0.5268443148688017 -0.1 0.01796479466888795
0.5288606413994138 -0.1 0.017442545605997506
0.5308454810495594 -0.1 0.01686797167846729
0.5327953352769645 -0.1 0.016244111620158264
0.5347067055393551 -0.1 0.015574324031653486
0.536576093294457 -0.1 0.014862287380258216
0.5383999999999962 -0.1 0.014112000000000013
0.5401749271136987 -0.1 0.013327780091628494
0.5418973760932905 -0.1 0.012514265722615547
0.5435638483964974 -0.1 0.01167641482715534
0.5451708454810453 -0.1 0.01081950520616412
0.5467148688046605 -0.1 0.009949134527280301
0.5481924198250685 -0.1 0.009071220324864626
0.5495999999999955 -0.1 0.008192000000000005
0.5509341107871675 -0.1 0.007318030820491456
0.5521912536443102 -0.1 0.006456189920866273
0.5533679300291497 -0.1 0.005613674302374
0.5544606413994121 -0.1 0.004798000832986288
0.555465889212823 -0.1 0.004017006247396898
0.5563801749271088 -0.1 0.0032788471470220903
0.557199999999995 -0.1 0.0025920000000000387
0.5579218658892078 -0.1 0.001965261141191166
0.558542274052473 -0.1 0.0014077467721782533
0.5590577259475168 -0.1 0.0009288929612661367
0.5594647230320648 -0.1 0.0005384556434818721
0.5597597667638432 -0.1 0.00024651062057473583
0.5599393586005779 -0.1 6.345356101622457e-05
0.5599999999999948 -0.1 0.0
0.5599999999999948 -0.1 0.0
0.5599999999999948 -0.1 0.0
0.5599999999999948 -0.1 0.0
0.5599999999999948 -0.1 0.0
0.5599999999999948 -0.1 0.0
0.5599999999999948 -0.1 0.0
0.5599999999999948 -0.1 0.0
0.5599999999999948 -0.1 0.0
0.5599999999999948 -0.1 0.0
0.5599999999999948 -0.1 0.0
0.5599999999999948 -0.1 0.0
0.5599999999999948 -0.1 0.0
0.5599999999999948 -0.1 0.0
0.5599999999999948 -0.1 0.0
0.5599999999999948 -0.1 0.0
0.5599999999999948 -0.1 0.0
0.5599999999999948 -0.1 0.0
0.5599999999999948 -0.1 0.0
0.5599999999999948 -0.1 0.0
0.5599999999999948 -0.1 0.0
0.5599999999999948 -0.1 0.0
0.5599999999999948 -0.1 0.0
0.5599999999999948 -0.1 0.0
0.5599999999999948 -0.1 0.0
0.5599999999999948 -0.1 0.0
0.5599999999999948 -0.1 0.0
0.5599999999999948 -0.1 0.0
0.5599999999999948 -0.1 0.0
0.5599999999999948 -0.1 0.0
0.5599999999999948 -0.1 0.0
0.5599999999999948 -0.1 0.0
0.5599999999999948 -0.1 0.0
0.5599999999999948 -0.1 0.0
0.5599999999999948 -0.1 0.0
0.5599999999999948 -0.1 0.0
0.5599999999999948 -0.1 0.0
0.5599999999999948 -0.1 0.0
0.5599999999999948 -0.1 0.0
0.5599999999999948 -0.1 0.0
0.5599999999999948 -0.1 0.0
0.5599999999999948 -0.1 0.0
0.5599999999999948 -0.1 0.0
0.5599999999999948 -0.1 0.0
0.5599999999999948 -0.1 0.0
0.5599999999999948 -0.1 0.0
0.5599999999999948 -0.1 0.0
0.5599999999999948 -0.1 0.0
0.5599999999999948 -0.1 0.0
0.5599999999999948 -0.1 0.0
0.5599999999999948 -0.1 0.0
0.5599999999999948 -0.1 0.0
0.5599999999999948 -0.1 0.0
0.5599999999999948 -0.1 0.0
0.5599999999999948 -0.1 0.0
0.5599999999999948 -0.1 0.0
0.5599999999999948 -0.1 0.0
0.5599999999999948 -0.1 0.0
0.5599999999999948 -0.1 0.0
0.5599999999999948 -0.1 0.0
0.5599999999999948 -0.1 0.0
0.5599999999999948 -0.1 0.0
0.5599999999999948 -0.1 0.0
0.5599999999999948 -0.1 0.0
0.5599999999999948 -0.1 0.0
0.5599999999999948 -0.1 0.0
0.5599999999999948 -0.1 0.0
0.5599999999999948 -0.1 0.0
0.5599999999999948 -0.1 0.0
0.5599999999999948 -0.1 0.0
0.5599999999999948 -0.1 0.0
0.5599999999999948 -0.1 0.0
0.5599999999999948 -0.1 0.0
0.5599999999999948 -0.1 0.0
0.5599999999999948 -0.1 0.0
0.5599999999999948 -0.1 0.0
0.5599999999999948 -0.1 0.0
0.5599999999999948 -0.1 0.0
0.5599999999999948 -0.1 0.0
0.5599999999999948 -0.1 0.0
0.5599999999999948 -0.1 0.0
0.5599999999999948 -0.1 0.0
0.5599999999999948 -0.1 0.0
0.5599999999999948 -0.1 0.0
0.5599999999999948 -0.1 0.0
0.5599999999999948 -0.1 0.0
0.5599999999999948 -0.1 0.0
0.5599999999999948 -0.1 0.0
0.5599999999999948 -0.1 0.0
0.5599999999999948 -0.1 0.0
0.5599999999999948 -0.1 0.0
0.5599999999999948 -0.1 0.0
0.5599999999999948 -0.1 0.0
0.5599999999999948 -0.1 0.0
0.5599999999999948 -0.1 0.0
0.5599999999999948 -0.1 0.0
0.5599999999999948 -0.1 0.0
0.5599999999999948 -0.1 0.0
0.5599999999999948 -0.1 0.0
0.5599999999999948 -0.1 0.0
0.5599999999999948 -0.1 0.0
0.5599999999999948 -0.1 0.0
0.5599999999999948 -0.1 0.0
0.5599999999999948 -0.1 0.0
0.5599999999999948 -0.1 0.0
0.5599999999999948 -0.1 0.0
0.5599999999999948 -0.1 0.0
0.5599999999999948 -0.1 0.0
0.5599999999999948 -0.1 0.0
0.5599999999999948 -0.1 0.0
0.5599999999999948 -0.1 0.0
0.5599999999999948 -0.1 0.0
0.5599999999999948 -0.1 0.0
0.5599999999999948 -0.1 0.0
0.5599999999999948 -0.1 0.0
0.5599999999999948 -0.1 0.0
0.5599999999999948 -0.1 0.0
0.5599999999999948 -0.1 0.0
0.5599999999999948 -0.1 0.0
0.5599999999999948 -0.1 0.0
0.5599999999999948 -0.1 0.0
0.5599999999999948 -0.1 0.0
0.5599999999999948 -0.1 0.0
0.5599999999999948 -0.1 0.0
0.5599999999999948 -0.1 0.0
0.5599999999999948 -0.1 0.0
0.5599999999999948 -0.1 0.0
0.5599999999999948 -0.1 0.0
0.5599999999999948 -0.1 0.0
0.5599999999999948 -0.1 0.0
0.5599999999999948 -0.1 0.0
0.5600606413994117 -0.1 6.345356101624323e-05
0.5602402332361465 -0.1 0.0002465106205747605
0.5605352769679248 -0.1 0.0005384556434818824
0.5609422740524729 -0.1 0.000928892961266139
0.5614577259475165 -0.1 0.001407746772178259
0.5620781341107818 -0.1 0.00196526114119117
0.5627999999999945 -0.1 0.0025919999999999997
0.5636198250728808 -0.1 0.003278847147022074
0.5645341107871663 -0.1 0.004017006247396917
0.5655393586005774 -0.1 0.004798000832986255
0.5666320699708396 -0.1 0.00561367430237401
0.5678087463556791 -0.1 0.006456189920866304
0.5690658892128219 -0.1 0.007318030820491461
0.5703999999999937 -0.1 0.008192
0.5718075801749206 -0.1 0.00907122032486464
0.5732851311953286 -0.1 0.009949134527280298
0.5748291545189437 -0.1 0.010819505206164096
0.5764361516034916 -0.1 0.01167641482715535
0.5781026239066984 -0.1 0.012514265722615575
0.57982507288629 -0.1 0.013327780091628487
0.5815999999999925 -0.1 0.014112
0.5834239067055316 -0.1 0.014862287380258223
0.5852932944606335 -0.1 0.015574324031653479
0.5872046647230239 -0.1 0.016244111620158264
0.5891545189504289 -0.1 0.016867971678467306
0.5911393586005745 -0.1 0.0174425456059975
0.5931556851311865 -0.1 0.01796479466888796
0.595199999999991 -0.1 0.018431999999999997
0.5972688046647138 -0.1 0.01884176259891711
0.5993586005830809 -0.1 0.019192003331945026
0.6014658892128183 -0.1 0.01948096293211162
0.6035871720116518 -0.1 0.019707201999167007
0.6057189504373076 -0.1 0.0198696009995835
0.6078577259475114 -0.1 0.019967360266555594
0.6099999999999893 -0.1 0.01999999999999999
0.6121422740524672 -0.1 0.0199673602665556
0.614281049562671 -0.1 0.0198696009995835
0.6164128279883269 -0.1 0.019707201999167007
0.6185341107871604 -0.1 0.0194809629321116
0.6206413994168978 -0.1 0.019192003331945026
0.6227311953352649 -0.1 0.018841762598917122
0.6247999999999877 -0.1 0.018432000000000004
0.6268443148687921 -0.1 0.01796479466888795
0.6288606413994041 -0.1 0.017442545605997506
0.6308454810495497 -0.1 0.01686797167846729
0.6327953352769548 -0.1 0.016244111620158264
0.6347067055393452 -0.1 0.015574324031653486
0.6365760932944471 -0.1 0.014862287380258216
0.6383999999999862 -0.1 0.014112000000000013
0.6401749271136886 -0.1 0.013327780091628494
0.6418973760932802 -0.1 0.012514265722615547
0.6435638483964871 -0.1 0.01167641482715534
0.645170845481035 -0.1 0.01081950520616412
0.64671486880465 -0.1 0.009949134527280301
0.648192419825058 -0.1 0.009071220324864626
0.649599999999985 -0.1 0.008192000000000005
0.6509341107871568 -0.1 0.007318030820491456
0.6521912536442995 -0.1 0.006456189920866273
0.6533679300291391 -0.1 0.005613674302374
0.6544606413994013 -0.1 0.004798000832986288
0.6554658892128122 -0.1 0.004017006247396898
0.6563801749270979 -0.1 0.0032788471470220903
0.6571999999999841 -0.1 0.0025920000000000387
0.6579218658891969 -0.1 0.001965261141191166
0.6585422740524621 -0.1 0.0014077467721782533
0.6590577259475058 -0.1 0.0009288929612661367
0.6594647230320538 -0.1 0.0005384556434818721
0.6597597667638322 -0.1 0.00024651062057473583
0.6599393586005668 -0.1 6.345356101622457e-05
0.6599999999999838 -0.1 0.0
0.6599999999999838 -0.1 0.0
0.6599999999999838 -0.1 0.0
0.6599999999999838 -0.1 0.0
0.6599999999999838 -0.1 0.0
0.6599999999999838 -0.1 0.0
0.6599999999999838 -0.1 0.0
0.6599999999999838 -0.1 0.0
0.6599999999999838 -0.1 0.0
0.6599999999999838 -0.1 0.0
0.6599999999999838 -0.1 0.0
0.6599999999999838 -0.1 0.0
0.6599999999999838 -0.1 0.0
0.6599999999999838 -0.1 0.0
0.6599999999999838 -0.1 0.0
0.6599999999999838 -0.1 0.0
0.6599999999999838 -0.1 0.0
0.6599999999999838 -0.1 0.0
0.6599999999999838 -0.1 0.0
0.6599999999999838 -0.1 0.0
0.6599999999999838 -0.1 0.0
0.6599999999999838 -0.1 0.0
0.6599999999999838 -0.1 0.0
0.6599999999999838 -0.1 0.0
0.6599999999999838 -0.1 0.0
0.6599999999999838 -0.1 0.0
0.6599999999999838 -0.1 0.0
0.6599999999999838 -0.1 0.0
0.6599999999999838 -0.1 0.0
0.6599999999999838 -0.1 0.0
0.6599999999999838 -0.1 0.0
0.6599999999999838 -0.1 0.0
0.6599999999999838 -0.1 0.0
0.6599999999999838 -0.1 0.0
0.6599999999999838 -0.1 0.0
0.6599999999999838 -0.1 0.0
0.6599999999999838 -0.1 0.0
0.6599999999999838 -0.1 0.0
0.6599999999999838 -0.1 0.0
0.6599999999999838 -0.1 0.0
0.6599999999999838 -0.1 0.0
0.6599999999999838 -0.1 0.0
0.6599999999999838 -0.1 0.0
0.6599999999999838 -0.1 0.0
0.6599999999999838 -0.1 0.0
0.6599999999999838 -0.1 0.0
0.6599999999999838 -0.1 0.0
0.6599999999999838 -0.1 0.0
0.6599999999999838 -0.1 0.0
0.6599999999999838 -0.1 0.0
0.6599999999999838 -0.1 0.0
0.6599999999999838 -0.1 0.0
0.6599999999999838 -0.1 0.0
0.6599999999999838 -0.1 0.0
0.6599999999999838 -0.1 0.0
0.6599999999999838 -0.1 0.0
0.6599999999999838 -0.1 0.0
0.6599999999999838 -0.1 0.0
0.6599999999999838 -0.1 0.0
0.6599999999999838 -0.1 0.0
0.6599999999999838 -0.1 0.0
0.6599999999999838 -0.1 0.0
0.6599999999999838 -0.1 0.0
0.6599999999999838 -0.1 0.0
0.6599999999999838 -0.1 0.0
0.6599999999999838 -0.1 0.0
0.6599999999999838 -0.1 0.0
0.6599999999999838 -0.1 0.0
0.6599999999999838 -0.1 0.0
0.6599999999999838 -0.1 0.0
0.6599999999999838 -0.1 0.0
0.6599999999999838 -0.1 0.0
0.6599999999999838 -0.1 0.0
0.6599999999999838 -0.1 0.0
0.6599999999999838 -0.1 0.0
0.6599999999999838 -0.1 0.0
0.6599999999999838 -0.1 0.0
0.6599999999999838 -0.1 0.0
0.6599999999999838 -0.1 0.0
0.6599999999999838 -0.1 0.0
0.6599999999999838 -0.1 0.0
0.6599999999999838 -0.1 0.0
0.6599999999999838 -0.1 0.0
0.6599999999999838 -0.1 0.0
0.6599999999999838 -0.1 0.0
0.6599999999999838 -0.1 0.0
0.6599999999999838 -0.1 0.0
0.6599999999999838 -0.1 0.0
0.6599999999999838 -0.1 0.0
0.6599999999999838 -0.1 0.0
0.6599999999999838 -0.1 0.0
0.6599999999999838 -0.1 0.0
0.6599999999999838 -0.1 0.0
0.6599999999999838 -0.1 0.0
0.6599999999999838 -0.1 0.0
0.6599999999999838 -0.1 0.0
0.6599999999999838 -0.1 0.0
0.6599999999999838 -0.1 0.0
0.6599999999999838 -0.1 0.0
0.6599999999999838 -0.1 0.0
0.6599999999999838 -0.1 0.0
0.6599999999999838 -0.1 0.0
0.6599999999999838 -0.1 0.0
0.6599999999999838 -0.1 0.0
0.6599999999999838 -0.1 0.0
0.6599999999999838 -0.1 0.0
0.6599999999999838 -0.1 0.0
0.6599999999999838 -0.1 0.0
0.6599999999999838 -0.1 0.0
0.6599999999999838 -0.1 0.0
0.6599999999999838 -0.1 0.0
0.6599999999999838 -0.1 0.0
0.6599999999999838 -0.1 0.0
0.6599999999999838 -0.1 0.0
0.6599999999999838 -0.1 0.0
0.6599999999999838 -0.1 0.0
0.6599999999999838 -0.1 0.0
0.6599999999999838 -0.1 0.0
0.6599999999999838 -0.1 0.0
0.6599999999999838 -0.1 0.0
0.6599999999999838 -0.1 0.0
0.6599999999999838 -0.1 0.0
0.6599999999999838 -0.1 0.0
0.6599999999999838 -0.1 0.0
0.6599999999999838 -0.1 0.0
0.6599999999999838 -0.1 0.0
0.6599999999999838 -0.1 0.0
0.6599999999999838 -0.1 0.0
0.6599999999999838 -0.1 0.0
0.6599999999999838 -0.1 0.0
0.6599999999999838 -0.1 0.0
0.6600606413994007 -0.1 6.345356101624323e-05
0.6602402332361355 -0.1 0.0002465106205747605
0.6605352769679138 -0.1 0.0005384556434818824
0.6609422740524619 -0.1 0.000928892961266139
0.6614577259475055 -0.1 0.001407746772178259
0.6620781341107708 -0.1 0.00196526114119117
0.6627999999999835 -0.1 0.0025919999999999997
0.6636198250728698 -0.1 0.003278847147022074
0.6645341107871553 -0.1 0.004017006247396917
0.6655393586005663 -0.1 0.004798000832986255
0.6666320699708286 -0.1 0.00561367430237401
0.6678087463556681 -0.1 0.006456189920866304
0.6690658892128108 -0.1 0.007318030820491461
0.6703999999999827 -0.1 0.008192
0.6718075801749096 -0.1 0.00907122032486464
0.6732851311953176 -0.1 0.009949134527280298
0.6748291545189327 -0.1 0.010819505206164096
0.6764361516034806 -0.1 0.01167641482715535
0.6781026239066874 -0.1 0.012514265722615575
0.679825072886279 -0.1 0.013327780091628487
0.6815999999999814 -0.1 0.014112
0.6834239067055206 -0.1 0.014862287380258223
0.6852932944606225 -0.1 0.015574324031653479
0.6872046647230129 -0.1 0.016244111620158264
0.6891545189504179 -0.1 0.016867971678467306
0.6911393586005635 -0.1 0.0174425456059975
0.6931556851311755 -0.1 0.01796479466888796
0.69519999999998 -0.1 0.018431999999999997
0.6972688046647028 -0.1 0.01884176259891711
0.6993586005830699 -0.1 0.019192003331945026
0.7014658892128073 -0.1 0.01948096293211162
0.7035871720116408 -0.1 0.019707201999167007
0.7057189504372966 -0.1 0.0198696009995835
0.7078577259475004 -0.1 0.019967360266555594
0.7099999999999783 -0.1 0.01999999999999999
0.7121422740524562 -0.1 0.0199673602665556
0.71428104956266 -0.1 0.0198696009995835
0.7164128279883158 -0.1 0.019707201999167007
0.7185341107871493 -0.1 0.0194809629321116
0.7206413994168868 -0.1 0.019192003331945026
0.7227311953352539 -0.1 0.018841762598917122
0.7247999999999767 -0.1 0.018432000000000004
0.7268443148687811 -0.1 0.01796479466888795
0.7288606413993931 -0.1 0.017442545605997506
0.7308454810495387 -0.1 0.01686797167846729
0.7327953352769437 -0.1 0.016244111620158264
0.7347067055393341 -0.1 0.015574324031653486
0.7365760932944361 -0.1 0.014862287380258216
0.7383999999999752 -0.1 0.014112000000000013
0.7401749271136776 -0.1 0.013327780091628494
0.7418973760932692 -0.1 0.012514265722615547
0.743563848396476 -0.1 0.01167641482715534
0.745170845481024 -0.1 0.01081950520616412
0.746714868804639 -0.1 0.009949134527280301
0.748192419825047 -0.1 0.009071220324864626
0.749599999999974 -0.1 0.008192000000000005
0.7509341107871458 -0.1 0.007318030820491456
0.7521912536442885 -0.1 0.006456189920866273
0.753367930029128 -0.1 0.005613674302374
0.7544606413993903 -0.1 0.004798000832986288
0.7554658892128012 -0.1 0.004017006247396898
0.7563801749270869 -0.1 0.0032788471470220903
0.7571999999999731 -0.1 0.0025920000000000387
0.7579218658891859 -0.1 0.001965261141191166
0.7585422740524511 -0.1 0.0014077467721782533
0.7590577259474948 -0.1 0.0009288929612661367
0.7594647230320428 -0.1 0.0005384556434818721
0.7597597667638212 -0.1 0.00024651062057473583
0.7599393586005558 -0.1 6.345356101622457e-05
0.7599999999999728 -0.1 0.0
0.7599999999999728 -0.1 0.0
0.7599999999999728 -0.1 0.0
0.7599999999999728 -0.1 0.0
0.7599999999999728 -0.1 0.0
0.7599999999999728 -0.1 0.0
0.7599999999999728 -0.1 0.0
0.7599999999999728 -0.1 0.0
0.7599999999999728 -0.1 0.0
0.7599999999999728 -0.1 0.0
0.7599999999999728 -0.1 0.0
0.7599999999999728 -0.1 0.0
0.7599999999999728 -0.1 0.0
0.7599999999999728 -0.1 0.0
0.7599999999999728 -0.1 0.0
0.7599999999999728 -0.1 0.0
0.7599999999999728 -0.1 0.0
0.7599999999999728 -0.1 0.0
0.7599999999999728 -0.1 0.0
0.7599999999999728 -0.1 0.0
0.7599999999999728 -0.1 0.0
0.7599999999999728 -0.1 0.0
0.7599999999999728 -0.1 0.0
0.7599999999999728 -0.1 0.0
0.7599999999999728 -0.1 0.0
0.7599999999999728 -0.1 0.0
0.7599999999999728 -0.1 0.0
0.7599999999999728 -0.1 0.0
0.7599999999999728 -0.1 0.0
0.7599999999999728 -0.1 0.0
0.7599999999999728 -0.1 0.0
0.7599999999999728 -0.1 0.0
0.7599999999999728 -0.1 0.0
0.7599999999999728 -0.1 0.0
0.7599999999999728 -0.1 0.0
0.7599999999999728 -0.1 0.0
0.7599999999999728 -0.1 0.0
0.7599999999999728 -0.1 0.0
0.7599999999999728 -0.1 0.0
0.7599999999999728 -0.1 0.0
0.7599999999999728 -0.1 0.0
0.7599999999999728 -0.1 0.0
0.7599999999999728 -0.1 0.0
0.7599999999999728 -0.1 0.0
0.7599999999999728 -0.1 0.0
0.7599999999999728 -0.1 0.0
0.7599999999999728 -0.1 0.0
0.7599999999999728 -0.1 0.0
0.7599999999999728 -0.1 0.0
0.7599999999999728 -0.1 0.0
0.7599999999999728 -0.1 0.0
0.7599999999999728 -0.1 0.0
0.7599999999999728 -0.1 0.0
0.7599999999999728 -0.1 0.0
0.7599999999999728 -0.1 0.0
0.7599999999999728 -0.1 0.0
0.7599999999999728 -0.1 0.0
0.7599999999999728 -0.1 0.0
0.7599999999999728 -0.1 0.0
0.7599999999999728 -0.1 0.0
0.7599999999999728 -0.1 0.0
0.7599999999999728 -0.1 0.0
0.7599999999999728 -0.1 0.0
0.7599999999999728 -0.1 0.0
0.7599999999999728 -0.1 0.0
0.7599999999999728 -0.1 0.0
0.7599999999999728 -0.1 0.0
0.7599999999999728 -0.1 0.0
0.7599999999999728 -0.1 0.0
0.7599999999999728 -0.1 0.0
0.7599999999999728 -0.1 0.0
0.7599999999999728 -0.1 0.0
0.7599999999999728 -0.1 0.0
0.7599999999999728 -0.1 0.0
0.7599999999999728 -0.1 0.0
0.7599999999999728 -0.1 0.0
0.7599999999999728 -0.1 0.0
0.7599999999999728 -0.1 0.0
0.7599999999999728 -0.1 0.0
0.7599999999999728 -0.1 0.0
0.7599999999999728 -0.1 0.0
0.7599999999999728 -0.1 0.0
0.7599999999999728 -0.1 0.0
0.7599999999999728 -0.1 0.0
0.7599999999999728 -0.1 0.0
0.7599999999999728 -0.1 0.0
0.7599999999999728 -0.1 0.0
0.7599999999999728 -0.1 0.0
0.7599999999999728 -0.1 0.0
0.7599999999999728 -0.1 0.0
0.7599999999999728 -0.1 0.0
0.7599999999999728 -0.1 0.0
0.7599999999999728 -0.1 0.0
0.7599999999999728 -0.1 0.0
0.7599999999999728 -0.1 0.0
0.7599999999999728 -0.1 0.0
0.7599999999999728 -0.1 0.0
0.7599999999999728 -0.1 0.0
0.7599999999999728 -0.1 0.0
0.7599999999999728 -0.1 0.0
0.7599999999999728 -0.1 0.0
0.7599999999999728 -0.1 0.0
0.7599999999999728 -0.1 0.0
0.7599999999999728 -0.1 0.0
0.7599999999999728 -0.1 0.0
0.7599999999999728 -0.1 0.0
0.7599999999999728 -0.1 0.0
0.7599999999999728 -0.1 0.0
0.7599999999999728 -0.1 0.0
0.7599999999999728 -0.1 0.0
0.7599999999999728 -0.1 0.0
0.7599999999999728 -0.1 0.0
0.7599999999999728 -0.1 0.0
0.7599999999999728 -0.1 0.0
0.7599999999999728 -0.1 0.0
0.7599999999999728 -0.1 0.0
0.7599999999999728 -0.1 0.0
0.7599999999999728 -0.1 0.0
0.7599999999999728 -0.1 0.0
0.7599999999999728 -0.1 0.0
0.7599999999999728 -0.1 0.0
0.7599999999999728 -0.1 0.0
0.7599999999999728 -0.1 0.0
0.7599999999999728 -0.1 0.0
0.7599999999999728 -0.1 0.0
0.7599999999999728 -0.1 0.0
0.7599999999999728 -0.1 0.0
0.7599999999999728 -0.1 0.0
0.7599999999999728 -0.1 0.0
0.7599999999999728 -0.1 0.0
0.7599999999999728 -0.1 0.0
0.7600606413993897 -0.1 6.345356101624323e-05
0.7602402332361244 -0.1 0.0002465106205747605
0.7605352769679028 -0.1 0.0005384556434818824
0.7609422740524509 -0.1 0.000928892961266139
0.7614577259474945 -0.1 0.001407746772178259
0.7620781341107598 -0.1 0.00196526114119117
0.7627999999999725 -0.1 0.0025919999999999997
0.7636198250728587 -0.1 0.003278847147022074
0.7645341107871443 -0.1 0.004017006247396917
0.7655393586005553 -0.1 0.004798000832986255
0.7666320699708176 -0.1 0.00561367430237401
0.7678087463556571 -0.1 0.006456189920866304
0.7690658892127998 -0.1 0.007318030820491461
0.7703999999999717 -0.1 0.008192
0.7718075801748986 -0.1 0.00907122032486464
0.7732851311953066 -0.1 0.009949134527280298
0.7748291545189216 -0.1 0.010819505206164096
0.7764361516034696 -0.1 0.01167641482715535
0.7781026239066764 -0.1 0.012514265722615575
0.779825072886268 -0.1 0.013327780091628487
0.7815999999999704 -0.1 0.014112
0.7834239067055095 -0.1 0.014862287380258223
0.7852932944606115 -0.1 0.015574324031653479
0.7872046647230019 -0.1 0.016244111620158264
0.7891545189504069 -0.1 0.016867971678467306
0.7911393586005525 -0.1 0.0174425456059975
0.7931556851311645 -0.1 0.01796479466888796
0.7951999999999689 -0.1 0.018431999999999997
0.7972688046646917 -0.1 0.01884176259891711
0.7993586005830589 -0.1 0.019192003331945026
0.8014658892127963 -0.1 0.01948096293211162
0.8035871720116298 -0.1 0.019707201999167007
0.8057189504372856 -0.1 0.0198696009995835
0.8078577259474894 -0.1 0.019967360266555594
0.8099999999999673 -0.1 0.01999999999999999
0.8121422740524452 -0.1 0.0199673602665556
0.814281049562649 -0.1 0.0198696009995835
0.8164128279883048 -0.1 0.019707201999167007
0.8185341107871383 -0.1 0.0194809629321116
0.8206413994168757 -0.1 0.019192003331945026
0.8227311953352429 -0.1 0.018841762598917122
0.8247999999999657 -0.1 0.018432000000000004
0.8268443148687701 -0.1 0.01796479466888795
0.8288606413993821 -0.1 0.017442545605997506
0.8308454810495277 -0.1 0.01686797167846729
0.8327953352769327 -0.1 0.016244111620158264
0.8347067055393231 -0.1 0.015574324031653486
0.8365760932944251 -0.1 0.014862287380258216
0.8383999999999642 -0.1 0.014112000000000013
0.8401749271136666 -0.1 0.013327780091628494
0.8418973760932582 -0.1 0.012514265722615547
0.843563848396465 -0.1 0.01167641482715534
0.845170845481013 -0.1 0.01081950520616412
0.846714868804628 -0.1 0.009949134527280301
0.848192419825036 -0.1 0.009071220324864626
0.8495999999999629 -0.1 0.008192000000000005
0.8509341107871348 -0.1 0.007318030820491456
0.8521912536442775 -0.1 0.006456189920866273
0.853367930029117 -0.1 0.005613674302374
0.8544606413993793 -0.1 0.004798000832986288
0.8554658892127902 -0.1 0.004017006247396898
0.8563801749270759 -0.1 0.0032788471470220903
0.8571999999999621 -0.1 0.0025920000000000387
0.8579218658891749 -0.1 0.001965261141191166
0.8585422740524401 -0.1 0.0014077467721782533
0.8590577259474838 -0.1 0.0009288929612661367
0.8594647230320318 -0.1 0.0005384556434818721
0.8597597667638102 -0.1 0.00024651062057473583
0.8599393586005448 -0.1 6.345356101622457e-05
0.8599999999999618 -0.1 0.0
0.8599999999999618 -0.1 0.0
0.8599999999999618 -0.1 0.0
0.8599999999999618 -0.1 0.0
0.8599999999999618 -0.1 0.0
0.8599999999999618 -0.1 0.0
0.8599999999999618 -0.1 0.0
0.8599999999999618 -0.1 0.0
0.8599999999999618 -0.1 0.0
0.8599999999999618 -0.1 0.0
0.8599999999999618 -0.1 0.0
0.8599999999999618 -0.1 0.0
0.8599999999999618 -0.1 0.0
0.8599999999999618 -0.1 0.0
0.8599999999999618 -0.1 0.0
0.8599999999999618 -0.1 0.0
0.8599999999999618 -0.1 0.0
0.8599999999999618 -0.1 0.0
0.8599999999999618 -0.1 0.0
0.8599999999999618 -0.1 0.0
0.8599999999999618 -0.1 0.0
0.8599999999999618 -0.1 0.0
0.8599999999999618 -0.1 0.0
0.8599999999999618 -0.1 0.0
0.8599999999999618 -0.1 0.0
0.8599999999999618 -0.1 0.0
0.8599999999999618 -0.1 0.0
0.8599999999999618 -0.1 0.0
0.8599999999999618 -0.1 0.0
0.8599999999999618 -0.1 0.0
0.8599999999999618 -0.1 0.0
0.8599999999999618 -0.1 0.0
0.8599999999999618 -0.1 0.0
0.8599999999999618 -0.1 0.0
0.8599999999999618 -0.1 0.0
0.8599999999999618 -0.1 0.0
0.8599999999999618 -0.1 0.0
0.8599999999999618 -0.1 0.0
0.8599999999999618 -0.1 0.0
0.8599999999999618 -0.1 0.0
0.8599999999999618 -0.1 0.0
0.8599999999999618 -0.1 0.0
0.8599999999999618 -0.1 0.0
0.8599999999999618 -0.1 0.0
0.8599999999999618 -0.1 0.0
0.8599999999999618 -0.1 0.0
0.8599999999999618 -0.1 0.0
0.8599999999999618 -0.1 0.0
0.8599999999999618 -0.1 0.0
0.8599999999999618 -0.1 0.0
0.8599999999999618 -0.1 0.0
0.8599999999999618 -0.1 0.0
0.8599999999999618 -0.1 0.0
0.8599999999999618 -0.1 0.0
0.8599999999999618 -0.1 0.0
0.8599999999999618 -0.1 0.0
0.8599999999999618 -0.1 0.0
0.8599999999999618 -0.1 0.0
0.8599999999999618 -0.1 0.0
0.8599999999999618 -0.1 0.0
0.8599999999999618 -0.1 0.0
0.8599999999999618 -0.1 0.0
0.8599999999999618 -0.1 0.0
0.8599999999999618 -0.1 0.0
0.8599999999999618 -0.1 0.0
0.8599999999999618 -0.1 0.0
0.8599999999999618 -0.1 0.0
0.8599999999999618 -0.1 0.0
0.8599999999999618 -0.1 0.0
0.8599999999999618 -0.1 0.0
0.8599999999999618 -0.1 0.0
0.8599999999999618 -0.1 0.0
0.8599999999999618 -0.1 0.0
0.8599999999999618 -0.1 0.0
0.8599999999999618 -0.1 0.0
0.8599999999999618 -0.1 0.0
0.8599999999999618 -0.1 0.0
0.8599999999999618 -0.1 0.0
0.8599999999999618 -0.1 0.0
0.8599999999999618 -0.1 0.0
0.8599999999999618 -0.1 0.0
0.8599999999999618 -0.1 0.0
0.8599999999999618 -0.1 0.0
0.8599999999999618 -0.1 0.0
0.8599999999999618 -0.1 0.0
0.8599999999999618 -0.1 0.0
0.8599999999999618 -0.1 0.0
0.8599999999999618 -0.1 0.0
0.8599999999999618 -0.1 0.0
0.8599999999999618 -0.1 0.0
0.8599999999999618 -0.1 0.0
0.8599999999999618 -0.1 0.0
0.8599999999999618 -0.1 0.0
0.8599999999999618 -0.1 0.0
0.8599999999999618 -0.1 0.0
0.8599999999999618 -0.1 0.0
0.8599999999999618 -0.1 0.0
0.8599999999999618 -0.1 0.0
0.8599999999999618 -0.1 0.0
0.8599999999999618 -0.1 0.0
0.8599999999999618 -0.1 0.0
0.8599999999999618 -0.1 0.0
0.8599999999999618 -0.1 0.0
0.8599999999999618 -0.1 0.0
0.8599999999999618 -0.1 0.0
0.8599999999999618 -0.1 0.0
0.8599999999999618 -0.1 0.0
0.8599999999999618 -0.1 0.0
0.8599999999999618 -0.1 0.0
0.8599999999999618 -0.1 0.0
0.8599999999999618 -0.1 0.0
0.8599999999999618 -0.1 0.0
0.8599999999999618 -0.1 0.0
0.8599999999999618 -0.1 0.0
0.8599999999999618 -0.1 0.0
0.8599999999999618 -0.1 0.0
0.8599999999999618 -0.1 0.0
0.8599999999999618 -0.1 0.0
0.8599999999999618 -0.1 0.0
0.8599999999999618 -0.1 0.0
0.8599999999999618 -0.1 0.0
0.8599999999999618 -0.1 0.0
0.8599999999999618 -0.1 0.0
0.8599999999999618 -0.1 0.0
0.8599999999999618 -0.1 0.0
0.8599999999999618 -0.1 0.0
0.8599999999999618 -0.1 0.0
0.8599999999999618 -0.1 0.0
0.8599999999999618 -0.1 0.0
0.8599999999999618 -0.1 0.0
0.8599999999999618 -0.1 0.0
0.8600606413993787 -0.1 6.345356101624323e-05
0.8602402332361134 -0.1 0.0002465106205747605
0.8605352769678918 -0.1 0.0005384556434818824
0.8609422740524398 -0.1 0.000928892961266139
0.8614577259474835 -0.1 0.001407746772178259
0.8620781341107487 -0.1 0.00196526114119117
0.8627999999999615 -0.1 0.0025919999999999997
0.8636198250728477 -0.1 0.003278847147022074
0.8645341107871333 -0.1 0.004017006247396917
0.8655393586005443 -0.1 0.004798000832986255
0.8666320699708066 -0.1 0.00561367430237401
0.8678087463556461 -0.1 0.006456189920866304
0.8690658892127888 -0.1 0.007318030820491461
0.8703999999999606 -0.1 0.008192
0.8718075801748876 -0.1 0.00907122032486464
0.8732851311952956 -0.1 0.009949134527280298
0.8748291545189106 -0.1 0.010819505206164096
0.8764361516034586 -0.1 0.01167641482715535
0.8781026239066654 -0.1 0.012514265722615575
0.879825072886257 -0.1 0.013327780091628487
0.8815999999999594 -0.1 0.014112
0.8834239067054985 -0.1 0.014862287380258223
0.8852932944606005 -0.1 0.015574324031653479
0.8872046647229909 -0.1 0.016244111620158264
0.8891545189503959 -0.1 0.016867971678467306
0.8911393586005415 -0.1 0.0174425456059975
0.8931556851311535 -0.1 0.01796479466888796
0.8951999999999579 -0.1 0.018431999999999997
0.8972688046646807 -0.1 0.01884176259891711
0.8993586005830478 -0.1 0.019192003331945026
0.9014658892127853 -0.1 0.01948096293211162
0.9035871720116188 -0.1 0.019707201999167007
0.9057189504372746 -0.1 0.0198696009995835
0.9078577259474784 -0.1 0.019967360266555594
0.9099999999999563 -0.1 0.01999999999999999
0.9121422740524342 -0.1 0.0199673602665556
0.914281049562638 -0.1 0.0198696009995835
0.9164128279882938 -0.1 0.019707201999167007
0.9185341107871273 -0.1 0.0194809629321116
0.9206413994168647 -0.1 0.019192003331945026
0.9227311953352318 -0.1 0.018841762598917122
0.9247999999999547 -0.1 0.018432000000000004
0.9268443148687591 -0.1 0.01796479466888795
0.9288606413993711 -0.1 0.017442545605997506
0.9308454810495167 -0.1 0.01686797167846729
0.9327953352769217 -0.1 0.016244111620158264
0.9347067055393121 -0.1 0.015574324031653486
0.936576093294414 -0.1 0.014862287380258216
0.9383999999999532 -0.1 0.014112000000000013
0.9401749271136556 -0.1 0.013327780091628494
0.9418973760932472 -0.1 0.012514265722615547
0.943563848396454 -0.1 0.01167641482715534
0.9451708454810019 -0.1 0.01081950520616412
0.946714868804617 -0.1 0.009949134527280301
0.948192419825025 -0.1 0.009071220324864626
0.9495999999999519 -0.1 0.008192000000000005
0.9509341107871238 -0.1 0.007318030820491456
0.9521912536442665 -0.1 0.006456189920866273
0.953367930029106 -0.1 0.005613674302374
0.9544606413993683 -0.1 0.004798000832986288
0.9554658892127792 -0.1 0.004017006247396898
0.9563801749270648 -0.1 0.0032788471470220903
0.9571999999999511 -0.1 0.0025920000000000387
0.9579218658891638 -0.1 0.001965261141191166
0.9585422740524291 -0.1 0.0014077467721782533
0.9590577259474727 -0.1 0.0009288929612661367
0.9594647230320208 -0.1 0.0005384556434818721
0.9597597667637991 -0.1 0.00024651062057473583
0.9599393586005338 -0.1 6.345356101622457e-05
0.9599999999999508 -0.1 0.0
0.9599999999999508 -0.1 0.0
0.9599999999999508 -0.1 0.0
0.9599999999999508 -0.1 0.0
0.9599999999999508 -0.1 0.0
0.9599999999999508 -0.1 0.0
0.9599999999999508 -0.1 0.0
0.9599999999999508 -0.1 0.0
0.9599999999999508 -0.1 0.0
0.9599999999999508 -0.1 0.0
0.9599999999999508 -0.1 0.0
0.9599999999999508 -0.1 0.0
0.9599999999999508 -0.1 0.0
0.9599999999999508 -0.1 0.0
0.9599999999999508 -0.1 0.0
0.9599999999999508 -0.1 0.0
0.9599999999999508 -0.1 0.0
0.9599999999999508 -0.1 0.0
0.9599999999999508 -0.1 0.0
0.9599999999999508 -0.1 0.0
0.9599999999999508 -0.1 0.0
0.9599999999999508 -0.1 0.0
0.9599999999999508 -0.1 0.0
0.9599999999999508 -0.1 0.0
0.9599999999999508 -0.1 0.0
0.9599999999999508 -0.1 0.0
0.9599999999999508 -0.1 0.0
0.9599999999999508 -0.1 0.0
0.9599999999999508 -0.1 0.0
0.9599999999999508 -0.1 0.0
0.9599999999999508 -0.1 0.0
0.9599999999999508 -0.1 0.0
0.9599999999999508 -0.1 0.0
0.9599999999999508 -0.1 0.0
0.9599999999999508 -0.1 0.0
0.9599999999999508 -0.1 0.0
0.9599999999999508 -0.1 0.0
0.9599999999999508 -0.1 0.0
0.9599999999999508 -0.1 0.0
0.9599999999999508 -0.1 0.0
0.9599999999999508 -0.1 0.0
0.9599999999999508 -0.1 0.0
0.9599999999999508 -0.1 0.0
0.9599999999999508 -0.1 0.0
0.9599999999999508 -0.1 0.0
0.9599999999999508 -0.1 0.0
0.9599999999999508 -0.1 0.0
0.9599999999999508 -0.1 0.0
0.9599999999999508 -0.1 0.0
0.9599999999999508 -0.1 0.0
0.9599999999999508 -0.1 0.0
0.9599999999999508 -0.1 0.0
0.9599999999999508 -0.1 0.0
0.9599999999999508 -0.1 0.0
0.9599999999999508 -0.1 0.0
0.9599999999999508 -0.1 0.0
0.9599999999999508 -0.1 0.0
0.9599999999999508 -0.1 0.0
0.9599999999999508 -0.1 0.0
0.9599999999999508 -0.1 0.0
0.9599999999999508 -0.1 0.0
0.9599999999999508 -0.1 0.0
0.9599999999999508 -0.1 0.0
0.9599999999999508 -0.1 0.0
0.9599999999999508 -0.1 0.0
0.9599999999999508 -0.1 0.0
0.9599999999999508 -0.1 0.0
0.9599999999999508 -0.1 0.0
0.9599999999999508 -0.1 0.0
0.9599999999999508 -0.1 0.0
0.9599999999999508 -0.1 0.0
0.9599999999999508 -0.1 0.0
0.9599999999999508 -0.1 0.0
0.9599999999999508 -0.1 0.0
0.9599999999999508 -0.1 0.0
0.9599999999999508 -0.1 0.0
0.9599999999999508 -0.1 0.0
0.9599999999999508 -0.1 0.0
0.9599999999999508 -0.1 0.0
0.9599999999999508 -0.1 0.0
0.9599999999999508 -0.1 0.0
0.9599999999999508 -0.1 0.0
0.9599999999999508 -0.1 0.0
0.9599999999999508 -0.1 0.0
0.9599999999999508 -0.1 0.0
0.9599999999999508 -0.1 0.0
0.9599999999999508 -0.1 0.0
0.9599999999999508 -0.1 0.0
0.9599999999999508 -0.1 0.0
0.9599999999999508 -0.1 0.0
0.9599999999999508 -0.1 0.0
0.9599999999999508 -0.1 0.0
0.9599999999999508 -0.1 0.0
0.9599999999999508 -0.1 0.0
0.9599999999999508 -0.1 0.0
0.9599999999999508 -0.1 0.0
0.9599999999999508 -0.1 0.0
0.9599999999999508 -0.1 0.0
0.9599999999999508 -0.1 0.0
0.9599999999999508 -0.1 0.0
0.9599999999999508 -0.1 0.0
0.9599999999999508 -0.1 0.0
0.9599999999999508 -0.1 0.0
0.9599999999999508 -0.1 0.0
0.9599999999999508 -0.1 0.0
0.9599999999999508 -0.1 0.0
0.9599999999999508 -0.1 0.0
0.9599999999999508 -0.1 0.0
0.9599999999999508 -0.1 0.0
0.9599999999999508 -0.1 0.0
0.9599999999999508 -0.1 0.0
0.9599999999999508 -0.1 0.0
0.9599999999999508 -0.1 0.0
0.9599999999999508 -0.1 0.0
0.9599999999999508 -0.1 0.0
0.9599999999999508 -0.1 0.0
0.9599999999999508 -0.1 0.0
0.9599999999999508 -0.1 0.0
0.9599999999999508 -0.1 0.0
0.9599999999999508 -0.1 0.0
0.9599999999999508 -0.1 0.0
0.9599999999999508 -0.1 0.0
0.9599999999999508 -0.1 0.0
0.9599999999999508 -0.1 0.0
0.9599999999999508 -0.1 0.0
0.9599999999999508 -0.1 0.0
0.9599999999999508 -0.1 0.0
0.9599999999999508 -0.1 0.0
0.9599999999999508 -0.1 0.0
0.9599999999999508 -0.1 0.0
0.9599999999999508 -0.1 0.0
0.9600606413993676 -0.1 6.345356101624323e-05
0.9602402332361024 -0.1 0.0002465106205747605
0.9605352769678808 -0.1 0.0005384556434818824
0.9609422740524288 -0.1 0.000928892961266139
0.9614577259474725 -0.1 0.001407746772178259
0.9620781341107377 -0.1 0.00196526114119117
0.9627999999999505 -0.1 0.0025919999999999997
0.9636198250728367 -0.1 0.003278847147022074
0.9645341107871223 -0.1 0.004017006247396917
0.9655393586005333 -0.1 0.004798000832986255
0.9666320699707955 -0.1 0.00561367430237401
0.9678087463556351 -0.1 0.006456189920866304
0.9690658892127778 -0.1 0.007318030820491461
0.9703999999999496 -0.1 0.008192
0.9718075801748766 -0.1 0.00907122032486464
0.9732851311952846 -0.1 0.009949134527280298
0.9748291545188996 -0.1 0.010819505206164096
0.9764361516034475 -0.1 0.01167641482715535
0.9781026239066544 -0.1 0.012514265722615575
0.979825072886246 -0.1 0.013327780091628487
0.9815999999999484 -0.1 0.014112
0.9834239067054876 -0.1 0.014862287380258223
0.9852932944605894 -0.1 0.015574324031653479
0.9872046647229799 -0.1 0.016244111620158264
0.9891545189503849 -0.1 0.016867971678467306
0.9911393586005305 -0.1 0.0174425456059975
0.9931556851311425 -0.1 0.01796479466888796
0.9951999999999469 -0.1 0.018431999999999997
0.9972688046646697 -0.1 0.01884176259891711
0.9993586005830368 -0.1 0.019192003331945026
1.0014658892127741 -0.1 0.01948096293211162
1.0035871720116079 -0.1 0.019707201999167007
1.0057189504372637 -0.1 0.0198696009995835
1.0078577259474675 -0.1 0.019967360266555594
1.0099999999999454 -0.1 0.01999999999999999
1.0121422740524233 -0.1 0.0199673602665556
1.014281049562627 -0.1 0.0198696009995835
1.016412827988283 -0.1 0.019707201999167007
1.0185341107871164 -0.1 0.0194809629321116
1.0206413994168537 -0.1 0.019192003331945026
1.022731195335221 -0.1 0.018841762598917122
1.0247999999999438 -0.1 0.018432000000000004
1.026844314868748 -0.1 0.01796479466888795
1.0288606413993602 -0.1 0.017442545605997506
1.0308454810495058 -0.1 0.01686797167846729
1.0327953352769108 -0.1 0.016244111620158264
1.034706705539301 -0.1 0.015574324031653486
1.036576093294403 -0.1 0.014862287380258216
1.0383999999999423 -0.1 0.014112000000000013
1.0401749271136447 -0.1 0.013327780091628494
1.0418973760932364 -0.1 0.012514265722615547
1.0435638483964431 -0.1 0.01167641482715534
1.0451708454809912 -0.1 0.01081950520616412
1.046714868804606 -0.1 0.009949134527280301
1.048192419825014 -0.1 0.009071220324864626
1.049599999999941 -0.1 0.008192000000000005
1.0509341107871129 -0.1 0.007318030820491456
1.0521912536442555 -0.1 0.006456189920866273
1.053367930029095 -0.1 0.005613674302374
1.0544606413993574 -0.1 0.004798000832986288
1.0554658892127684 -0.1 0.004017006247396898
1.056380174927054 -0.1 0.0032788471470220903
1.0571999999999402 -0.1 0.0025920000000000387
1.057921865889153 -0.1 0.001965261141191166
1.0585422740524182 -0.1 0.0014077467721782533
1.0590577259474618 -0.1 0.0009288929612661367
1.05946472303201 -0.1 0.0005384556434818721
1.0597597667637884 -0.1 0.00024651062057473583
1.059939358600523 -0.1 6.345356101622457e-05
1.0599999999999399 -0.1 0.0
1.0599999999999399 -0.1 0.0
1.0599999999999399 -0.1 0.0
1.0599999999999399 -0.1 0.0
1.0599999999999399 -0.1 0.0
1.0599999999999399 -0.1 0.0
1.0599999999999399 -0.1 0.0
1.0599999999999399 -0.1 0.0
1.0599999999999399 -0.1 0.0
1.0599999999999399 -0.1 0.0
1.0599999999999399 -0.1 0.0
1.0599999999999399 -0.1 0.0
1.0599999999999399 -0.1 0.0
1.0599999999999399 -0.1 0.0
1.0599999999999399 -0.1 0.0
1.0599999999999399 -0.1 0.0
1.0599999999999399 -0.1 0.0
1.0599999999999399 -0.1 0.0
1.0599999999999399 -0.1 0.0
1.0599999999999399 -0.1 0.0
1.0599999999999399 -0.1 0.0
1.0599999999999399 -0.1 0.0
1.0599999999999399 -0.1 0.0
1.0599999999999399 -0.1 0.0
1.0599999999999399 -0.1 0.0
1.0599999999999399 -0.1 0.0
1.0599999999999399 -0.1 0.0
1.0599999999999399 -0.1 0.0
1.0599999999999399 -0.1 0.0
1.0599999999999399 -0.1 0.0
1.0599999999999399 -0.1 0.0
1.0599999999999399 -0.1 0.0
1.0599999999999399 -0.1 0.0
1.0599999999999399 -0.1 0.0
1.0599999999999399 -0.1 0.0
1.0599999999999399 -0.1 0.0
1.0599999999999399 -0.1 0.0
1.0599999999999399 -0.1 0.0
1.0599999999999399 -0.1 0.0
1.0599999999999399 -0.1 0.0
1.0599999999999399 -0.1 0.0
1.0599999999999399 -0.1 0.0
1.0599999999999399 -0.1 0.0
1.0599999999999399 -0.1 0.0
1.0599999999999399 -0.1 0.0
1.0599999999999399 -0.1 0.0
1.0599999999999399 -0.1 0.0
1.0599999999999399 -0.1 0.0
1.0599999999999399 -0.1 0.0
1.0599999999999399 -0.1 0.0
1.0599999999999399 -0.1 0.0
1.0599999999999399 -0.1 0.0
1.0599999999999399 -0.1 0.0
1.0599999999999399 -0.1 0.0
1.0599999999999399 -0.1 0.0
1.0599999999999399 -0.1 0.0
1.0599999999999399 -0.1 0.0
1.0599999999999399 -0.1 0.0
1.0599999999999399 -0.1 0.0
1.0599999999999399 -0.1 0.0
1.0599999999999399 -0.1 0.0
1.0599999999999399 -0.1 0.0
1.0599999999999399 -0.1 0.0
1.0599999999999399 -0.1 0.0
1.0599999999999399 -0.1 0.0
1.0599999999999399 -0.1 0.0
1.0599999999999399 -0.1 0.0
1.0599999999999399 -0.1 0.0
1.0599999999999399 -0.1 0.0
1.0599999999999399 -0.1 0.0
1.0599999999999399 -0.1 0.0
1.0599999999999399 -0.1 0.0
1.0599999999999399 -0.1 0.0
1.0599999999999399 -0.1 0.0
1.0599999999999399 -0.1 0.0
1.0599999999999399 -0.1 0.0
1.0599999999999399 -0.1 0.0
1.0599999999999399 -0.1 0.0
1.0599999999999399 -0.1 0.0
1.0599999999999399 -0.1 0.0
1.0599999999999399 -0.1 0.0
1.0599999999999399 -0.1 0.0
1.0599999999999399 -0.1 0.0
1.0599999999999399 -0.1 0.0
1.0599999999999399 -0.1 0.0
1.0599999999999399 -0.1 0.0
1.0599999999999399 -0.1 0.0
1.0599999999999399 -0.1 0.0
1.0599999999999399 -0.1 0.0
1.0599999999999399 -0.1 0.0
1.0599999999999399 -0.1 0.0
1.0599999999999399 -0.1 0.0
1.0599999999999399 -0.1 0.0
1.0599999999999399 -0.1 0.0
1.0599999999999399 -0.1 0.0
1.0599999999999399 -0.1 0.0
1.0599999999999399 -0.1 0.0
1.0599999999999399 -0.1 0.0
1.0599999999999399 -0.1 0.0
1.0599999999999399 -0.1 0.0
1.0599999999999399 -0.1 0.0
1.0599999999999399 -0.1 0.0
1.0599999999999399 -0.1 0.0
1.0599999999999399 -0.1 0.0
1.0599999999999399 -0.1 0.0
1.0599999999999399 -0.1 0.0
1.0599999999999399 -0.1 0.0
1.0599999999999399 -0.1 0.0
1.0599999999999399 -0.1 0.0
1.0599999999999399 -0.1 0.0
1.0599999999999399 -0.1 0.0
1.0599999999999399 -0.1 0.0
1.0599999999999399 -0.1 0.0
1.0599999999999399 -0.1 0.0
1.0599999999999399 -0.1 0.0
1.0599999999999399 -0.1 0.0
1.0599999999999399 -0.1 0.0
1.0599999999999399 -0.1 0.0
1.0599999999999399 -0.1 0.0
1.0599999999999399 -0.1 0.0
1.0599999999999399 -0.1 0.0
1.0599999999999399 -0.1 0.0
1.0599999999999399 -0.1 0.0
1.0599999999999399 -0.1 0.0
1.0599999999999399 -0.1 0.0
1.0599999999999399 -0.1 0.0
1.0599999999999399 -0.1 0.0
1.0599999999999399 -0.1 0.0
1.0599999999999399 -0.1 0.0
1.0599999999999399 -0.1 0.0
1.0599999999999399 -0.1 0.0
1.0600606413993567 -0.1 6.345356101624323e-05
1.0602402332360914 -0.1 0.0002465106205747605
1.0605352769678698 -0.1 0.0005384556434818824
1.060942274052418 -0.1 0.000928892961266139
1.0614577259474616 -0.1 0.001407746772178259
1.0620781341107268 -0.1 0.00196526114119117
1.0627999999999396 -0.1 0.0025919999999999997
1.0636198250728257 -0.1 0.003278847147022074
1.0645341107871114 -0.1 0.004017006247396917
1.0655393586005224 -0.1 0.004798000832986255
1.0666320699707845 -0.1 0.00561367430237401
1.067808746355624 -0.1 0.006456189920866304
1.069065889212767 -0.1 0.007318030820491461
1.0703999999999387 -0.1 0.008192
1.0718075801748657 -0.1 0.00907122032486464
1.0732851311952738 -0.1 0.009949134527280298
1.0748291545188886 -0.1 0.010819505206164096
1.0764361516034366 -0.1 0.01167641482715535
1.0781026239066434 -0.1 0.012514265722615575
1.079825072886235 -0.1 0.013327780091628487
1.0815999999999375 -0.1 0.014112
1.0834239067054767 -0.1 0.014862287380258223
1.0852932944605784 -0.1 0.015574324031653479
1.087204664722969 -0.1 0.016244111620158264
1.089154518950374 -0.1 0.016867971678467306
1.0911393586005196 -0.1 0.0174425456059975
1.0931556851311315 -0.1 0.01796479466888796
1.095199999999936 -0.1 0.018431999999999997
1.0972688046646588 -0.1 0.01884176259891711
1.0993586005830258 -0.1 0.019192003331945026
1.1014658892127633 -0.1 0.01948096293211162
1.1035871720115968 -0.1 0.019707201999167007
1.1057189504372527 -0.1 0.0198696009995835
1.1078577259474565 -0.1 0.019967360266555594
1.1099999999999344 -0.1 0.01999999999999999
1.1121422740524123 -0.1 0.0199673602665556
1.114281049562616 -0.1 0.0198696009995835
1.116412827988272 -0.1 0.019707201999167007
1.1185341107871054 -0.1 0.0194809629321116
1.120641399416843 -0.1 0.019192003331945026
1.12273119533521 -0.1 0.018841762598917122
1.1247999999999327 -0.1 0.018432000000000004
1.1268443148687373 -0.1 0.01796479466888795
1.1288606413993492 -0.1 0.017442545605997506
1.1308454810494948 -0.1 0.01686797167846729
1.1327953352768998 -0.1 0.016244111620158264
1.1347067055392903 -0.1 0.015574324031653486
1.136576093294392 -0.1 0.014862287380258216
1.1383999999999312 -0.1 0.014112000000000013
1.1401749271136337 -0.1 0.013327780091628494
1.1418973760932254 -0.1 0.012514265722615547
1.143563848396432 -0.1 0.01167641482715534
1.1451708454809801 -0.1 0.01081950520616412
1.146714868804595 -0.1 0.009949134527280301
1.148192419825003 -0.1 0.009071220324864626
1.14959999999993 -0.1 0.008192000000000005
1.1509341107871018 -0.1 0.007318030820491456
1.1521912536442445 -0.1 0.006456189920866273
1.153367930029084 -0.1 0.005613674302374
1.1544606413993463 -0.1 0.004798000832986288
1.1554658892127574 -0.1 0.004017006247396898
1.156380174927043 -0.1 0.0032788471470220903
1.1571999999999292 -0.1 0.0025920000000000387
1.157921865889142 -0.1 0.001965261141191166
1.1585422740524072 -0.1 0.0014077467721782533
1.1590577259474508 -0.1 0.0009288929612661367
1.159464723031999 -0.1 0.0005384556434818721
1.1597597667637773 -0.1 0.00024651062057473583
1.159939358600512 -0.1 6.345356101622457e-05
1.1599999999999289 -0.1 0.0
1.1599999999999289 -0.1 0.0
1.1599999999999289 -0.1 0.0
1.1599999999999289 -0.1 0.0
1.1599999999999289 -0.1 0.0
1.1599999999999289 -0.1 0.0
1.1599999999999289 -0.1 0.0
1.1599999999999289 -0.1 0.0
1.1599999999999289 -0.1 0.0
1.1599999999999289 -0.1 0.0
1.1599999999999289 -0.1 0.0
1.1599999999999289 -0.1 0.0
1.1599999999999289 -0.1 0.0
1.1599999999999289 -0.1 0.0
1.1599999999999289 -0.1 0.0
1.1599999999999289 -0.1 0.0
1.1599999999999289 -0.1 0.0
1.1599999999999289 -0.1 0.0
1.1599999999999289 -0.1 0.0
1.1599999999999289 -0.1 0.0
1.1599999999999289 -0.1 0.0
1.1599999999999289 -0.1 0.0
1.1599999999999289 -0.1 0.0
1.1599999999999289 -0.1 0.0
1.1599999999999289 -0.1 0.0
1.1599999999999289 -0.1 0.0
1.1599999999999289 -0.1 0.0
1.1599999999999289 -0.1 0.0
1.1599999999999289 -0.1 0.0
1.1599999999999289 -0.1 0.0
1.1599999999999289 -0.1 0.0
1.1599999999999289 -0.1 0.0
1.1599999999999289 -0.1 0.0
1.1599999999999289 -0.1 0.0
1.1599999999999289 -0.1 0.0
1.1599999999999289 -0.1 0.0
1.1599999999999289 -0.1 0.0
1.1599999999999289 -0.1 0.0
1.1599999999999289 -0.1 0.0
1.1599999999999289 -0.1 0.0
1.1599999999999289 -0.1 0.0
1.1599999999999289 -0.1 0.0
1.1599999999999289 -0.1 0.0
1.1599999999999289 -0.1 0.0
1.1599999999999289 -0.1 0.0
1.1599999999999289 -0.1 0.0
1.1599999999999289 -0.1 0.0
1.1599999999999289 -0.1 0.0
1.1599999999999289 -0.1 0.0
1.1599999999999289 -0.1 0.0
1.1599999999999289 -0.1 0.0
1.1599999999999289 -0.1 0.0
1.1599999999999289 -0.1 0.0
1.1599999999999289 -0.1 0.0
1.1599999999999289 -0.1 0.0
1.1599999999999289 -0.1 0.0
1.1599999999999289 -0.1 0.0
1.1599999999999289 -0.1 0.0
1.1599999999999289 -0.1 0.0
1.1599999999999289 -0.1 0.0
1.1599999999999289 -0.1 0.0
1.1599999999999289 -0.1 0.0
1.1599999999999289 -0.1 0.0
1.1599999999999289 -0.1 0.0
1.1599999999999289 -0.1 0.0
1.1599999999999289 -0.1 0.0
1.1599999999999289 -0.1 0.0
1.1599999999999289 -0.1 0.0
1.1599999999999289 -0.1 0.0
1.1599999999999289 -0.1 0.0
1.1599999999999289 -0.1 0.0
1.1599999999999289 -0.1 0.0
1.1599999999999289 -0.1 0.0
1.1599999999999289 -0.1 0.0
1.1599999999999289 -0.1 0.0
1.1599999999999289 -0.1 0.0
1.1599999999999289 -0.1 0.0
1.1599999999999289 -0.1 0.0
1.1599999999999289 -0.1 0.0
1.1599999999999289 -0.1 0.0
1.1599999999999289 -0.1 0.0
1.1599999999999289 -0.1 0.0
1.1599999999999289 -0.1 0.0
1.1599999999999289 -0.1 0.0
1.1599999999999289 -0.1 0.0
1.1599999999999289 -0.1 0.0
1.1599999999999289 -0.1 0.0
1.1599999999999289 -0.1 0.0
1.1599999999999289 -0.1 0.0
1.1599999999999289 -0.1 0.0
1.1599999999999289 -0.1 0.0
1.1599999999999289 -0.1 0.0
1.1599999999999289 -0.1 0.0
1.1599999999999289 -0.1 0.0
1.1599999999999289 -0.1 0.0
1.1599999999999289 -0.1 0.0
1.1599999999999289 -0.1 0.0
1.1599999999999289 -0.1 0.0
1.1599999999999289 -0.1 0.0
1.1599999999999289 -0.1 0.0
1.1599999999999289 -0.1 0.0
1.1599999999999289 -0.1 0.0
1.1599999999999289 -0.1 0.0
1.1599999999999289 -0.1 0.0
1.1599999999999289 -0.1 0.0
1.1599999999999289 -0.1 0.0
1.1599999999999289 -0.1 0.0
1.1599999999999289 -0.1 0.0
1.1599999999999289 -0.1 0.0
1.1599999999999289 -0.1 0.0
1.1599999999999289 -0.1 0.0
1.1599999999999289 -0.1 0.0
1.1599999999999289 -0.1 0.0
1.1599999999999289 -0.1 0.0
1.1599999999999289 -0.1 0.0
1.1599999999999289 -0.1 0.0
1.1599999999999289 -0.1 0.0
1.1599999999999289 -0.1 0.0
1.1599999999999289 -0.1 0.0
1.1599999999999289 -0.1 0.0
1.1599999999999289 -0.1 0.0
1.1599999999999289 -0.1 0.0
1.1599999999999289 -0.1 0.0
1.1599999999999289 -0.1 0.0
1.1599999999999289 -0.1 0.0
1.1599999999999289 -0.1 0.0
1.1599999999999289 -0.1 0.0
1.1599999999999289 -0.1 0.0
1.1599999999999289 -0.1 0.0
1.1599999999999289 -0.1 0.0
