1.0310923973763693e-17 0.10163857612916291 -1.3877787807814457e-17
1.0310923973763693e-17 0.10163857612916291 -1.3877787807814457e-17
1.0310923973763693e-17 0.10163857612916291 -1.3877787807814457e-17
1.0310923973763693e-17 0.10163857612916291 -1.3877787807814457e-17
1.0310923973763693e-17 0.10163857612916291 -1.3877787807814457e-17
1.0310923973763693e-17 0.10163857612916291 -1.3877787807814457e-17
1.0310923973763693e-17 0.10163857612916291 -1.3877787807814457e-17
1.0310923973763693e-17 0.10163857612916291 -1.3877787807814457e-17
1.0310923973763693e-17 0.10163857612916291 -1.3877787807814457e-17
1.0310923973763693e-17 0.10163857612916291 -1.3877787807814457e-17
1.0310923973763693e-17 0.10163857612916291 -1.3877787807814457e-17
1.0310923973763693e-17 0.10163857612916291 -1.3877787807814457e-17
1.0310923973763693e-17 0.10163857612916291 -1.3877787807814457e-17
1.0310923973763693e-17 0.10163857612916291 -1.3877787807814457e-17
1.0310923973763693e-17 0.10163857612916291 -1.3877787807814457e-17
1.0310923973763693e-17 0.10163857612916291 -1.3877787807814457e-17
1.0310923973763693e-17 0.10163857612916291 -1.3877787807814457e-17
1.0310923973763693e-17 0.10163857612916291 -1.3877787807814457e-17
1.0310923973763693e-17 0.10163857612916291 -1.3877787807814457e-17
1.0310923973763693e-17 0.10163857612916291 -1.3877787807814457e-17
1.0310923973763693e-17 0.10163857612916291 -1.3877787807814457e-17
1.0310923973763693e-17 0.10163857612916291 -1.3877787807814457e-17
1.0310923973763693e-17 0.10163857612916291 -1.3877787807814457e-17
1.0310923973763693e-17 0.10163857612916291 -1.3877787807814457e-17
1.0310923973763693e-17 0.10163857612916291 -1.3877787807814457e-17
1.0310923973763693e-17 0.10163857612916291 -1.3877787807814457e-17
1.0310923973763693e-17 0.10163857612916291 -1.3877787807814457e-17
1.0310923973763693e-17 0.10163857612916291 -1.3877787807814457e-17
1.0310923973763693e-17 0.10163857612916291 -1.3877787807814457e-17
1.0310923973763693e-17 0.10163857612916291 -1.3877787807814457e-17
1.0310923973763693e-17 0.10163857612916291 -1.3877787807814457e-17
1.0310923973763693e-17 0.10163857612916291 -1.3877787807814457e-17
1.0310923973763693e-17 0.10163857612916291 -1.3877787807814457e-17
1.0310923973763693e-17 0.10163857612916291 -1.3877787807814457e-17
1.0310923973763693e-17 0.10163857612916291 -1.3877787807814457e-17
1.0310923973763693e-17 0.10163857612916291 -1.3877787807814457e-17
1.0310923973763693e-17 0.10163857612916291 -1.3877787807814457e-17
1.0310923973763693e-17 0.10163857612916291 -1.3877787807814457e-17
1.0310923973763693e-17 0.10163857612916291 -1.3877787807814457e-17
1.0310923973763693e-17 0.10163857612916291 -1.3877787807814457e-17
1.0310923973763693e-17 0.10163857612916291 -1.3877787807814457e-17
1.0310923973763693e-17 0.10163857612916291 -1.3877787807814457e-17
1.0310923973763693e-17 0.10163857612916291 -1.3877787807814457e-17
1.0310923973763693e-17 0.10163857612916291 -1.3877787807814457e-17
1.0310923973763693e-17 0.10163857612916291 -1.3877787807814457e-17
1.0310923973763693e-17 0.10163857612916291 -1.3877787807814457e-17
1.0310923973763693e-17 0.10163857612916291 -1.3877787807814457e-17
1.0310923973763693e-17 0.10163857612916291 -1.3877787807814457e-17
1.0310923973763693e-17 0.10163857612916291 -1.3877787807814457e-17
1.0310923973763693e-17 0.10163857612916291 -1.3877787807814457e-17
1.0310923973763693e-17 0.10163857612916291 -1.3877787807814457e-17
1.0310923973763693e-17 0.10163857612916291 -1.3877787807814457e-17
1.0310923973763693e-17 0.10163857612916291 -1.3877787807814457e-17
1.0310923973763693e-17 0.10163857612916291 -1.3877787807814457e-17
1.0310923973763693e-17 0.10163857612916291 -1.3877787807814457e-17
1.0310923973763693e-17 0.10163857612916291 -1.3877787807814457e-17
1.0310923973763693e-17 0.10163857612916291 -1.3877787807814457e-17
1.0310923973763693e-17 0.10163857612916291 -1.3877787807814457e-17
1.0310923973763693e-17 0.10163857612916291 -1.3877787807814457e-17
1.0310923973763693e-17 0.10163857612916291 -1.3877787807814457e-17
1.0310923973763693e-17 0.10163857612916291 -1.3877787807814457e-17
1.0310923973763693e-17 0.10163857612916291 -1.3877787807814457e-17
1.0310923973763693e-17 0.10163857612916291 -1.3877787807814457e-17
1.0310923973763693e-17 0.10163857612916291 -1.3877787807814457e-17
1.0310923973763693e-17 0.10163857612916291 -1.3877787807814457e-17
1.0310923973763693e-17 0.10163857612916291 -1.3877787807814457e-17
1.0310923973763693e-17 0.10163857612916291 -1.3877787807814457e-17
1.0310923973763693e-17 0.10163857612916291 -1.3877787807814457e-17
1.0310923973763693e-17 0.10163857612916291 -1.3877787807814457e-17
1.0310923973763693e-17 0.10163857612916291 -1.3877787807814457e-17
1.0310923973763693e-17 0.10163857612916291 -1.3877787807814457e-17
1.0310923973763693e-17 0.10163857612916291 -1.3877787807814457e-17
1.0310923973763693e-17 0.10163857612916291 -1.3877787807814457e-17
1.0310923973763693e-17 0.10163857612916291 -1.3877787807814457e-17
1.0310923973763693e-17 0.10163857612916291 -1.3877787807814457e-17
1.0310923973763693e-17 0.10163857612916291 -1.3877787807814457e-17
1.0310923973763693e-17 0.10163857612916291 -1.3877787807814457e-17
1.0310923973763693e-17 0.10163857612916291 -1.3877787807814457e-17
1.0310923973763693e-17 0.10163857612916291 -1.3877787807814457e-17
1.0310923973763693e-17 0.10163857612916291 -1.3877787807814457e-17
1.0310923973763693e-17 0.10163857612916291 -1.3877787807814457e-17
1.0310923973763693e-17 0.10163857612916291 -1.3877787807814457e-17
1.0310923973763693e-17 0.10163857612916291 -1.3877787807814457e-17
1.0310923973763693e-17 0.10163857612916291 -1.3877787807814457e-17
1.0310923973763693e-17 0.10163857612916291 -1.3877787807814457e-17
1.0310923973763693e-17 0.10163857612916291 -1.3877787807814457e-17
1.0310923973763693e-17 0.10163857612916291 -1.3877787807814457e-17
1.0310923973763693e-17 0.10163857612916291 -1.3877787807814457e-17
1.0310923973763693e-17 0.10163857612916291 -1.3877787807814457e-17
1.0310923973763693e-17 0.10163857612916291 -1.3877787807814457e-17
1.0310923973763693e-17 0.10163857612916291 -1.3877787807814457e-17
1.0310923973763693e-17 0.10163857612916291 -1.3877787807814457e-17
1.0310923973763693e-17 0.10163857612916291 -1.3877787807814457e-17
1.0310923973763693e-17 0.10163857612916291 -1.3877787807814457e-17
1.0310923973763693e-17 0.10163857612916291 -1.3877787807814457e-17
1.0310923973763693e-17 0.10163857612916291 -1.3877787807814457e-17
1.0310923973763693e-17 0.10163857612916291 -1.3877787807814457e-17
1.0310923973763693e-17 0.10163857612916291 -1.3877787807814457e-17
1.0310923973763693e-17 0.10163857612916291 -1.3877787807814457e-17
1.0310923973763693e-17 0.10163857612916291 -1.3877787807814457e-17
1.0310923973763693e-17 0.10163857612916291 -1.3877787807814457e-17
1.0310923973763693e-17 0.10163857612916291 -1.3877787807814457e-17
1.0310923973763693e-17 0.10163857612916291 -1.3877787807814457e-17
1.0310923973763693e-17 0.10163857612916291 -1.3877787807814457e-17
1.0310923973763693e-17 0.10163857612916291 -1.3877787807814457e-17
1.0310923973763693e-17 0.10163857612916291 -1.3877787807814457e-17
1.0310923973763693e-17 0.10163857612916291 -1.3877787807814457e-17
1.0310923973763693e-17 0.10163857612916291 -1.3877787807814457e-17
1.0310923973763693e-17 0.10163857612916291 -1.3877787807814457e-17
1.0310923973763693e-17 0.10163857612916291 -1.3877787807814457e-17
1.0310923973763693e-17 0.10163857612916291 -1.3877787807814457e-17
1.0310923973763693e-17 0.10163857612916291 -1.3877787807814457e-17
1.0310923973763693e-17 0.10163857612916291 -1.3877787807814457e-17
1.0310923973763693e-17 0.10163857612916291 -1.3877787807814457e-17
1.0310923973763693e-17 0.10163857612916291 -1.3877787807814457e-17
1.0310923973763693e-17 0.10163857612916291 -1.3877787807814457e-17
1.0310923973763693e-17 0.10163857612916291 -1.3877787807814457e-17
1.0310923973763693e-17 0.10163857612916291 -1.3877787807814457e-17
1.0310923973763693e-17 0.10163857612916291 -1.3877787807814457e-17
1.0310923973763693e-17 0.10163857612916291 -1.3877787807814457e-17
1.0310923973763693e-17 0.10163857612916291 -1.3877787807814457e-17
1.0310923973763693e-17 0.10163857612916291 -1.3877787807814457e-17
1.0310923973763693e-17 0.10163857612916291 -1.3877787807814457e-17
1.0310923973763693e-17 0.10163857612916291 -1.3877787807814457e-17
1.0310923973763693e-17 0.10163857612916291 -1.3877787807814457e-17
1.0310923973763693e-17 0.10163857612916291 -1.3877787807814457e-17
1.0310923973763693e-17 0.10163857612916291 -1.3877787807814457e-17
1.0310923973763693e-17 0.10163857612916291 -1.3877787807814457e-17
1.0310923973763693e-17 0.10163857612916291 -1.3877787807814457e-17
1.0310923973763693e-17 0.10163857612916291 -1.3877787807814457e-17
1.0310923973763693e-17 0.10163857612916291 -1.3877787807814457e-17
1.0310923973763693e-17 0.10163857612916291 -1.3877787807814457e-17
1.0310923973763693e-17 0.10163857612916291 -1.3877787807814457e-17
1.0310923973763693e-17 0.10163857612916291 -1.3877787807814457e-17
1.0310923973763693e-17 0.10163857612916291 -1.3877787807814457e-17
1.0310923973763693e-17 0.10163857612916291 -1.3877787807814457e-17
1.0310923973763693e-17 0.10163857612916291 -1.3877787807814457e-17
1.0310923973763693e-17 0.10163857612916291 -1.3877787807814457e-17
1.0310923973763693e-17 0.10163857612916291 -1.3877787807814457e-17
1.0310923973763693e-17 0.10163857612916291 -1.3877787807814457e-17
1.0310923973763693e-17 0.10163857612916291 -1.3877787807814457e-17
1.0310923973763693e-17 0.10163857612916291 -1.3877787807814457e-17
1.0310923973763693e-17 0.10163857612916291 -1.3877787807814457e-17
1.0310923973763693e-17 0.10163857612916291 -1.3877787807814457e-17
1.0310923973763693e-17 0.10163857612916291 -1.3877787807814457e-17
1.0310923973763693e-17 0.10163857612916291 -1.3877787807814457e-17
1.0310923973763693e-17 0.10163857612916291 -1.3877787807814457e-17
1.0310923973763693e-17 0.10163857612916291 -1.3877787807814457e-17
1.0310923973763693e-17 0.10163857612916291 -1.3877787807814457e-17
1.0310923973763693e-17 0.10163857612916291 -1.3877787807814457e-17
1.0310923973763693e-17 0.10163857612916291 -1.3877787807814457e-17
1.0310923973763693e-17 0.10163857612916291 -1.3877787807814457e-17
1.0310923973763693e-17 0.10163857612916291 -1.3877787807814457e-17
1.0310923973763693e-17 0.10163857612916291 -1.3877787807814457e-17
1.0310923973763693e-17 0.10163857612916291 -1.3877787807814457e-17
1.0310923973763693e-17 0.10163857612916291 -1.3877787807814457e-17
1.0310923973763693e-17 0.10163857612916291 -1.3877787807814457e-17
1.0310923973763693e-17 0.10163857612916291 -1.3877787807814457e-17
1.0310923973763693e-17 0.10163857612916291 -1.3877787807814457e-17
1.0310923973763693e-17 0.10163857612916291 -1.3877787807814457e-17
1.0310923973763693e-17 0.10163857612916291 -1.3877787807814457e-17
1.0310923973763693e-17 0.10163857612916291 -1.3877787807814457e-17
1.0310923973763693e-17 0.10163857612916291 -1.3877787807814457e-17
1.0310923973763693e-17 0.10163857612916291 -1.3877787807814457e-17
1.0310923973763693e-17 0.10163857612916291 -1.3877787807814457e-17
1.0310923973763693e-17 0.10163857612916291 -1.3877787807814457e-17
1.0310923973763693e-17 0.10163857612916291 -1.3877787807814457e-17
1.0310923973763693e-17 0.10163857612916291 -1.3877787807814457e-17
1.0310923973763693e-17 0.10163857612916291 -1.3877787807814457e-17
1.0310923973763693e-17 0.10163857612916291 -1.3877787807814457e-17
1.0310923973763693e-17 0.10163857612916291 -1.3877787807814457e-17
1.0310923973763693e-17 0.10163857612916291 -1.3877787807814457e-17
1.0310923973763693e-17 0.10163857612916291 -1.3877787807814457e-17
1.0310923973763693e-17 0.10163857612916291 -1.3877787807814457e-17
1.0310923973763693e-17 0.10163857612916291 -1.3877787807814457e-17
1.0310923973763693e-17 0.10163857612916291 -1.3877787807814457e-17
1.0310923973763693e-17 0.10163857612916291 -1.3877787807814457e-17
1.0310923973763693e-17 0.10163857612916291 -1.3877787807814457e-17
1.0310923973763693e-17 0.10163857612916291 -1.3877787807814457e-17
1.0310923973763693e-17 0.10163857612916291 -1.3877787807814457e-17
1.0310923973763693e-17 0.10163857612916291 -1.3877787807814457e-17
1.0310923973763693e-17 0.10163857612916291 -1.3877787807814457e-17
1.0310923973763693e-17 0.10163857612916291 -1.3877787807814457e-17
1.0310923973763693e-17 0.10163857612916291 -1.3877787807814457e-17
1.0310923973763693e-17 0.10163857612916291 -1.3877787807814457e-17
1.0310923973763693e-17 0.10163857612916291 -1.3877787807814457e-17
1.0310923973763693e-17 0.10163857612916291 -1.3877787807814457e-17
1.0310923973763693e-17 0.10163857612916291 -1.3877787807814457e-17
1.0310923973763693e-17 0.10163857612916291 -1.3877787807814457e-17
1.0310923973763693e-17 0.10163857612916291 -1.3877787807814457e-17
1.0310923973763693e-17 0.10163857612916291 -1.3877787807814457e-17
1.0310923973763693e-17 0.10163857612916291 -1.3877787807814457e-17
1.0310923973763693e-17 0.10163857612916291 -1.3877787807814457e-17
1.0310923973763693e-17 0.10163857612916291 -1.3877787807814457e-17
1.0310923973763693e-17 0.10163857612916291 -1.3877787807814457e-17
1.0310923973763693e-17 0.10163857612916291 -1.3877787807814457e-17
1.0310923973763693e-17 0.10163857612916291 -1.3877787807814457e-17
1.0310923973763693e-17 0.10163857612916291 -1.3877787807814457e-17
1.0310923973763693e-17 0.10163857612916291 -1.3877787807814457e-17
1.0310923973763693e-17 0.10163857612916291 -1.3877787807814457e-17
1.0310923973763693e-17 0.1 0.0
4.244897959184705e-05 0.1 6.345356101624323e-05
0.00016816326530613276 0.1 0.0002465106205747605
0.00037469387755103076 0.1 0.0005384556434818824
0.0006595918367347042 0.1 0.000928892961266139
0.0010204081632653166 0.1 0.001407746772178259
0.001454693877551031 0.1 0.00196526114119117
0.0019600000000000103 0.1 0.0025919999999999997
0.0025338775510204184 0.1 0.003278847147022074
0.003173877551020419 0.1 0.004017006247396917
0.0038775510204081738 0.1 0.004798000832986255
0.004642448979591847 0.1 0.00561367430237401
0.005466122448979603 0.1 0.006456189920866304
0.006346122448979603 0.1 0.007318030820491461
0.00728000000000001 0.1 0.008192
0.00826530612244899 0.1 0.00907122032486464
0.009299591836734704 0.1 0.009949134527280298
0.010380408163265317 0.1 0.010819505206164096
0.01150530612244899 0.1 0.01167641482715535
0.01267183673469389 0.1 0.012514265722615575
0.013877551020408175 0.1 0.013327780091628487
0.01512000000000001 0.1 0.014112
0.016396734693877563 0.1 0.014862287380258223
0.017705306122448992 0.1 0.015574324031653479
0.01904326530612246 0.1 0.016244111620158264
0.02040816326530613 0.1 0.016867971678467306
0.021797551020408173 0.1 0.0174425456059975
0.023208979591836747 0.1 0.01796479466888796
0.024640000000000013 0.1 0.018431999999999997
0.026088163265306132 0.1 0.01884176259891711
0.027551020408163276 0.1 0.019192003331945026
0.0290261224489796 0.1 0.01948096293211162
0.030511020408163274 0.1 0.019707201999167007
0.03200326530612246 0.1 0.0198696009995835
0.033500408163265306 0.1 0.019967360266555594
0.03500000000000001 0.1 0.01999999999999999
0.0364995918367347 0.1 0.0199673602665556
0.03799673469387756 0.1 0.0198696009995835
0.03948897959183674 0.1 0.019707201999167007
0.040973877551020416 0.1 0.0194809629321116
0.04244897959183675 0.1 0.019192003331945026
0.04391183673469389 0.1 0.018841762598917122
0.045360000000000004 0.1 0.018432000000000004
0.04679102040816327 0.1 0.01796479466888795
0.04820244897959185 0.1 0.017442545605997506
0.049591836734693875 0.1 0.01686797167846729
0.05095673469387756 0.1 0.016244111620158264
0.05229469387755102 0.1 0.015574324031653486
0.053603265306122465 0.1 0.014862287380258216
0.054880000000000005 0.1 0.014112000000000013
0.05612244897959184 0.1 0.013327780091628494
0.057328163265306126 0.1 0.012514265722615547
0.05849469387755102 0.1 0.01167641482715534
0.059619591836734695 0.1 0.01081950520616412
0.060700408163265315 0.1 0.009949134527280301
0.061734693877551025 0.1 0.009071220324864626
0.06272000000000001 0.1 0.008192000000000005
0.06365387755102044 0.1 0.007318030820491456
0.06453387755102041 0.1 0.006456189920866273
0.06535755102040816 0.1 0.005613674302374
0.06612244897959184 0.1 0.004798000832986288
0.06682612244897958 0.1 0.004017006247396898
0.06746612244897959 0.1 0.0032788471470220903
0.06804 0.1 0.0025920000000000387
0.06854530612244898 0.1 0.001965261141191166
0.0689795918367347 0.1 0.0014077467721782533
0.06934040816326532 0.1 0.0009288929612661367
0.069625306122449 0.1 0.0005384556434818721
0.06983183673469388 0.1 0.00024651062057473583
0.06995755102040815 0.1 6.345356101622457e-05
0.07000000000000002 0.1 0.0
0.07000000000000002 0.1 0.0
0.07000000000000002 0.1 0.0
0.07000000000000002 0.1 0.0
0.07000000000000002 0.1 0.0
0.07000000000000002 0.1 0.0
0.07000000000000002 0.1 0.0
0.07000000000000002 0.1 0.0
0.07000000000000002 0.1 0.0
0.07000000000000002 0.1 0.0
0.07000000000000002 0.1 0.0
0.07000000000000002 0.1 0.0
0.07000000000000002 0.1 0.0
0.07000000000000002 0.1 0.0
0.07000000000000002 0.1 0.0
0.07000000000000002 0.1 0.0
0.07000000000000002 0.1 0.0
0.07000000000000002 0.1 0.0
0.07000000000000002 0.1 0.0
0.07000000000000002 0.1 0.0
0.07000000000000002 0.1 0.0
0.07000000000000002 0.1 0.0
0.07000000000000002 0.1 0.0
0.07000000000000002 0.1 0.0
0.07000000000000002 0.1 0.0
0.07000000000000002 0.1 0.0
0.07000000000000002 0.1 0.0
0.07000000000000002 0.1 0.0
0.07000000000000002 0.1 0.0
0.07000000000000002 0.1 0.0
0.07000000000000002 0.1 0.0
0.07000000000000002 0.1 0.0
0.07000000000000002 0.1 0.0
0.07000000000000002 0.1 0.0
0.07000000000000002 0.1 0.0
0.07000000000000002 0.1 0.0
0.07000000000000002 0.1 0.0
0.07000000000000002 0.1 0.0
0.07000000000000002 0.1 0.0
0.07000000000000002 0.1 0.0
0.07000000000000002 0.1 0.0
0.07000000000000002 0.1 0.0
0.07000000000000002 0.1 0.0
0.07000000000000002 0.1 0.0
0.07000000000000002 0.1 0.0
0.07000000000000002 0.1 0.0
0.07000000000000002 0.1 0.0
0.07000000000000002 0.1 0.0
0.07000000000000002 0.1 0.0
0.07000000000000002 0.1 0.0
0.07000000000000002 0.1 0.0
0.07000000000000002 0.1 0.0
0.07000000000000002 0.1 0.0
0.07000000000000002 0.1 0.0
0.07000000000000002 0.1 0.0
0.07000000000000002 0.1 0.0
0.07000000000000002 0.1 0.0
0.07000000000000002 0.1 0.0
0.07000000000000002 0.1 0.0
0.07000000000000002 0.1 0.0
0.07000000000000002 0.1 0.0
0.07000000000000002 0.1 0.0
0.07000000000000002 0.1 0.0
0.07000000000000002 0.1 0.0
0.07000000000000002 0.1 0.0
0.07000000000000002 0.1 0.0
0.07000000000000002 0.1 0.0
0.07000000000000002 0.1 0.0
0.07000000000000002 0.1 0.0
0.07000000000000002 0.1 0.0
0.07000000000000002 0.1 0.0
0.07000000000000002 0.1 0.0
0.07000000000000002 0.1 0.0
0.07000000000000002 0.1 0.0
0.07000000000000002 0.1 0.0
0.07000000000000002 0.1 0.0
0.07000000000000002 0.1 0.0
0.07000000000000002 0.1 0.0
0.07000000000000002 0.1 0.0
0.07000000000000002 0.1 0.0
0.07000000000000002 0.1 0.0
0.07000000000000002 0.1 0.0
0.07000000000000002 0.1 0.0
0.07000000000000002 0.1 0.0
0.07000000000000002 0.1 0.0
0.07000000000000002 0.1 0.0
0.07000000000000002 0.1 0.0
0.07000000000000002 0.1 0.0
0.07000000000000002 0.1 0.0
0.07000000000000002 0.1 0.0
0.07000000000000002 0.1 0.0
0.07000000000000002 0.1 0.0
0.07000000000000002 0.1 0.0
0.07000000000000002 0.1 0.0
0.07000000000000002 0.1 0.0
0.07000000000000002 0.1 0.0
0.07000000000000002 0.1 0.0
0.07000000000000002 0.1 0.0
0.07000000000000002 0.1 0.0
0.07000000000000002 0.1 0.0
0.07000000000000002 0.1 0.0
0.07000000000000002 0.1 0.0
0.07000000000000002 0.1 0.0
0.07000000000000002 0.1 0.0
0.07000000000000002 0.1 0.0
0.07000000000000002 0.1 0.0
0.07000000000000002 0.1 0.0
0.07000000000000002 0.1 0.0
0.07000000000000002 0.1 0.0
0.07000000000000002 0.1 0.0
0.07000000000000002 0.1 0.0
0.07000000000000002 0.1 0.0
0.07000000000000002 0.1 0.0
0.07000000000000002 0.1 0.0
0.07000000000000002 0.1 0.0
0.07000000000000002 0.1 0.0
0.07000000000000002 0.1 0.0
0.07000000000000002 0.1 0.0
0.07000000000000002 0.1 0.0
0.07000000000000002 0.1 0.0
0.07000000000000002 0.1 0.0
0.07000000000000002 0.1 0.0
0.07000000000000002 0.1 0.0
0.07000000000000002 0.1 0.0
0.07000000000000002 0.1 0.0
0.07000000000000002 0.1 0.0
0.07000000000000002 0.1 0.0
0.07000000000000002 0.1 0.0
0.07000000000000002 0.1 0.0
0.07000000000000002 0.1 0.0
0.07000000000000002 0.1 0.0
0.0700848979591837 0.1 6.345356101624323e-05
0.07033632653061227 0.1 0.0002465106205747605
0.07074938775510206 0.1 0.0005384556434818824
0.07131918367346941 0.1 0.000928892961266139
0.07204081632653066 0.1 0.001407746772178259
0.07290938775510208 0.1 0.00196526114119117
0.07392000000000006 0.1 0.0025919999999999997
0.07506775510204088 0.1 0.003278847147022074
0.07634775510204089 0.1 0.004017006247396917
0.07775510204081641 0.1 0.004798000832986255
0.07928489795918378 0.1 0.00561367430237401
0.0809322448979593 0.1 0.006456189920866304
0.08269224489795932 0.1 0.007318030820491461
0.08456000000000015 0.1 0.008192
0.08653061224489812 0.1 0.00907122032486464
0.08859918367346957 0.1 0.009949134527280298
0.09076081632653081 0.1 0.010819505206164096
0.09301061224489818 0.1 0.01167641482715535
0.09534367346938799 0.1 0.012514265722615575
0.0977551020408166 0.1 0.013327780091628487
0.10024000000000029 0.1 0.014112
0.10279346938775541 0.1 0.014862287380258223
0.1054106122448983 0.1 0.015574324031653479
0.10808653061224525 0.1 0.016244111620158264
0.11081632653061263 0.1 0.016867971678467306
0.11359510204081673 0.1 0.0174425456059975
0.1164179591836739 0.1 0.01796479466888796
0.11928000000000046 0.1 0.018431999999999997
0.12217632653061272 0.1 0.01884176259891711
0.12510204081632703 0.1 0.019192003331945026
0.12805224489795972 0.1 0.01948096293211162
0.13102204081632707 0.1 0.019707201999167007
0.1340065306122455 0.1 0.0198696009995835
0.13700081632653122 0.1 0.019967360266555594
0.14000000000000062 0.1 0.01999999999999999
0.14299918367347003 0.1 0.0199673602665556
0.14599346938775576 0.1 0.0198696009995835
0.14897795918367418 0.1 0.019707201999167007
0.15194775510204156 0.1 0.0194809629321116
0.15489795918367424 0.1 0.019192003331945026
0.15782367346938855 0.1 0.018841762598917122
0.1607200000000008 0.1 0.018432000000000004
0.16358204081632738 0.1 0.01796479466888795
0.16640489795918456 0.1 0.017442545605997506
0.16918367346938862 0.1 0.01686797167846729
0.17191346938775603 0.1 0.016244111620158264
0.17458938775510296 0.1 0.015574324031653486
0.17720653061224587 0.1 0.014862287380258216
0.17976000000000097 0.1 0.014112000000000013
0.18224489795918467 0.1 0.013327780091628494
0.18465632653061326 0.1 0.012514265722615547
0.18698938775510307 0.1 0.01167641482715534
0.18923918367347042 0.1 0.01081950520616412
0.1914008163265317 0.1 0.009949134527280301
0.19346938775510314 0.1 0.009071220324864626
0.1954400000000011 0.1 0.008192000000000005
0.19730775510204196 0.1 0.007318030820491456
0.19906775510204194 0.1 0.006456189920866273
0.20071510204081744 0.1 0.005613674302374
0.20224489795918482 0.1 0.004798000832986288
0.2036522448979603 0.1 0.004017006247396898
0.20493224489796036 0.1 0.0032788471470220903
0.2060800000000012 0.1 0.0025920000000000387
0.20709061224489916 0.1 0.001965261141191166
0.2079591836734706 0.1 0.0014077467721782533
0.20868081632653185 0.1 0.0009288929612661367
0.20925061224489921 0.1 0.0005384556434818721
0.20966367346938897 0.1 0.00024651062057473583
0.20991510204081754 0.1 6.345356101622457e-05
0.21000000000000124 0.1 0.0
0.21000000000000124 0.1 0.0
0.21000000000000124 0.1 0.0
0.21000000000000124 0.1 0.0
0.21000000000000124 0.1 0.0
0.21000000000000124 0.1 0.0
0.21000000000000124 0.1 0.0
0.21000000000000124 0.1 0.0
0.21000000000000124 0.1 0.0
0.21000000000000124 0.1 0.0
0.21000000000000124 0.1 0.0
0.21000000000000124 0.1 0.0
0.21000000000000124 0.1 0.0
0.21000000000000124 0.1 0.0
0.21000000000000124 0.1 0.0
0.21000000000000124 0.1 0.0
0.21000000000000124 0.1 0.0
0.21000000000000124 0.1 0.0
0.21000000000000124 0.1 0.0
0.21000000000000124 0.1 0.0
0.21000000000000124 0.1 0.0
0.21000000000000124 0.1 0.0
0.21000000000000124 0.1 0.0
0.21000000000000124 0.1 0.0
0.21000000000000124 0.1 0.0
0.21000000000000124 0.1 0.0
0.21000000000000124 0.1 0.0
0.21000000000000124 0.1 0.0
0.21000000000000124 0.1 0.0
0.21000000000000124 0.1 0.0
0.21000000000000124 0.1 0.0
0.21000000000000124 0.1 0.0
0.21000000000000124 0.1 0.0
0.21000000000000124 0.1 0.0
0.21000000000000124 0.1 0.0
0.21000000000000124 0.1 0.0
0.21000000000000124 0.1 0.0
0.21000000000000124 0.1 0.0
0.21000000000000124 0.1 0.0
0.21000000000000124 0.1 0.0
0.21000000000000124 0.1 0.0
0.21000000000000124 0.1 0.0
0.21000000000000124 0.1 0.0
0.21000000000000124 0.1 0.0
0.21000000000000124 0.1 0.0
0.21000000000000124 0.1 0.0
0.21000000000000124 0.1 0.0
0.21000000000000124 0.1 0.0
0.21000000000000124 0.1 0.0
0.21000000000000124 0.1 0.0
0.21000000000000124 0.1 0.0
0.21000000000000124 0.1 0.0
0.21000000000000124 0.1 0.0
0.21000000000000124 0.1 0.0
0.21000000000000124 0.1 0.0
0.21000000000000124 0.1 0.0
0.21000000000000124 0.1 0.0
0.21000000000000124 0.1 0.0
0.21000000000000124 0.1 0.0
0.21000000000000124 0.1 0.0
0.21000000000000124 0.1 0.0
0.21000000000000124 0.1 0.0
0.21000000000000124 0.1 0.0
0.21000000000000124 0.1 0.0
0.21000000000000124 0.1 0.0
0.21000000000000124 0.1 0.0
0.21000000000000124 0.1 0.0
0.21000000000000124 0.1 0.0
0.21000000000000124 0.1 0.0
0.21000000000000124 0.1 0.0
0.21000000000000124 0.1 0.0
0.21000000000000124 0.1 0.0
0.21000000000000124 0.1 0.0
0.21000000000000124 0.1 0.0
0.21000000000000124 0.1 0.0
0.21000000000000124 0.1 0.0
0.21000000000000124 0.1 0.0
0.21000000000000124 0.1 0.0
0.21000000000000124 0.1 0.0
0.21000000000000124 0.1 0.0
0.21000000000000124 0.1 0.0
0.21000000000000124 0.1 0.0
0.21000000000000124 0.1 0.0
0.21000000000000124 0.1 0.0
0.21000000000000124 0.1 0.0
0.21000000000000124 0.1 0.0
0.21000000000000124 0.1 0.0
0.21000000000000124 0.1 0.0
0.21000000000000124 0.1 0.0
0.21000000000000124 0.1 0.0
0.21000000000000124 0.1 0.0
0.21000000000000124 0.1 0.0
0.21000000000000124 0.1 0.0
0.21000000000000124 0.1 0.0
0.21000000000000124 0.1 0.0
0.21000000000000124 0.1 0.0
0.21000000000000124 0.1 0.0
0.21000000000000124 0.1 0.0
0.21000000000000124 0.1 0.0
0.21000000000000124 0.1 0.0
0.21000000000000124 0.1 0.0
0.21000000000000124 0.1 0.0
0.21000000000000124 0.1 0.0
0.21000000000000124 0.1 0.0
0.21000000000000124 0.1 0.0
0.21000000000000124 0.1 0.0
0.21000000000000124 0.1 0.0
0.21000000000000124 0.1 0.0
0.21000000000000124 0.1 0.0
0.21000000000000124 0.1 0.0
0.21000000000000124 0.1 0.0
0.21000000000000124 0.1 0.0
0.21000000000000124 0.1 0.0
0.21000000000000124 0.1 0.0
0.21000000000000124 0.1 0.0
0.21000000000000124 0.1 0.0
0.21000000000000124 0.1 0.0
0.21000000000000124 0.1 0.0
0.21000000000000124 0.1 0.0
0.21000000000000124 0.1 0.0
0.21000000000000124 0.1 0.0
0.21000000000000124 0.1 0.0
0.21000000000000124 0.1 0.0
0.21000000000000124 0.1 0.0
0.21000000000000124 0.1 0.0
0.21000000000000124 0.1 0.0
0.21000000000000124 0.1 0.0
0.21000000000000124 0.1 0.0
0.21000000000000124 0.1 0.0
0.21000000000000124 0.1 0.0
0.21000000000000124 0.1 0.0
0.21006064139941816 0.1 6.345356101624323e-05
0.21024023323615285 0.1 0.0002465106205747605
0.21053527696793128 0.1 0.0005384556434818824
0.21094227405247937 0.1 0.000928892961266139
0.2114577259475231 0.1 0.001407746772178259
0.2120781341107884 0.1 0.00196526114119117
0.21280000000000124 0.1 0.0025919999999999997
0.21361982507288754 0.1 0.003278847147022074
0.21453411078717327 0.1 0.004017006247396917
0.21553935860058435 0.1 0.004798000832986255
0.21663206997084672 0.1 0.00561367430237401
0.21780874635568637 0.1 0.006456189920866304
0.21906588921282924 0.1 0.007318030820491461
0.22040000000000126 0.1 0.008192
0.22180758017492835 0.1 0.00907122032486464
0.22328513119533652 0.1 0.009949134527280298
0.2248291545189517 0.1 0.010819505206164096
0.2264361516034998 0.1 0.01167641482715535
0.2281026239067068 0.1 0.012514265722615575
0.22982507288629864 0.1 0.013327780091628487
0.23160000000000125 0.1 0.014112
0.2334239067055406 0.1 0.014862287380258223
0.23529329446064268 0.1 0.015574324031653479
0.23720466472303334 0.1 0.016244111620158264
0.23915451895043857 0.1 0.016867971678467306
0.24113935860058436 0.1 0.0174425456059975
0.24315568513119662 0.1 0.01796479466888796
0.24520000000000128 0.1 0.018431999999999997
0.24726880466472428 0.1 0.01884176259891711
0.24935860058309164 0.1 0.019192003331945026
0.25146588921282925 0.1 0.01948096293211162
0.2535871720116631 0.1 0.019707201999167007
0.25571895043731907 0.1 0.0198696009995835
0.25785772594752315 0.1 0.019967360266555594
0.2600000000000013 0.1 0.01999999999999999
0.2621422740524794 0.1 0.0199673602665556
0.2642810495626835 0.1 0.0198696009995835
0.2664128279883395 0.1 0.019707201999167007
0.2685341107871733 0.1 0.0194809629321116
0.2706413994169109 0.1 0.019192003331945026
0.27273119533527823 0.1 0.018841762598917122
0.27480000000000127 0.1 0.018432000000000004
0.27684431486880595 0.1 0.01796479466888795
0.27886064139941824 0.1 0.017442545605997506
0.28084548104956397 0.1 0.01686797167846729
0.2827953352769692 0.1 0.016244111620158264
0.2847067055393599 0.1 0.015574324031653486
0.286576093294462 0.1 0.014862287380258216
0.2884000000000013 0.1 0.014112000000000013
0.2901749271137039 0.1 0.013327780091628494
0.29189737609329575 0.1 0.012514265722615547
0.29356384839650274 0.1 0.01167641482715534
0.2951708454810509 0.1 0.01081950520616412
0.296714868804666 0.1 0.009949134527280301
0.29819241982507416 0.1 0.009071220324864626
0.2996000000000013 0.1 0.008192000000000005
0.30093411078717336 0.1 0.007318030820491456
0.30219125364431615 0.1 0.006456189920866273
0.3033679300291558 0.1 0.005613674302374
0.3044606413994182 0.1 0.004798000832986288
0.30546588921282924 0.1 0.004017006247396898
0.306380174927115 0.1 0.0032788471470220903
0.3072000000000013 0.1 0.0025920000000000387
0.3079218658892141 0.1 0.001965261141191166
0.30854227405247947 0.1 0.0014077467721782533
0.30905772594752323 0.1 0.0009288929612661367
0.3094647230320713 0.1 0.0005384556434818721
0.3097597667638497 0.1 0.00024651062057473583
0.3099393586005844 0.1 6.345356101622457e-05
0.31000000000000133 0.1 0.0
0.31000000000000133 0.1 0.0
0.31000000000000133 0.1 0.0
0.31000000000000133 0.1 0.0
0.31000000000000133 0.1 0.0
0.31000000000000133 0.1 0.0
0.31000000000000133 0.1 0.0
0.31000000000000133 0.1 0.0
0.31000000000000133 0.1 0.0
0.31000000000000133 0.1 0.0
0.31000000000000133 0.1 0.0
0.31000000000000133 0.1 0.0
0.31000000000000133 0.1 0.0
0.31000000000000133 0.1 0.0
0.31000000000000133 0.1 0.0
0.31000000000000133 0.1 0.0
0.31000000000000133 0.1 0.0
0.31000000000000133 0.1 0.0
0.31000000000000133 0.1 0.0
0.31000000000000133 0.1 0.0
0.31000000000000133 0.1 0.0
0.31000000000000133 0.1 0.0
0.31000000000000133 0.1 0.0
0.31000000000000133 0.1 0.0
0.31000000000000133 0.1 0.0
0.31000000000000133 0.1 0.0
0.31000000000000133 0.1 0.0
0.31000000000000133 0.1 0.0
0.31000000000000133 0.1 0.0
0.31000000000000133 0.1 0.0
0.31000000000000133 0.1 0.0
0.31000000000000133 0.1 0.0
0.31000000000000133 0.1 0.0
0.31000000000000133 0.1 0.0
0.31000000000000133 0.1 0.0
0.31000000000000133 0.1 0.0
0.31000000000000133 0.1 0.0
0.31000000000000133 0.1 0.0
0.31000000000000133 0.1 0.0
0.31000000000000133 0.1 0.0
0.31000000000000133 0.1 0.0
0.31000000000000133 0.1 0.0
0.31000000000000133 0.1 0.0
0.31000000000000133 0.1 0.0
0.31000000000000133 0.1 0.0
0.31000000000000133 0.1 0.0
0.31000000000000133 0.1 0.0
0.31000000000000133 0.1 0.0
0.31000000000000133 0.1 0.0
0.31000000000000133 0.1 0.0
0.31000000000000133 0.1 0.0
0.31000000000000133 0.1 0.0
0.31000000000000133 0.1 0.0
0.31000000000000133 0.1 0.0
0.31000000000000133 0.1 0.0
0.31000000000000133 0.1 0.0
0.31000000000000133 0.1 0.0
0.31000000000000133 0.1 0.0
0.31000000000000133 0.1 0.0
0.31000000000000133 0.1 0.0
0.31000000000000133 0.1 0.0
0.31000000000000133 0.1 0.0
0.31000000000000133 0.1 0.0
0.31000000000000133 0.1 0.0
0.31000000000000133 0.1 0.0
0.31000000000000133 0.1 0.0
0.31000000000000133 0.1 0.0
0.31000000000000133 0.1 0.0
0.31000000000000133 0.1 0.0
0.31000000000000133 0.1 0.0
0.31000000000000133 0.1 0.0
0.31000000000000133 0.1 0.0
0.31000000000000133 0.1 0.0
0.31000000000000133 0.1 0.0
0.31000000000000133 0.1 0.0
0.31000000000000133 0.1 0.0
0.31000000000000133 0.1 0.0
0.31000000000000133 0.1 0.0
0.31000000000000133 0.1 0.0
0.31000000000000133 0.1 0.0
0.31000000000000133 0.1 0.0
0.31000000000000133 0.1 0.0
0.31000000000000133 0.1 0.0
0.31000000000000133 0.1 0.0
0.31000000000000133 0.1 0.0
0.31000000000000133 0.1 0.0
0.31000000000000133 0.1 0.0
0.31000000000000133 0.1 0.0
0.31000000000000133 0.1 0.0
0.31000000000000133 0.1 0.0
0.31000000000000133 0.1 0.0
0.31000000000000133 0.1 0.0
0.31000000000000133 0.1 0.0
0.31000000000000133 0.1 0.0
0.31000000000000133 0.1 0.0
0.31000000000000133 0.1 0.0
0.31000000000000133 0.1 0.0
0.31000000000000133 0.1 0.0
0.31000000000000133 0.1 0.0
0.31000000000000133 0.1 0.0
0.31000000000000133 0.1 0.0
0.31000000000000133 0.1 0.0
0.31000000000000133 0.1 0.0
0.31000000000000133 0.1 0.0
0.31000000000000133 0.1 0.0
0.31000000000000133 0.1 0.0
0.31000000000000133 0.1 0.0
0.31000000000000133 0.1 0.0
0.31000000000000133 0.1 0.0
0.31000000000000133 0.1 0.0
0.31000000000000133 0.1 0.0
0.31000000000000133 0.1 0.0
0.31000000000000133 0.1 0.0
0.31000000000000133 0.1 0.0
0.31000000000000133 0.1 0.0
0.31000000000000133 0.1 0.0
0.31000000000000133 0.1 0.0
0.31000000000000133 0.1 0.0
0.31000000000000133 0.1 0.0
0.31000000000000133 0.1 0.0
0.31000000000000133 0.1 0.0
0.31000000000000133 0.1 0.0
0.31000000000000133 0.1 0.0
0.31000000000000133 0.1 0.0
0.31000000000000133 0.1 0.0
0.31000000000000133 0.1 0.0
0.31000000000000133 0.1 0.0
0.31000000000000133 0.1 0.0
0.31000000000000133 0.1 0.0
0.31000000000000133 0.1 0.0
0.31000000000000133 0.1 0.0
0.31006064139941825 0.1 6.345356101624323e-05
0.3102402332361529 0.1 0.0002465106205747605
0.3105352769679314 0.1 0.0005384556434818824
0.3109422740524795 0.1 0.000928892961266139
0.3114577259475232 0.1 0.001407746772178259
0.3120781341107885 0.1 0.00196526114119117
0.31280000000000135 0.1 0.0025919999999999997
0.3136198250728876 0.1 0.003278847147022074
0.31453411078717336 0.1 0.004017006247396917
0.3155393586005844 0.1 0.004798000832986255
0.3166320699708468 0.1 0.00561367430237401
0.31780874635568646 0.1 0.006456189920866304
0.3190658892128293 0.1 0.007318030820491461
0.32040000000000135 0.1 0.008192
0.32180758017492844 0.1 0.00907122032486464
0.32328513119533664 0.1 0.009949134527280298
0.3248291545189518 0.1 0.010819505206164096
0.32643615160349987 0.1 0.01167641482715535
0.32810262390670686 0.1 0.012514265722615575
0.3298250728862987 0.1 0.013327780091628487
0.33160000000000134 0.1 0.014112
0.33342390670554073 0.1 0.014862287380258223
0.33529329446064277 0.1 0.015574324031653479
0.3372046647230334 0.1 0.016244111620158264
0.3391545189504387 0.1 0.016867971678467306
0.3411393586005844 0.1 0.0174425456059975
0.3431556851311967 0.1 0.01796479466888796
0.34520000000000134 0.1 0.018431999999999997
0.3472688046647244 0.1 0.01884176259891711
0.34935860058309176 0.1 0.019192003331945026
0.35146588921282934 0.1 0.01948096293211162
0.3535871720116632 0.1 0.019707201999167007
0.35571895043731916 0.1 0.0198696009995835
0.35785772594752324 0.1 0.019967360266555594
0.3600000000000014 0.1 0.01999999999999999
0.3621422740524795 0.1 0.0199673602665556
0.3642810495626836 0.1 0.0198696009995835
0.3664128279883396 0.1 0.019707201999167007
0.3685341107871734 0.1 0.0194809629321116
0.370641399416911 0.1 0.019192003331945026
0.3727311953352783 0.1 0.018841762598917122
0.37480000000000135 0.1 0.018432000000000004
0.37684431486880604 0.1 0.01796479466888795
0.37886064139941833 0.1 0.017442545605997506
0.38084548104956406 0.1 0.01686797167846729
0.3827953352769693 0.1 0.016244111620158264
0.38470670553936 0.1 0.015574324031653486
0.3865760932944621 0.1 0.014862287380258216
0.3884000000000014 0.1 0.014112000000000013
0.390174927113704 0.1 0.013327780091628494
0.39189737609329584 0.1 0.012514265722615547
0.3935638483965028 0.1 0.01167641482715534
0.39517084548105097 0.1 0.01081950520616412
0.3967148688046661 0.1 0.009949134527280301
0.39819241982507425 0.1 0.009071220324864626
0.3996000000000014 0.1 0.008192000000000005
0.40093411078717345 0.1 0.007318030820491456
0.40219125364431624 0.1 0.006456189920866273
0.4033679300291559 0.1 0.005613674302374
0.4044606413994183 0.1 0.004798000832986288
0.40546588921282933 0.1 0.004017006247396898
0.4063801749271151 0.1 0.0032788471470220903
0.4072000000000014 0.1 0.0025920000000000387
0.4079218658892142 0.1 0.001965261141191166
0.40854227405247956 0.1 0.0014077467721782533
0.4090577259475233 0.1 0.0009288929612661367
0.4094647230320714 0.1 0.0005384556434818721
0.4097597667638498 0.1 0.00024651062057473583
0.4099393586005845 0.1 6.345356101622457e-05
0.4100000000000014 0.1 0.0
0.4100000000000014 0.1 0.0
0.4100000000000014 0.1 0.0
0.4100000000000014 0.1 0.0
0.4100000000000014 0.1 0.0
0.4100000000000014 0.1 0.0
0.4100000000000014 0.1 0.0
0.4100000000000014 0.1 0.0
0.4100000000000014 0.1 0.0
0.4100000000000014 0.1 0.0
0.4100000000000014 0.1 0.0
0.4100000000000014 0.1 0.0
0.4100000000000014 0.1 0.0
0.4100000000000014 0.1 0.0
0.4100000000000014 0.1 0.0
0.4100000000000014 0.1 0.0
0.4100000000000014 0.1 0.0
0.4100000000000014 0.1 0.0
0.4100000000000014 0.1 0.0
0.4100000000000014 0.1 0.0
0.4100000000000014 0.1 0.0
0.4100000000000014 0.1 0.0
0.4100000000000014 0.1 0.0
0.4100000000000014 0.1 0.0
0.4100000000000014 0.1 0.0
0.4100000000000014 0.1 0.0
0.4100000000000014 0.1 0.0
0.4100000000000014 0.1 0.0
0.4100000000000014 0.1 0.0
0.4100000000000014 0.1 0.0
0.4100000000000014 0.1 0.0
0.4100000000000014 0.1 0.0
0.4100000000000014 0.1 0.0
0.4100000000000014 0.1 0.0
0.4100000000000014 0.1 0.0
0.4100000000000014 0.1 0.0
0.4100000000000014 0.1 0.0
0.4100000000000014 0.1 0.0
0.4100000000000014 0.1 0.0
0.4100000000000014 0.1 0.0
0.4100000000000014 0.1 0.0
0.4100000000000014 0.1 0.0
0.4100000000000014 0.1 0.0
0.4100000000000014 0.1 0.0
0.4100000000000014 0.1 0.0
0.4100000000000014 0.1 0.0
0.4100000000000014 0.1 0.0
0.4100000000000014 0.1 0.0
0.4100000000000014 0.1 0.0
0.4100000000000014 0.1 0.0
0.4100000000000014 0.1 0.0
0.4100000000000014 0.1 0.0
0.4100000000000014 0.1 0.0
0.4100000000000014 0.1 0.0
0.4100000000000014 0.1 0.0
0.4100000000000014 0.1 0.0
0.4100000000000014 0.1 0.0
0.4100000000000014 0.1 0.0
0.4100000000000014 0.1 0.0
0.4100000000000014 0.1 0.0
0.4100000000000014 0.1 0.0
0.4100000000000014 0.1 0.0
0.4100000000000014 0.1 0.0
0.4100000000000014 0.1 0.0
0.4100000000000014 0.1 0.0
0.4100000000000014 0.1 0.0
0.4100000000000014 0.1 0.0
0.4100000000000014 0.1 0.0
0.4100000000000014 0.1 0.0
0.4100000000000014 0.1 0.0
0.4100000000000014 0.1 0.0
0.4100000000000014 0.1 0.0
0.4100000000000014 0.1 0.0
0.4100000000000014 0.1 0.0
0.4100000000000014 0.1 0.0
0.4100000000000014 0.1 0.0
0.4100000000000014 0.1 0.0
0.4100000000000014 0.1 0.0
0.4100000000000014 0.1 0.0
0.4100000000000014 0.1 0.0
0.4100000000000014 0.1 0.0
0.4100000000000014 0.1 0.0
0.4100000000000014 0.1 0.0
0.4100000000000014 0.1 0.0
0.4100000000000014 0.1 0.0
0.4100000000000014 0.1 0.0
0.4100000000000014 0.1 0.0
0.4100000000000014 0.1 0.0
0.4100000000000014 0.1 0.0
0.4100000000000014 0.1 0.0
0.4100000000000014 0.1 0.0
0.4100000000000014 0.1 0.0
0.4100000000000014 0.1 0.0
0.4100000000000014 0.1 0.0
0.4100000000000014 0.1 0.0
0.4100000000000014 0.1 0.0
0.4100000000000014 0.1 0.0
0.4100000000000014 0.1 0.0
0.4100000000000014 0.1 0.0
0.4100000000000014 0.1 0.0
0.4100000000000014 0.1 0.0
0.4100000000000014 0.1 0.0
0.4100000000000014 0.1 0.0
0.4100000000000014 0.1 0.0
0.4100000000000014 0.1 0.0
0.4100000000000014 0.1 0.0
0.4100000000000014 0.1 0.0
0.4100000000000014 0.1 0.0
0.4100000000000014 0.1 0.0
0.4100000000000014 0.1 0.0
0.4100000000000014 0.1 0.0
0.4100000000000014 0.1 0.0
0.4100000000000014 0.1 0.0
0.4100000000000014 0.1 0.0
0.4100000000000014 0.1 0.0
0.4100000000000014 0.1 0.0
0.4100000000000014 0.1 0.0
0.4100000000000014 0.1 0.0
0.4100000000000014 0.1 0.0
0.4100000000000014 0.1 0.0
0.4100000000000014 0.1 0.0
0.4100000000000014 0.1 0.0
0.4100000000000014 0.1 0.0
0.4100000000000014 0.1 0.0
0.4100000000000014 0.1 0.0
0.4100000000000014 0.1 0.0
0.4100000000000014 0.1 0.0
0.4100000000000014 0.1 0.0
0.4100000000000014 0.1 0.0
0.4100000000000014 0.1 0.0
0.4100000000000014 0.1 0.0
0.41006064139941834 0.1 6.345356101624323e-05
0.410240233236153 0.1 0.0002465106205747605
0.41053527696793146 0.1 0.0005384556434818824
0.4109422740524795 0.1 0.000928892961266139
0.4114577259475233 0.1 0.001407746772178259
0.4120781341107886 0.1 0.00196526114119117
0.4128000000000014 0.1 0.0025919999999999997
0.4136198250728877 0.1 0.003278847147022074
0.4145341107871734 0.1 0.004017006247396917
0.41553935860058444 0.1 0.004798000832986255
0.41663206997084684 0.1 0.00561367430237401
0.4178087463556865 0.1 0.006456189920866304
0.41906588921282933 0.1 0.007318030820491461
0.42040000000000133 0.1 0.008192
0.4218075801749284 0.1 0.00907122032486464
0.42328513119533656 0.1 0.009949134527280298
0.4248291545189517 0.1 0.010819505206164096
0.4264361516034998 0.1 0.01167641482715535
0.4281026239067068 0.1 0.012514265722615575
0.42982507288629856 0.1 0.013327780091628487
0.4316000000000012 0.1 0.014112
0.43342390670554054 0.1 0.014862287380258223
0.4352932944606426 0.1 0.015574324031653479
0.4372046647230332 0.1 0.016244111620158264
0.43915451895043844 0.1 0.016867971678467306
0.4411393586005842 0.1 0.0174425456059975
0.4431556851311964 0.1 0.01796479466888796
0.44520000000000104 0.1 0.018431999999999997
0.4472688046647241 0.1 0.01884176259891711
0.44935860058309135 0.1 0.019192003331945026
0.45146588921282893 0.1 0.01948096293211162
0.45358717201166276 0.1 0.019707201999167007
0.4557189504373187 0.1 0.0198696009995835
0.4578577259475228 0.1 0.019967360266555594
0.46000000000000085 0.1 0.01999999999999999
0.462142274052479 0.1 0.0199673602665556
0.464281049562683 0.1 0.0198696009995835
0.466412827988339 0.1 0.019707201999167007
0.4685341107871728 0.1 0.0194809629321116
0.4706413994169104 0.1 0.019192003331945026
0.47273119533527774 0.1 0.018841762598917122
0.4748000000000007 0.1 0.018432000000000004
0.47684431486880535 0.1 0.01796479466888795
0.4788606413994176 0.1 0.017442545605997506
0.4808454810495633 0.1 0.01686797167846729
0.48279533527696855 0.1 0.016244111620158264
0.4847067055393592 0.1 0.015574324031653486
0.4865760932944612 0.1 0.014862287380258216
0.48840000000000056 0.1 0.014112000000000013
0.49017492711370314 0.1 0.013327780091628494
0.491897376093295 0.1 0.012514265722615547
0.49356384839650197 0.1 0.01167641482715534
0.49517084548105006 0.1 0.01081950520616412
0.4967148688046652 0.1 0.009949134527280301
0.49819241982507334 0.1 0.009071220324864626
0.49960000000000043 0.1 0.008192000000000005
0.5009341107871724 0.1 0.007318030820491456
0.5021912536443153 0.1 0.006456189920866273
0.5033679300291549 0.1 0.005613674302374
0.5044606413994173 0.1 0.004798000832986288
0.5054658892128283 0.1 0.004017006247396898
0.5063801749271141 0.1 0.0032788471470220903
0.5072000000000003 0.1 0.0025920000000000387
0.5079218658892132 0.1 0.001965261141191166
0.5085422740524784 0.1 0.0014077467721782533
0.5090577259475222 0.1 0.0009288929612661367
0.5094647230320704 0.1 0.0005384556434818721
0.5097597667638487 0.1 0.00024651062057473583
0.5099393586005834 0.1 6.345356101622457e-05
0.5100000000000003 0.1 0.0
0.5100000000000003 0.1 0.0
0.5100000000000003 0.1 0.0
0.5100000000000003 0.1 0.0
0.5100000000000003 0.1 0.0
0.5100000000000003 0.1 0.0
0.5100000000000003 0.1 0.0
0.5100000000000003 0.1 0.0
0.5100000000000003 0.1 0.0
0.5100000000000003 0.1 0.0
0.5100000000000003 0.1 0.0
0.5100000000000003 0.1 0.0
0.5100000000000003 0.1 0.0
0.5100000000000003 0.1 0.0
0.5100000000000003 0.1 0.0
0.5100000000000003 0.1 0.0
0.5100000000000003 0.1 0.0
0.5100000000000003 0.1 0.0
0.5100000000000003 0.1 0.0
0.5100000000000003 0.1 0.0
0.5100000000000003 0.1 0.0
0.5100000000000003 0.1 0.0
0.5100000000000003 0.1 0.0
0.5100000000000003 0.1 0.0
0.5100000000000003 0.1 0.0
0.5100000000000003 0.1 0.0
0.5100000000000003 0.1 0.0
0.5100000000000003 0.1 0.0
0.5100000000000003 0.1 0.0
0.5100000000000003 0.1 0.0
0.5100000000000003 0.1 0.0
0.5100000000000003 0.1 0.0
0.5100000000000003 0.1 0.0
0.5100000000000003 0.1 0.0
0.5100000000000003 0.1 0.0
0.5100000000000003 0.1 0.0
0.5100000000000003 0.1 0.0
0.5100000000000003 0.1 0.0
0.5100000000000003 0.1 0.0
0.5100000000000003 0.1 0.0
0.5100000000000003 0.1 0.0
0.5100000000000003 0.1 0.0
0.5100000000000003 0.1 0.0
0.5100000000000003 0.1 0.0
0.5100000000000003 0.1 0.0
0.5100000000000003 0.1 0.0
0.5100000000000003 0.1 0.0
0.5100000000000003 0.1 0.0
0.5100000000000003 0.1 0.0
0.5100000000000003 0.1 0.0
0.5100000000000003 0.1 0.0
0.5100000000000003 0.1 0.0
0.5100000000000003 0.1 0.0
0.5100000000000003 0.1 0.0
0.5100000000000003 0.1 0.0
0.5100000000000003 0.1 0.0
0.5100000000000003 0.1 0.0
0.5100000000000003 0.1 0.0
0.5100000000000003 0.1 0.0
0.5100000000000003 0.1 0.0
0.5100000000000003 0.1 0.0
0.5100000000000003 0.1 0.0
0.5100000000000003 0.1 0.0
0.5100000000000003 0.1 0.0
0.5100000000000003 0.1 0.0
0.5100000000000003 0.1 0.0
0.5100000000000003 0.1 0.0
0.5100000000000003 0.1 0.0
0.5100000000000003 0.1 0.0
0.5100000000000003 0.1 0.0
0.5100000000000003 0.1 0.0
0.5100000000000003 0.1 0.0
0.5100000000000003 0.1 0.0
0.5100000000000003 0.1 0.0
0.5100000000000003 0.1 0.0
0.5100000000000003 0.1 0.0
0.5100000000000003 0.1 0.0
0.5100000000000003 0.1 0.0
0.5100000000000003 0.1 0.0
0.5100000000000003 0.1 0.0
0.5100000000000003 0.1 0.0
0.5100000000000003 0.1 0.0
0.5100000000000003 0.1 0.0
0.5100000000000003 0.1 0.0
0.5100000000000003 0.1 0.0
0.5100000000000003 0.1 0.0
0.5100000000000003 0.1 0.0
0.5100000000000003 0.1 0.0
0.5100000000000003 0.1 0.0
0.5100000000000003 0.1 0.0
0.5100000000000003 0.1 0.0
0.5100000000000003 0.1 0.0
0.5100000000000003 0.1 0.0
0.5100000000000003 0.1 0.0
0.5100000000000003 0.1 0.0
0.5100000000000003 0.1 0.0
0.5100000000000003 0.1 0.0
0.5100000000000003 0.1 0.0
0.5100000000000003 0.1 0.0
0.5100000000000003 0.1 0.0
0.5100000000000003 0.1 0.0
0.5100000000000003 0.1 0.0
0.5100000000000003 0.1 0.0
0.5100000000000003 0.1 0.0
0.5100000000000003 0.1 0.0
0.5100000000000003 0.1 0.0
0.5100000000000003 0.1 0.0
0.5100000000000003 0.1 0.0
0.5100000000000003 0.1 0.0
0.5100000000000003 0.1 0.0
0.5100000000000003 0.1 0.0
0.5100000000000003 0.1 0.0
0.5100000000000003 0.1 0.0
0.5100000000000003 0.1 0.0
0.5100000000000003 0.1 0.0
0.5100000000000003 0.1 0.0
0.5100000000000003 0.1 0.0
0.5100000000000003 0.1 0.0
0.5100000000000003 0.1 0.0
0.5100000000000003 0.1 0.0
0.5100000000000003 0.1 0.0
0.5100000000000003 0.1 0.0
0.5100000000000003 0.1 0.0
0.5100000000000003 0.1 0.0
0.5100000000000003 0.1 0.0
0.5100000000000003 0.1 0.0
0.5100000000000003 0.1 0.0
0.5100000000000003 0.1 0.0
0.5100000000000003 0.1 0.0
0.5100000000000003 0.1 0.0
0.5100000000000003 0.1 0.0
0.5100606413994172 0.1 6.345356101624323e-05
0.510240233236152 0.1 0.0002465106205747605
0.5105352769679303 0.1 0.0005384556434818824
0.5109422740524784 0.1 0.000928892961266139
0.511457725947522 0.1 0.001407746772178259
0.5120781341107873 0.1 0.00196526114119117
0.5128 0.1 0.0025919999999999997
0.5136198250728863 0.1 0.003278847147022074
0.5145341107871718 0.1 0.004017006247396917
0.5155393586005829 0.1 0.004798000832986255
0.5166320699708451 0.1 0.00561367430237401
0.5178087463556846 0.1 0.006456189920866304
0.5190658892128274 0.1 0.007318030820491461
0.5203999999999992 0.1 0.008192
0.5218075801749261 0.1 0.00907122032486464
0.5232851311953342 0.1 0.009949134527280298
0.5248291545189492 0.1 0.010819505206164096
0.5264361516034971 0.1 0.01167641482715535
0.5281026239067039 0.1 0.012514265722615575
0.5298250728862955 0.1 0.013327780091628487
0.531599999999998 0.1 0.014112
0.5334239067055371 0.1 0.014862287380258223
0.535293294460639 0.1 0.015574324031653479
0.5372046647230294 0.1 0.016244111620158264
0.5391545189504344 0.1 0.016867971678467306
0.54113935860058 0.1 0.0174425456059975
0.5431556851311921 0.1 0.01796479466888796
0.5451999999999965 0.1 0.018431999999999997
0.5472688046647193 0.1 0.01884176259891711
0.5493586005830864 0.1 0.019192003331945026
0.5514658892128238 0.1 0.01948096293211162
0.5535871720116573 0.1 0.019707201999167007
0.5557189504373131 0.1 0.0198696009995835
0.5578577259475169 0.1 0.019967360266555594
0.5599999999999948 0.1 0.01999999999999999
0.5621422740524727 0.1 0.0199673602665556
0.5642810495626766 0.1 0.0198696009995835
0.5664128279883324 0.1 0.019707201999167007
0.5685341107871659 0.1 0.0194809629321116
0.5706413994169033 0.1 0.019192003331945026
0.5727311953352704 0.1 0.018841762598917122
0.5747999999999932 0.1 0.018432000000000004
0.5768443148687976 0.1 0.01796479466888795
0.5788606413994096 0.1 0.017442545605997506
0.5808454810495552 0.1 0.01686797167846729
0.5827953352769603 0.1 0.016244111620158264
0.5847067055393507 0.1 0.015574324031653486
0.5865760932944526 0.1 0.014862287380258216
0.5883999999999917 0.1 0.014112000000000013
0.5901749271136941 0.1 0.013327780091628494
0.5918973760932857 0.1 0.012514265722615547
0.5935638483964926 0.1 0.01167641482715534
0.5951708454810405 0.1 0.01081950520616412
0.5967148688046555 0.1 0.009949134527280301
0.5981924198250635 0.1 0.009071220324864626
0.5995999999999905 0.1 0.008192000000000005
0.6009341107871623 0.1 0.007318030820491456
0.602191253644305 0.1 0.006456189920866273
0.6033679300291446 0.1 0.005613674302374
0.6044606413994068 0.1 0.004798000832986288
0.6054658892128177 0.1 0.004017006247396898
0.6063801749271034 0.1 0.0032788471470220903
0.6071999999999896 0.1 0.0025920000000000387
0.6079218658892024 0.1 0.001965261141191166
0.6085422740524676 0.1 0.0014077467721782533
0.6090577259475113 0.1 0.0009288929612661367
0.6094647230320593 0.1 0.0005384556434818721
0.6097597667638377 0.1 0.00024651062057473583
0.6099393586005724 0.1 6.345356101622457e-05
0.6099999999999893 0.1 0.0
0.6099999999999893 0.1 0.0
0.6099999999999893 0.1 0.0
0.6099999999999893 0.1 0.0
0.6099999999999893 0.1 0.0
0.6099999999999893 0.1 0.0
0.6099999999999893 0.1 0.0
0.6099999999999893 0.1 0.0
0.6099999999999893 0.1 0.0
0.6099999999999893 0.1 0.0
0.6099999999999893 0.1 0.0
0.6099999999999893 0.1 0.0
0.6099999999999893 0.1 0.0
0.6099999999999893 0.1 0.0
0.6099999999999893 0.1 0.0
0.6099999999999893 0.1 0.0
0.6099999999999893 0.1 0.0
0.6099999999999893 0.1 0.0
0.6099999999999893 0.1 0.0
0.6099999999999893 0.1 0.0
0.6099999999999893 0.1 0.0
0.6099999999999893 0.1 0.0
0.6099999999999893 0.1 0.0
0.6099999999999893 0.1 0.0
0.6099999999999893 0.1 0.0
0.6099999999999893 0.1 0.0
0.6099999999999893 0.1 0.0
0.6099999999999893 0.1 0.0
0.6099999999999893 0.1 0.0
0.6099999999999893 0.1 0.0
0.6099999999999893 0.1 0.0
0.6099999999999893 0.1 0.0
0.6099999999999893 0.1 0.0
0.6099999999999893 0.1 0.0
0.6099999999999893 0.1 0.0
0.6099999999999893 0.1 0.0
0.6099999999999893 0.1 0.0
0.6099999999999893 0.1 0.0
0.6099999999999893 0.1 0.0
0.6099999999999893 0.1 0.0
0.6099999999999893 0.1 0.0
0.6099999999999893 0.1 0.0
0.6099999999999893 0.1 0.0
0.6099999999999893 0.1 0.0
0.6099999999999893 0.1 0.0
0.6099999999999893 0.1 0.0
0.6099999999999893 0.1 0.0
0.6099999999999893 0.1 0.0
0.6099999999999893 0.1 0.0
0.6099999999999893 0.1 0.0
0.6099999999999893 0.1 0.0
0.6099999999999893 0.1 0.0
0.6099999999999893 0.1 0.0
0.6099999999999893 0.1 0.0
0.6099999999999893 0.1 0.0
0.6099999999999893 0.1 0.0
0.6099999999999893 0.1 0.0
0.6099999999999893 0.1 0.0
0.6099999999999893 0.1 0.0
0.6099999999999893 0.1 0.0
0.6099999999999893 0.1 0.0
0.6099999999999893 0.1 0.0
0.6099999999999893 0.1 0.0
0.6099999999999893 0.1 0.0
0.6099999999999893 0.1 0.0
0.6099999999999893 0.1 0.0
0.6099999999999893 0.1 0.0
0.6099999999999893 0.1 0.0
0.6099999999999893 0.1 0.0
0.6099999999999893 0.1 0.0
0.6099999999999893 0.1 0.0
0.6099999999999893 0.1 0.0
0.6099999999999893 0.1 0.0
0.6099999999999893 0.1 0.0
0.6099999999999893 0.1 0.0
0.6099999999999893 0.1 0.0
0.6099999999999893 0.1 0.0
0.6099999999999893 0.1 0.0
0.6099999999999893 0.1 0.0
0.6099999999999893 0.1 0.0
0.6099999999999893 0.1 0.0
0.6099999999999893 0.1 0.0
0.6099999999999893 0.1 0.0
0.6099999999999893 0.1 0.0
0.6099999999999893 0.1 0.0
0.6099999999999893 0.1 0.0
0.6099999999999893 0.1 0.0
0.6099999999999893 0.1 0.0
0.6099999999999893 0.1 0.0
0.6099999999999893 0.1 0.0
0.6099999999999893 0.1 0.0
0.6099999999999893 0.1 0.0
0.6099999999999893 0.1 0.0
0.6099999999999893 0.1 0.0
0.6099999999999893 0.1 0.0
0.6099999999999893 0.1 0.0
0.6099999999999893 0.1 0.0
0.6099999999999893 0.1 0.0
0.6099999999999893 0.1 0.0
0.6099999999999893 0.1 0.0
0.6099999999999893 0.1 0.0
0.6099999999999893 0.1 0.0
0.6099999999999893 0.1 0.0
0.6099999999999893 0.1 0.0
0.6099999999999893 0.1 0.0
0.6099999999999893 0.1 0.0
0.6099999999999893 0.1 0.0
0.6099999999999893 0.1 0.0
0.6099999999999893 0.1 0.0
0.6099999999999893 0.1 0.0
0.6099999999999893 0.1 0.0
0.6099999999999893 0.1 0.0
0.6099999999999893 0.1 0.0
0.6099999999999893 0.1 0.0
0.6099999999999893 0.1 0.0
0.6099999999999893 0.1 0.0
0.6099999999999893 0.1 0.0
0.6099999999999893 0.1 0.0
0.6099999999999893 0.1 0.0
0.6099999999999893 0.1 0.0
0.6099999999999893 0.1 0.0
0.6099999999999893 0.1 0.0
0.6099999999999893 0.1 0.0
0.6099999999999893 0.1 0.0
0.6099999999999893 0.1 0.0
0.6099999999999893 0.1 0.0
0.6099999999999893 0.1 0.0
0.6099999999999893 0.1 0.0
0.6099999999999893 0.1 0.0
0.6099999999999893 0.1 0.0
0.6099999999999893 0.1 0.0
0.6100606413994062 0.1 6.345356101624323e-05
0.610240233236141 0.1 0.0002465106205747605
0.6105352769679193 0.1 0.0005384556434818824
0.6109422740524674 0.1 0.000928892961266139
0.611457725947511 0.1 0.001407746772178259
0.6120781341107763 0.1 0.00196526114119117
0.612799999999989 0.1 0.0025919999999999997
0.6136198250728753 0.1 0.003278847147022074
0.6145341107871608 0.1 0.004017006247396917
0.6155393586005719 0.1 0.004798000832986255
0.6166320699708341 0.1 0.00561367430237401
0.6178087463556736 0.1 0.006456189920866304
0.6190658892128164 0.1 0.007318030820491461
0.6203999999999882 0.1 0.008192
0.6218075801749151 0.1 0.00907122032486464
0.6232851311953231 0.1 0.009949134527280298
0.6248291545189382 0.1 0.010819505206164096
0.6264361516034861 0.1 0.01167641482715535
0.6281026239066929 0.1 0.012514265722615575
0.6298250728862845 0.1 0.013327780091628487
0.631599999999987 0.1 0.014112
0.6334239067055261 0.1 0.014862287380258223
0.635293294460628 0.1 0.015574324031653479
0.6372046647230184 0.1 0.016244111620158264
0.6391545189504234 0.1 0.016867971678467306
0.641139358600569 0.1 0.0174425456059975
0.643155685131181 0.1 0.01796479466888796
0.6451999999999855 0.1 0.018431999999999997
0.6472688046647083 0.1 0.01884176259891711
0.6493586005830754 0.1 0.019192003331945026
0.6514658892128128 0.1 0.01948096293211162
0.6535871720116463 0.1 0.019707201999167007
0.6557189504373021 0.1 0.0198696009995835
0.6578577259475059 0.1 0.019967360266555594
0.6599999999999838 0.1 0.01999999999999999
0.6621422740524617 0.1 0.0199673602665556
0.6642810495626655 0.1 0.0198696009995835
0.6664128279883214 0.1 0.019707201999167007
0.6685341107871549 0.1 0.0194809629321116
0.6706413994168923 0.1 0.019192003331945026
0.6727311953352594 0.1 0.018841762598917122
0.6747999999999822 0.1 0.018432000000000004
0.6768443148687866 0.1 0.01796479466888795
0.6788606413993986 0.1 0.017442545605997506
0.6808454810495442 0.1 0.01686797167846729
0.6827953352769492 0.1 0.016244111620158264
0.6847067055393397 0.1 0.015574324031653486
0.6865760932944416 0.1 0.014862287380258216
0.6883999999999807 0.1 0.014112000000000013
0.6901749271136831 0.1 0.013327780091628494
0.6918973760932747 0.1 0.012514265722615547
0.6935638483964816 0.1 0.01167641482715534
0.6951708454810295 0.1 0.01081950520616412
0.6967148688046445 0.1 0.009949134527280301
0.6981924198250525 0.1 0.009071220324864626
0.6995999999999795 0.1 0.008192000000000005
0.7009341107871513 0.1 0.007318030820491456
0.702191253644294 0.1 0.006456189920866273
0.7033679300291336 0.1 0.005613674302374
0.7044606413993958 0.1 0.004798000832986288
0.7054658892128067 0.1 0.004017006247396898
0.7063801749270924 0.1 0.0032788471470220903
0.7071999999999786 0.1 0.0025920000000000387
0.7079218658891914 0.1 0.001965261141191166
0.7085422740524566 0.1 0.0014077467721782533
0.7090577259475003 0.1 0.0009288929612661367
0.7094647230320483 0.1 0.0005384556434818721
0.7097597667638267 0.1 0.00024651062057473583
0.7099393586005613 0.1 6.345356101622457e-05
0.7099999999999783 0.1 0.0
0.7099999999999783 0.1 0.0
0.7099999999999783 0.1 0.0
0.7099999999999783 0.1 0.0
0.7099999999999783 0.1 0.0
0.7099999999999783 0.1 0.0
0.7099999999999783 0.1 0.0
0.7099999999999783 0.1 0.0
0.7099999999999783 0.1 0.0
0.7099999999999783 0.1 0.0
0.7099999999999783 0.1 0.0
0.7099999999999783 0.1 0.0
0.7099999999999783 0.1 0.0
0.7099999999999783 0.1 0.0
0.7099999999999783 0.1 0.0
0.7099999999999783 0.1 0.0
0.7099999999999783 0.1 0.0
0.7099999999999783 0.1 0.0
0.7099999999999783 0.1 0.0
0.7099999999999783 0.1 0.0
0.7099999999999783 0.1 0.0
0.7099999999999783 0.1 0.0
0.7099999999999783 0.1 0.0
0.7099999999999783 0.1 0.0
0.7099999999999783 0.1 0.0
0.7099999999999783 0.1 0.0
0.7099999999999783 0.1 0.0
0.7099999999999783 0.1 0.0
0.7099999999999783 0.1 0.0
0.7099999999999783 0.1 0.0
0.7099999999999783 0.1 0.0
0.7099999999999783 0.1 0.0
0.7099999999999783 0.1 0.0
0.7099999999999783 0.1 0.0
0.7099999999999783 0.1 0.0
0.7099999999999783 0.1 0.0
0.7099999999999783 0.1 0.0
0.7099999999999783 0.1 0.0
0.7099999999999783 0.1 0.0
0.7099999999999783 0.1 0.0
0.7099999999999783 0.1 0.0
0.7099999999999783 0.1 0.0
0.7099999999999783 0.1 0.0
0.7099999999999783 0.1 0.0
0.7099999999999783 0.1 0.0
0.7099999999999783 0.1 0.0
0.7099999999999783 0.1 0.0
0.7099999999999783 0.1 0.0
0.7099999999999783 0.1 0.0
0.7099999999999783 0.1 0.0
0.7099999999999783 0.1 0.0
0.7099999999999783 0.1 0.0
0.7099999999999783 0.1 0.0
0.7099999999999783 0.1 0.0
0.7099999999999783 0.1 0.0
0.7099999999999783 0.1 0.0
0.7099999999999783 0.1 0.0
0.7099999999999783 0.1 0.0
0.7099999999999783 0.1 0.0
0.7099999999999783 0.1 0.0
0.7099999999999783 0.1 0.0
0.7099999999999783 0.1 0.0
0.7099999999999783 0.1 0.0
0.7099999999999783 0.1 0.0
0.7099999999999783 0.1 0.0
0.7099999999999783 0.1 0.0
0.7099999999999783 0.1 0.0
0.7099999999999783 0.1 0.0
0.7099999999999783 0.1 0.0
0.7099999999999783 0.1 0.0
0.7099999999999783 0.1 0.0
0.7099999999999783 0.1 0.0
0.7099999999999783 0.1 0.0
0.7099999999999783 0.1 0.0
0.7099999999999783 0.1 0.0
0.7099999999999783 0.1 0.0
0.7099999999999783 0.1 0.0
0.7099999999999783 0.1 0.0
0.7099999999999783 0.1 0.0
0.7099999999999783 0.1 0.0
0.7099999999999783 0.1 0.0
0.7099999999999783 0.1 0.0
0.7099999999999783 0.1 0.0
0.7099999999999783 0.1 0.0
0.7099999999999783 0.1 0.0
0.7099999999999783 0.1 0.0
0.7099999999999783 0.1 0.0
0.7099999999999783 0.1 0.0
0.7099999999999783 0.1 0.0
0.7099999999999783 0.1 0.0
0.7099999999999783 0.1 0.0
0.7099999999999783 0.1 0.0
0.7099999999999783 0.1 0.0
0.7099999999999783 0.1 0.0
0.7099999999999783 0.1 0.0
0.7099999999999783 0.1 0.0
0.7099999999999783 0.1 0.0
0.7099999999999783 0.1 0.0
0.7099999999999783 0.1 0.0
0.7099999999999783 0.1 0.0
0.7099999999999783 0.1 0.0
0.7099999999999783 0.1 0.0
0.7099999999999783 0.1 0.0
0.7099999999999783 0.1 0.0
0.7099999999999783 0.1 0.0
0.7099999999999783 0.1 0.0
0.7099999999999783 0.1 0.0
0.7099999999999783 0.1 0.0
0.7099999999999783 0.1 0.0
0.7099999999999783 0.1 0.0
0.7099999999999783 0.1 0.0
0.7099999999999783 0.1 0.0
0.7099999999999783 0.1 0.0
0.7099999999999783 0.1 0.0
0.7099999999999783 0.1 0.0
0.7099999999999783 0.1 0.0
0.7099999999999783 0.1 0.0
0.7099999999999783 0.1 0.0
0.7099999999999783 0.1 0.0
0.7099999999999783 0.1 0.0
0.7099999999999783 0.1 0.0
0.7099999999999783 0.1 0.0
0.7099999999999783 0.1 0.0
0.7099999999999783 0.1 0.0
0.7099999999999783 0.1 0.0
0.7099999999999783 0.1 0.0
0.7099999999999783 0.1 0.0
0.7099999999999783 0.1 0.0
0.7099999999999783 0.1 0.0
0.7099999999999783 0.1 0.0
0.7099999999999783 0.1 0.0
0.7100606413993952 0.1 6.345356101624323e-05
0.71024023323613 0.1 0.0002465106205747605
0.7105352769679083 0.1 0.0005384556434818824
0.7109422740524564 0.1 0.000928892961266139
0.7114577259475 0.1 0.001407746772178259
0.7120781341107653 0.1 0.00196526114119117
0.712799999999978 0.1 0.0025919999999999997
0.7136198250728643 0.1 0.003278847147022074
0.7145341107871498 0.1 0.004017006247396917
0.7155393586005608 0.1 0.004798000832986255
0.7166320699708231 0.1 0.00561367430237401
0.7178087463556626 0.1 0.006456189920866304
0.7190658892128053 0.1 0.007318030820491461
0.7203999999999772 0.1 0.008192
0.7218075801749041 0.1 0.00907122032486464
0.7232851311953121 0.1 0.009949134527280298
0.7248291545189272 0.1 0.010819505206164096
0.7264361516034751 0.1 0.01167641482715535
0.7281026239066819 0.1 0.012514265722615575
0.7298250728862735 0.1 0.013327780091628487
0.7315999999999759 0.1 0.014112
0.733423906705515 0.1 0.014862287380258223
0.735293294460617 0.1 0.015574324031653479
0.7372046647230074 0.1 0.016244111620158264
0.7391545189504124 0.1 0.016867971678467306
0.741139358600558 0.1 0.0174425456059975
0.74315568513117 0.1 0.01796479466888796
0.7451999999999744 0.1 0.018431999999999997
0.7472688046646973 0.1 0.01884176259891711
0.7493586005830644 0.1 0.019192003331945026
0.7514658892128018 0.1 0.01948096293211162
0.7535871720116353 0.1 0.019707201999167007
0.7557189504372911 0.1 0.0198696009995835
0.7578577259474949 0.1 0.019967360266555594
0.7599999999999728 0.1 0.01999999999999999
0.7621422740524507 0.1 0.0199673602665556
0.7642810495626545 0.1 0.0198696009995835
0.7664128279883103 0.1 0.019707201999167007
0.7685341107871438 0.1 0.0194809629321116
0.7706413994168813 0.1 0.019192003331945026
0.7727311953352484 0.1 0.018841762598917122
0.7747999999999712 0.1 0.018432000000000004
0.7768443148687756 0.1 0.01796479466888795
0.7788606413993876 0.1 0.017442545605997506
0.7808454810495332 0.1 0.01686797167846729
0.7827953352769382 0.1 0.016244111620158264
0.7847067055393286 0.1 0.015574324031653486
0.7865760932944306 0.1 0.014862287380258216
0.7883999999999697 0.1 0.014112000000000013
0.7901749271136721 0.1 0.013327780091628494
0.7918973760932637 0.1 0.012514265722615547
0.7935638483964705 0.1 0.01167641482715534
0.7951708454810185 0.1 0.01081950520616412
0.7967148688046335 0.1 0.009949134527280301
0.7981924198250415 0.1 0.009071220324864626
0.7995999999999684 0.1 0.008192000000000005
0.8009341107871403 0.1 0.007318030820491456
0.802191253644283 0.1 0.006456189920866273
0.8033679300291225 0.1 0.005613674302374
0.8044606413993848 0.1 0.004798000832986288
0.8054658892127957 0.1 0.004017006247396898
0.8063801749270814 0.1 0.0032788471470220903
0.8071999999999676 0.1 0.0025920000000000387
0.8079218658891804 0.1 0.001965261141191166
0.8085422740524456 0.1 0.0014077467721782533
0.8090577259474893 0.1 0.0009288929612661367
0.8094647230320373 0.1 0.0005384556434818721
0.8097597667638157 0.1 0.00024651062057473583
0.8099393586005503 0.1 6.345356101622457e-05
0.8099999999999673 0.1 0.0
0.8099999999999673 0.1 0.0
0.8099999999999673 0.1 0.0
0.8099999999999673 0.1 0.0
0.8099999999999673 0.1 0.0
0.8099999999999673 0.1 0.0
0.8099999999999673 0.1 0.0
0.8099999999999673 0.1 0.0
0.8099999999999673 0.1 0.0
0.8099999999999673 0.1 0.0
0.8099999999999673 0.1 0.0
0.8099999999999673 0.1 0.0
0.8099999999999673 0.1 0.0
0.8099999999999673 0.1 0.0
0.8099999999999673 0.1 0.0
0.8099999999999673 0.1 0.0
0.8099999999999673 0.1 0.0
0.8099999999999673 0.1 0.0
0.8099999999999673 0.1 0.0
0.8099999999999673 0.1 0.0
0.8099999999999673 0.1 0.0
0.8099999999999673 0.1 0.0
0.8099999999999673 0.1 0.0
0.8099999999999673 0.1 0.0
0.8099999999999673 0.1 0.0
0.8099999999999673 0.1 0.0
0.8099999999999673 0.1 0.0
0.8099999999999673 0.1 0.0
0.8099999999999673 0.1 0.0
0.8099999999999673 0.1 0.0
0.8099999999999673 0.1 0.0
0.8099999999999673 0.1 0.0
0.8099999999999673 0.1 0.0
0.8099999999999673 0.1 0.0
0.8099999999999673 0.1 0.0
0.8099999999999673 0.1 0.0
0.8099999999999673 0.1 0.0
0.8099999999999673 0.1 0.0
0.8099999999999673 0.1 0.0
0.8099999999999673 0.1 0.0
0.8099999999999673 0.1 0.0
0.8099999999999673 0.1 0.0
0.8099999999999673 0.1 0.0
0.8099999999999673 0.1 0.0
0.8099999999999673 0.1 0.0
0.8099999999999673 0.1 0.0
0.8099999999999673 0.1 0.0
0.8099999999999673 0.1 0.0
0.8099999999999673 0.1 0.0
0.8099999999999673 0.1 0.0
0.8099999999999673 0.1 0.0
0.8099999999999673 0.1 0.0
0.8099999999999673 0.1 0.0
0.8099999999999673 0.1 0.0
0.8099999999999673 0.1 0.0
0.8099999999999673 0.1 0.0
0.8099999999999673 0.1 0.0
0.8099999999999673 0.1 0.0
0.8099999999999673 0.1 0.0
0.8099999999999673 0.1 0.0
0.8099999999999673 0.1 0.0
0.8099999999999673 0.1 0.0
0.8099999999999673 0.1 0.0
0.8099999999999673 0.1 0.0
0.8099999999999673 0.1 0.0
0.8099999999999673 0.1 0.0
0.8099999999999673 0.1 0.0
0.8099999999999673 0.1 0.0
0.8099999999999673 0.1 0.0
0.8099999999999673 0.1 0.0
0.8099999999999673 0.1 0.0
0.8099999999999673 0.1 0.0
0.8099999999999673 0.1 0.0
0.8099999999999673 0.1 0.0
0.8099999999999673 0.1 0.0
0.8099999999999673 0.1 0.0
0.8099999999999673 0.1 0.0
0.8099999999999673 0.1 0.0
0.8099999999999673 0.1 0.0
0.8099999999999673 0.1 0.0
0.8099999999999673 0.1 0.0
0.8099999999999673 0.1 0.0
0.8099999999999673 0.1 0.0
0.8099999999999673 0.1 0.0
0.8099999999999673 0.1 0.0
0.8099999999999673 0.1 0.0
0.8099999999999673 0.1 0.0
0.8099999999999673 0.1 0.0
0.8099999999999673 0.1 0.0
0.8099999999999673 0.1 0.0
0.8099999999999673 0.1 0.0
0.8099999999999673 0.1 0.0
0.8099999999999673 0.1 0.0
0.8099999999999673 0.1 0.0
0.8099999999999673 0.1 0.0
0.8099999999999673 0.1 0.0
0.8099999999999673 0.1 0.0
0.8099999999999673 0.1 0.0
0.8099999999999673 0.1 0.0
0.8099999999999673 0.1 0.0
0.8099999999999673 0.1 0.0
0.8099999999999673 0.1 0.0
0.8099999999999673 0.1 0.0
0.8099999999999673 0.1 0.0
0.8099999999999673 0.1 0.0
0.8099999999999673 0.1 0.0
0.8099999999999673 0.1 0.0
0.8099999999999673 0.1 0.0
0.8099999999999673 0.1 0.0
0.8099999999999673 0.1 0.0
0.8099999999999673 0.1 0.0
0.8099999999999673 0.1 0.0
0.8099999999999673 0.1 0.0
0.8099999999999673 0.1 0.0
0.8099999999999673 0.1 0.0
0.8099999999999673 0.1 0.0
0.8099999999999673 0.1 0.0
0.8099999999999673 0.1 0.0
0.8099999999999673 0.1 0.0
0.8099999999999673 0.1 0.0
0.8099999999999673 0.1 0.0
0.8099999999999673 0.1 0.0
0.8099999999999673 0.1 0.0
0.8099999999999673 0.1 0.0
0.8099999999999673 0.1 0.0
0.8099999999999673 0.1 0.0
0.8099999999999673 0.1 0.0
0.8099999999999673 0.1 0.0
0.8099999999999673 0.1 0.0
0.8099999999999673 0.1 0.0
0.8099999999999673 0.1 0.0
0.8100606413993842 0.1 6.345356101624323e-05
0.8102402332361189 0.1 0.0002465106205747605
0.8105352769678973 0.1 0.0005384556434818824
0.8109422740524453 0.1 0.000928892961266139
0.811457725947489 0.1 0.001407746772178259
0.8120781341107542 0.1 0.00196526114119117
0.812799999999967 0.1 0.0025919999999999997
0.8136198250728532 0.1 0.003278847147022074
0.8145341107871388 0.1 0.004017006247396917
0.8155393586005498 0.1 0.004798000832986255
0.8166320699708121 0.1 0.00561367430237401
0.8178087463556516 0.1 0.006456189920866304
0.8190658892127943 0.1 0.007318030820491461
0.8203999999999662 0.1 0.008192
0.8218075801748931 0.1 0.00907122032486464
0.8232851311953011 0.1 0.009949134527280298
0.8248291545189161 0.1 0.010819505206164096
0.8264361516034641 0.1 0.01167641482715535
0.8281026239066709 0.1 0.012514265722615575
0.8298250728862625 0.1 0.013327780091628487
0.8315999999999649 0.1 0.014112
0.833423906705504 0.1 0.014862287380258223
0.835293294460606 0.1 0.015574324031653479
0.8372046647229964 0.1 0.016244111620158264
0.8391545189504014 0.1 0.016867971678467306
0.841139358600547 0.1 0.0174425456059975
0.843155685131159 0.1 0.01796479466888796
0.8451999999999634 0.1 0.018431999999999997
0.8472688046646862 0.1 0.01884176259891711
0.8493586005830533 0.1 0.019192003331945026
0.8514658892127908 0.1 0.01948096293211162
0.8535871720116243 0.1 0.019707201999167007
0.8557189504372801 0.1 0.0198696009995835
0.8578577259474839 0.1 0.019967360266555594
0.8599999999999618 0.1 0.01999999999999999
0.8621422740524397 0.1 0.0199673602665556
0.8642810495626435 0.1 0.0198696009995835
0.8664128279882993 0.1 0.019707201999167007
0.8685341107871328 0.1 0.0194809629321116
0.8706413994168702 0.1 0.019192003331945026
0.8727311953352374 0.1 0.018841762598917122
0.8747999999999602 0.1 0.018432000000000004
0.8768443148687646 0.1 0.01796479466888795
0.8788606413993766 0.1 0.017442545605997506
0.8808454810495222 0.1 0.01686797167846729
0.8827953352769272 0.1 0.016244111620158264
0.8847067055393176 0.1 0.015574324031653486
0.8865760932944196 0.1 0.014862287380258216
0.8883999999999587 0.1 0.014112000000000013
0.8901749271136611 0.1 0.013327780091628494
0.8918973760932527 0.1 0.012514265722615547
0.8935638483964595 0.1 0.01167641482715534
0.8951708454810074 0.1 0.01081950520616412
0.8967148688046225 0.1 0.009949134527280301
0.8981924198250305 0.1 0.009071220324864626
0.8995999999999574 0.1 0.008192000000000005
0.9009341107871293 0.1 0.007318030820491456
0.902191253644272 0.1 0.006456189920866273
0.9033679300291115 0.1 0.005613674302374
0.9044606413993738 0.1 0.004798000832986288
0.9054658892127847 0.1 0.004017006247396898
0.9063801749270703 0.1 0.0032788471470220903
0.9071999999999566 0.1 0.0025920000000000387
0.9079218658891693 0.1 0.001965261141191166
0.9085422740524346 0.1 0.0014077467721782533
0.9090577259474782 0.1 0.0009288929612661367
0.9094647230320263 0.1 0.0005384556434818721
0.9097597667638047 0.1 0.00024651062057473583
0.9099393586005393 0.1 6.345356101622457e-05
0.9099999999999563 0.1 0.0
0.9099999999999563 0.1 0.0
0.9099999999999563 0.1 0.0
0.9099999999999563 0.1 0.0
0.9099999999999563 0.1 0.0
0.9099999999999563 0.1 0.0
0.9099999999999563 0.1 0.0
0.9099999999999563 0.1 0.0
0.9099999999999563 0.1 0.0
0.9099999999999563 0.1 0.0
0.9099999999999563 0.1 0.0
0.9099999999999563 0.1 0.0
0.9099999999999563 0.1 0.0
0.9099999999999563 0.1 0.0
0.9099999999999563 0.1 0.0
0.9099999999999563 0.1 0.0
0.9099999999999563 0.1 0.0
0.9099999999999563 0.1 0.0
0.9099999999999563 0.1 0.0
0.9099999999999563 0.1 0.0
0.9099999999999563 0.1 0.0
0.9099999999999563 0.1 0.0
0.9099999999999563 0.1 0.0
0.9099999999999563 0.1 0.0
0.9099999999999563 0.1 0.0
0.9099999999999563 0.1 0.0
0.9099999999999563 0.1 0.0
0.9099999999999563 0.1 0.0
0.9099999999999563 0.1 0.0
0.9099999999999563 0.1 0.0
0.9099999999999563 0.1 0.0
0.9099999999999563 0.1 0.0
0.9099999999999563 0.1 0.0
0.9099999999999563 0.1 0.0
0.9099999999999563 0.1 0.0
0.9099999999999563 0.1 0.0
0.9099999999999563 0.1 0.0
0.9099999999999563 0.1 0.0
0.9099999999999563 0.1 0.0
0.9099999999999563 0.1 0.0
0.9099999999999563 0.1 0.0
0.9099999999999563 0.1 0.0
0.9099999999999563 0.1 0.0
0.9099999999999563 0.1 0.0
0.9099999999999563 0.1 0.0
0.9099999999999563 0.1 0.0
0.9099999999999563 0.1 0.0
0.9099999999999563 0.1 0.0
0.9099999999999563 0.1 0.0
0.9099999999999563 0.1 0.0
0.9099999999999563 0.1 0.0
0.9099999999999563 0.1 0.0
0.9099999999999563 0.1 0.0
0.9099999999999563 0.1 0.0
0.9099999999999563 0.1 0.0
0.9099999999999563 0.1 0.0
0.9099999999999563 0.1 0.0
0.9099999999999563 0.1 0.0
0.9099999999999563 0.1 0.0
0.9099999999999563 0.1 0.0
0.9099999999999563 0.1 0.0
0.9099999999999563 0.1 0.0
0.9099999999999563 0.1 0.0
0.9099999999999563 0.1 0.0
0.9099999999999563 0.1 0.0
0.9099999999999563 0.1 0.0
0.9099999999999563 0.1 0.0
0.9099999999999563 0.1 0.0
0.9099999999999563 0.1 0.0
0.9099999999999563 0.1 0.0
0.9099999999999563 0.1 0.0
0.9099999999999563 0.1 0.0
0.9099999999999563 0.1 0.0
0.9099999999999563 0.1 0.0
0.9099999999999563 0.1 0.0
0.9099999999999563 0.1 0.0
0.9099999999999563 0.1 0.0
0.9099999999999563 0.1 0.0
0.9099999999999563 0.1 0.0
0.9099999999999563 0.1 0.0
0.9099999999999563 0.1 0.0
0.9099999999999563 0.1 0.0
0.9099999999999563 0.1 0.0
0.9099999999999563 0.1 0.0
0.9099999999999563 0.1 0.0
0.9099999999999563 0.1 0.0
0.9099999999999563 0.1 0.0
0.9099999999999563 0.1 0.0
0.9099999999999563 0.1 0.0
0.9099999999999563 0.1 0.0
0.9099999999999563 0.1 0.0
0.9099999999999563 0.1 0.0
0.9099999999999563 0.1 0.0
0.9099999999999563 0.1 0.0
0.9099999999999563 0.1 0.0
0.9099999999999563 0.1 0.0
0.9099999999999563 0.1 0.0
0.9099999999999563 0.1 0.0
0.9099999999999563 0.1 0.0
0.9099999999999563 0.1 0.0
0.9099999999999563 0.1 0.0
0.9099999999999563 0.1 0.0
0.9099999999999563 0.1 0.0
0.9099999999999563 0.1 0.0
0.9099999999999563 0.1 0.0
0.9099999999999563 0.1 0.0
0.9099999999999563 0.1 0.0
0.9099999999999563 0.1 0.0
0.9099999999999563 0.1 0.0
0.9099999999999563 0.1 0.0
0.9099999999999563 0.1 0.0
0.9099999999999563 0.1 0.0
0.9099999999999563 0.1 0.0
0.9099999999999563 0.1 0.0
0.9099999999999563 0.1 0.0
0.9099999999999563 0.1 0.0
0.9099999999999563 0.1 0.0
0.9099999999999563 0.1 0.0
0.9099999999999563 0.1 0.0
0.9099999999999563 0.1 0.0
0.9099999999999563 0.1 0.0
0.9099999999999563 0.1 0.0
0.9099999999999563 0.1 0.0
0.9099999999999563 0.1 0.0
0.9099999999999563 0.1 0.0
0.9099999999999563 0.1 0.0
0.9099999999999563 0.1 0.0
0.9099999999999563 0.1 0.0
0.9099999999999563 0.1 0.0
0.9099999999999563 0.1 0.0
0.9099999999999563 0.1 0.0
0.9100606413993731 0.1 6.345356101624323e-05
0.9102402332361079 0.1 0.0002465106205747605
0.9105352769678863 0.1 0.0005384556434818824
0.9109422740524343 0.1 0.000928892961266139
0.911457725947478 0.1 0.001407746772178259
0.9120781341107432 0.1 0.00196526114119117
0.912799999999956 0.1 0.0025919999999999997
0.9136198250728422 0.1 0.003278847147022074
0.9145341107871278 0.1 0.004017006247396917
0.9155393586005388 0.1 0.004798000832986255
0.916632069970801 0.1 0.00561367430237401
0.9178087463556406 0.1 0.006456189920866304
0.9190658892127833 0.1 0.007318030820491461
0.9203999999999551 0.1 0.008192
0.9218075801748821 0.1 0.00907122032486464
0.9232851311952901 0.1 0.009949134527280298
0.9248291545189051 0.1 0.010819505206164096
0.926436151603453 0.1 0.01167641482715535
0.9281026239066599 0.1 0.012514265722615575
0.9298250728862515 0.1 0.013327780091628487
0.9315999999999539 0.1 0.014112
0.9334239067054931 0.1 0.014862287380258223
0.935293294460595 0.1 0.015574324031653479
0.9372046647229854 0.1 0.016244111620158264
0.9391545189503904 0.1 0.016867971678467306
0.941139358600536 0.1 0.0174425456059975
0.943155685131148 0.1 0.01796479466888796
0.9451999999999524 0.1 0.018431999999999997
0.9472688046646752 0.1 0.01884176259891711
0.9493586005830423 0.1 0.019192003331945026
0.9514658892127797 0.1 0.01948096293211162
0.9535871720116134 0.1 0.019707201999167007
0.9557189504372691 0.1 0.0198696009995835
0.957857725947473 0.1 0.019967360266555594
0.9599999999999509 0.1 0.01999999999999999
0.9621422740524287 0.1 0.0199673602665556
0.9642810495626326 0.1 0.0198696009995835
0.9664128279882883 0.1 0.019707201999167007
0.9685341107871219 0.1 0.0194809629321116
0.9706413994168593 0.1 0.019192003331945026
0.9727311953352265 0.1 0.018841762598917122
0.9747999999999493 0.1 0.018432000000000004
0.9768443148687537 0.1 0.01796479466888795
0.9788606413993657 0.1 0.017442545605997506
0.9808454810495112 0.1 0.01686797167846729
0.9827953352769163 0.1 0.016244111620158264
0.9847067055393067 0.1 0.015574324031653486
0.9865760932944085 0.1 0.014862287380258216
0.9883999999999478 0.1 0.014112000000000013
0.9901749271136502 0.1 0.013327780091628494
0.9918973760932418 0.1 0.012514265722615547
0.9935638483964486 0.1 0.01167641482715534
0.9951708454809965 0.1 0.01081950520616412
0.9967148688046116 0.1 0.009949134527280301
0.9981924198250196 0.1 0.009071220324864626
0.9995999999999465 0.1 0.008192000000000005
1.0009341107871184 0.1 0.007318030820491456
1.002191253644261 0.1 0.006456189920866273
1.0033679300291005 0.1 0.005613674302374
1.0044606413993629 0.1 0.004798000832986288
1.005465889212774 0.1 0.004017006247396898
1.0063801749270596 0.1 0.0032788471470220903
1.0071999999999457 0.1 0.0025920000000000387
1.0079218658891584 0.1 0.001965261141191166
1.0085422740524237 0.1 0.0014077467721782533
1.0090577259474673 0.1 0.0009288929612661367
1.0094647230320155 0.1 0.0005384556434818721
1.0097597667637939 0.1 0.00024651062057473583
1.0099393586005285 0.1 6.345356101622457e-05
1.0099999999999454 0.1 0.0
1.0099999999999454 0.1 0.0
1.0099999999999454 0.1 0.0
1.0099999999999454 0.1 0.0
1.0099999999999454 0.1 0.0
1.0099999999999454 0.1 0.0
1.0099999999999454 0.1 0.0
1.0099999999999454 0.1 0.0
1.0099999999999454 0.1 0.0
1.0099999999999454 0.1 0.0
1.0099999999999454 0.1 0.0
1.0099999999999454 0.1 0.0
1.0099999999999454 0.1 0.0
1.0099999999999454 0.1 0.0
1.0099999999999454 0.1 0.0
1.0099999999999454 0.1 0.0
1.0099999999999454 0.1 0.0
1.0099999999999454 0.1 0.0
1.0099999999999454 0.1 0.0
1.0099999999999454 0.1 0.0
1.0099999999999454 0.1 0.0
1.0099999999999454 0.1 0.0
1.0099999999999454 0.1 0.0
1.0099999999999454 0.1 0.0
1.0099999999999454 0.1 0.0
1.0099999999999454 0.1 0.0
1.0099999999999454 0.1 0.0
1.0099999999999454 0.1 0.0
1.0099999999999454 0.1 0.0
1.0099999999999454 0.1 0.0
1.0099999999999454 0.1 0.0
1.0099999999999454 0.1 0.0
1.0099999999999454 0.1 0.0
1.0099999999999454 0.1 0.0
1.0099999999999454 0.1 0.0
1.0099999999999454 0.1 0.0
1.0099999999999454 0.1 0.0
1.0099999999999454 0.1 0.0
1.0099999999999454 0.1 0.0
1.0099999999999454 0.1 0.0
1.0099999999999454 0.1 0.0
1.0099999999999454 0.1 0.0
1.0099999999999454 0.1 0.0
1.0099999999999454 0.1 0.0
1.0099999999999454 0.1 0.0
1.0099999999999454 0.1 0.0
1.0099999999999454 0.1 0.0
1.0099999999999454 0.1 0.0
1.0099999999999454 0.1 0.0
1.0099999999999454 0.1 0.0
1.0099999999999454 0.1 0.0
1.0099999999999454 0.1 0.0
1.0099999999999454 0.1 0.0
1.0099999999999454 0.1 0.0
1.0099999999999454 0.1 0.0
1.0099999999999454 0.1 0.0
1.0099999999999454 0.1 0.0
1.0099999999999454 0.1 0.0
1.0099999999999454 0.1 0.0
1.0099999999999454 0.1 0.0
1.0099999999999454 0.1 0.0
1.0099999999999454 0.1 0.0
1.0099999999999454 0.1 0.0
1.0099999999999454 0.1 0.0
1.0099999999999454 0.1 0.0
1.0099999999999454 0.1 0.0
1.0099999999999454 0.1 0.0
1.0099999999999454 0.1 0.0
1.0099999999999454 0.1 0.0
1.0099999999999454 0.1 0.0
1.0099999999999454 0.1 0.0
1.0099999999999454 0.1 0.0
1.0099999999999454 0.1 0.0
1.0099999999999454 0.1 0.0
1.0099999999999454 0.1 0.0
1.0099999999999454 0.1 0.0
1.0099999999999454 0.1 0.0
1.0099999999999454 0.1 0.0
1.0099999999999454 0.1 0.0
1.0099999999999454 0.1 0.0
1.0099999999999454 0.1 0.0
1.0099999999999454 0.1 0.0
1.0099999999999454 0.1 0.0
1.0099999999999454 0.1 0.0
1.0099999999999454 0.1 0.0
1.0099999999999454 0.1 0.0
1.0099999999999454 0.1 0.0
1.0099999999999454 0.1 0.0
1.0099999999999454 0.1 0.0
1.0099999999999454 0.1 0.0
1.0099999999999454 0.1 0.0
1.0099999999999454 0.1 0.0
1.0099999999999454 0.1 0.0
1.0099999999999454 0.1 0.0
1.0099999999999454 0.1 0.0
1.0099999999999454 0.1 0.0
1.0099999999999454 0.1 0.0
1.0099999999999454 0.1 0.0
1.0099999999999454 0.1 0.0
1.0099999999999454 0.1 0.0
1.0099999999999454 0.1 0.0
1.0099999999999454 0.1 0.0
1.0099999999999454 0.1 0.0
1.0099999999999454 0.1 0.0
1.0099999999999454 0.1 0.0
1.0099999999999454 0.1 0.0
1.0099999999999454 0.1 0.0
1.0099999999999454 0.1 0.0
1.0099999999999454 0.1 0.0
1.0099999999999454 0.1 0.0
1.0099999999999454 0.1 0.0
1.0099999999999454 0.1 0.0
1.0099999999999454 0.1 0.0
1.0099999999999454 0.1 0.0
1.0099999999999454 0.1 0.0
1.0099999999999454 0.1 0.0
1.0099999999999454 0.1 0.0
1.0099999999999454 0.1 0.0
1.0099999999999454 0.1 0.0
1.0099999999999454 0.1 0.0
1.0099999999999454 0.1 0.0
1.0099999999999454 0.1 0.0
1.0099999999999454 0.1 0.0
1.0099999999999454 0.1 0.0
1.0099999999999454 0.1 0.0
1.0099999999999454 0.1 0.0
1.0099999999999454 0.1 0.0
1.0099999999999454 0.1 0.0
1.0099999999999454 0.1 0.0
1.0099999999999454 0.1 0.0
1.0099999999999454 0.1 0.0
1.0100606413993622 0.1 6.345356101624323e-05
1.010240233236097 0.1 0.0002465106205747605
1.0105352769678753 0.1 0.0005384556434818824
1.0109422740524234 0.1 0.000928892961266139
1.011457725947467 0.1 0.001407746772178259
1.0120781341107323 0.1 0.00196526114119117
1.012799999999945 0.1 0.0025919999999999997
1.0136198250728312 0.1 0.003278847147022074
1.0145341107871169 0.1 0.004017006247396917
1.015539358600528 0.1 0.004798000832986255
1.01663206997079 0.1 0.00561367430237401
1.0178087463556296 0.1 0.006456189920866304
1.0190658892127724 0.1 0.007318030820491461
1.0203999999999442 0.1 0.008192
1.0218075801748712 0.1 0.00907122032486464
1.0232851311952793 0.1 0.009949134527280298
1.0248291545188941 0.1 0.010819505206164096
1.0264361516034421 0.1 0.01167641482715535
1.0281026239066489 0.1 0.012514265722615575
1.0298250728862406 0.1 0.013327780091628487
1.031599999999943 0.1 0.014112
1.0334239067054822 0.1 0.014862287380258223
1.035293294460584 0.1 0.015574324031653479
1.0372046647229745 0.1 0.016244111620158264
1.0391545189503795 0.1 0.016867971678467306
1.041139358600525 0.1 0.0174425456059975
1.043155685131137 0.1 0.01796479466888796
1.0451999999999415 0.1 0.018431999999999997
1.0472688046646643 0.1 0.01884176259891711
1.0493586005830313 0.1 0.019192003331945026
1.0514658892127688 0.1 0.01948096293211162
1.0535871720116023 0.1 0.019707201999167007
1.0557189504372582 0.1 0.0198696009995835
1.057857725947462 0.1 0.019967360266555594
1.0599999999999399 0.1 0.01999999999999999
1.0621422740524178 0.1 0.0199673602665556
1.0642810495626216 0.1 0.0198696009995835
1.0664128279882774 0.1 0.019707201999167007
1.068534110787111 0.1 0.0194809629321116
1.0706413994168484 0.1 0.019192003331945026
1.0727311953352154 0.1 0.018841762598917122
1.0747999999999382 0.1 0.018432000000000004
1.0768443148687428 0.1 0.01796479466888795
1.0788606413993547 0.1 0.017442545605997506
1.0808454810495003 0.1 0.01686797167846729
1.0827953352769053 0.1 0.016244111620158264
1.0847067055392958 0.1 0.015574324031653486
1.0865760932943975 0.1 0.014862287380258216
1.0883999999999368 0.1 0.014112000000000013
1.0901749271136392 0.1 0.013327780091628494
1.091897376093231 0.1 0.012514265722615547
1.0935638483964376 0.1 0.01167641482715534
1.0951708454809856 0.1 0.01081950520616412
1.0967148688046005 0.1 0.009949134527280301
1.0981924198250086 0.1 0.009071220324864626
1.0995999999999355 0.1 0.008192000000000005
1.1009341107871073 0.1 0.007318030820491456
1.10219125364425 0.1 0.006456189920866273
1.1033679300290895 0.1 0.005613674302374
1.1044606413993519 0.1 0.004798000832986288
1.105465889212763 0.1 0.004017006247396898
1.1063801749270485 0.1 0.0032788471470220903
1.1071999999999347 0.1 0.0025920000000000387
1.1079218658891474 0.1 0.001965261141191166
1.1085422740524127 0.1 0.0014077467721782533
1.1090577259474563 0.1 0.0009288929612661367
1.1094647230320045 0.1 0.0005384556434818721
1.1097597667637829 0.1 0.00024651062057473583
1.1099393586005175 0.1 6.345356101622457e-05
1.1099999999999344 0.1 0.0
1.1099999999999344 0.1 0.0
1.1099999999999344 0.1 0.0
1.1099999999999344 0.1 0.0
1.1099999999999344 0.1 0.0
1.1099999999999344 0.1 0.0
1.1099999999999344 0.1 0.0
1.1099999999999344 0.1 0.0
1.1099999999999344 0.1 0.0
1.1099999999999344 0.1 0.0
1.1099999999999344 0.1 0.0
1.1099999999999344 0.1 0.0
1.1099999999999344 0.1 0.0
1.1099999999999344 0.1 0.0
1.1099999999999344 0.1 0.0
1.1099999999999344 0.1 0.0
1.1099999999999344 0.1 0.0
1.1099999999999344 0.1 0.0
1.1099999999999344 0.1 0.0
1.1099999999999344 0.1 0.0
1.1099999999999344 0.1 0.0
1.1099999999999344 0.1 0.0
1.1099999999999344 0.1 0.0
1.1099999999999344 0.1 0.0
1.1099999999999344 0.1 0.0
1.1099999999999344 0.1 0.0
1.1099999999999344 0.1 0.0
1.1099999999999344 0.1 0.0
1.1099999999999344 0.1 0.0
1.1099999999999344 0.1 0.0
1.1099999999999344 0.1 0.0
1.1099999999999344 0.1 0.0
1.1099999999999344 0.1 0.0
1.1099999999999344 0.1 0.0
1.1099999999999344 0.1 0.0
1.1099999999999344 0.1 0.0
1.1099999999999344 0.1 0.0
1.1099999999999344 0.1 0.0
1.1099999999999344 0.1 0.0
1.1099999999999344 0.1 0.0
1.1099999999999344 0.1 0.0
1.1099999999999344 0.1 0.0
1.1099999999999344 0.1 0.0
1.1099999999999344 0.1 0.0
1.1099999999999344 0.1 0.0
1.1099999999999344 0.1 0.0
1.1099999999999344 0.1 0.0
1.1099999999999344 0.1 0.0
1.1099999999999344 0.1 0.0
1.1099999999999344 0.1 0.0
1.1099999999999344 0.1 0.0
1.1099999999999344 0.1 0.0
1.1099999999999344 0.1 0.0
1.1099999999999344 0.1 0.0
1.1099999999999344 0.1 0.0
1.1099999999999344 0.1 0.0
1.1099999999999344 0.1 0.0
1.1099999999999344 0.1 0.0
1.1099999999999344 0.1 0.0
1.1099999999999344 0.1 0.0
1.1099999999999344 0.1 0.0
1.1099999999999344 0.1 0.0
1.1099999999999344 0.1 0.0
1.1099999999999344 0.1 0.0
1.1099999999999344 0.1 0.0
1.1099999999999344 0.1 0.0
1.1099999999999344 0.1 0.0
1.1099999999999344 0.1 0.0
1.1099999999999344 0.1 0.0
1.1099999999999344 0.1 0.0
1.1099999999999344 0.1 0.0
1.1099999999999344 0.1 0.0
1.1099999999999344 0.1 0.0
1.1099999999999344 0.1 0.0
1.1099999999999344 0.1 0.0
1.1099999999999344 0.1 0.0
1.1099999999999344 0.1 0.0
1.1099999999999344 0.1 0.0
1.1099999999999344 0.1 0.0
1.1099999999999344 0.1 0.0
1.1099999999999344 0.1 0.0
1.1099999999999344 0.1 0.0
1.1099999999999344 0.1 0.0
1.1099999999999344 0.1 0.0
1.1099999999999344 0.1 0.0
1.1099999999999344 0.1 0.0
1.1099999999999344 0.1 0.0
1.1099999999999344 0.1 0.0
1.1099999999999344 0.1 0.0
1.1099999999999344 0.1 0.0
1.1099999999999344 0.1 0.0
1.1099999999999344 0.1 0.0
1.1099999999999344 0.1 0.0
1.1099999999999344 0.1 0.0
1.1099999999999344 0.1 0.0
1.1099999999999344 0.1 0.0
1.1099999999999344 0.1 0.0
1.1099999999999344 0.1 0.0
1.1099999999999344 0.1 0.0
1.1099999999999344 0.1 0.0
1.1099999999999344 0.1 0.0
1.1099999999999344 0.1 0.0
1.1099999999999344 0.1 0.0
1.1099999999999344 0.1 0.0
1.1099999999999344 0.1 0.0
1.1099999999999344 0.1 0.0
1.1099999999999344 0.1 0.0
1.1099999999999344 0.1 0.0
1.1099999999999344 0.1 0.0
1.1099999999999344 0.1 0.0
1.1099999999999344 0.1 0.0
1.1099999999999344 0.1 0.0
1.1099999999999344 0.1 0.0
1.1099999999999344 0.1 0.0
1.1099999999999344 0.1 0.0
1.1099999999999344 0.1 0.0
1.1099999999999344 0.1 0.0
1.1099999999999344 0.1 0.0
1.1099999999999344 0.1 0.0
1.1099999999999344 0.1 0.0
1.1099999999999344 0.1 0.0
1.1099999999999344 0.1 0.0
1.1099999999999344 0.1 0.0
1.1099999999999344 0.1 0.0
1.1099999999999344 0.1 0.0
1.1099999999999344 0.1 0.0
1.1099999999999344 0.1 0.0
1.1099999999999344 0.1 0.0
1.1099999999999344 0.1 0.0
1.1099999999999344 0.1 0.0
1.1099999999999344 0.1 0.0
1.1100606413993512 0.1 6.345356101624323e-05
1.110240233236086 0.1 0.0002465106205747605
1.1105352769678642 0.1 0.0005384556434818824
1.1109422740524124 0.1 0.000928892961266139
1.111457725947456 0.1 0.001407746772178259
1.1120781341107213 0.1 0.00196526114119117
1.112799999999934 0.1 0.0025919999999999997
1.1136198250728202 0.1 0.003278847147022074
1.1145341107871058 0.1 0.004017006247396917
1.115539358600517 0.1 0.004798000832986255
1.116632069970779 0.1 0.00561367430237401
1.1178087463556186 0.1 0.006456189920866304
1.1190658892127614 0.1 0.007318030820491461
1.1203999999999332 0.1 0.008192
1.1218075801748602 0.1 0.00907122032486464
1.1232851311952683 0.1 0.009949134527280298
1.124829154518883 0.1 0.010819505206164096
1.1264361516034311 0.1 0.01167641482715535
1.1281026239066378 0.1 0.012514265722615575
1.1298250728862296 0.1 0.013327780091628487
1.131599999999932 0.1 0.014112
1.1334239067054712 0.1 0.014862287380258223
1.135293294460573 0.1 0.015574324031653479
1.1372046647229634 0.1 0.016244111620158264
1.1391545189503685 0.1 0.016867971678467306
1.141139358600514 0.1 0.0174425456059975
1.143155685131126 0.1 0.01796479466888796
1.1451999999999305 0.1 0.018431999999999997
1.1472688046646533 0.1 0.01884176259891711
1.1493586005830203 0.1 0.019192003331945026
1.1514658892127578 0.1 0.01948096293211162
1.1535871720115913 0.1 0.019707201999167007
1.1557189504372472 0.1 0.0198696009995835
1.157857725947451 0.1 0.019967360266555594
1.1599999999999289 0.1 0.01999999999999999
1.1621422740524068 0.1 0.0199673602665556
1.1642810495626106 0.1 0.0198696009995835
1.1664128279882664 0.1 0.019707201999167007
1.1685341107871 0.1 0.0194809629321116
1.1706413994168374 0.1 0.019192003331945026
1.1727311953352044 0.1 0.018841762598917122
1.1747999999999272 0.1 0.018432000000000004
1.1768443148687318 0.1 0.01796479466888795
1.1788606413993437 0.1 0.017442545605997506
1.1808454810494893 0.1 0.01686797167846729
1.1827953352768943 0.1 0.016244111620158264
1.1847067055392848 0.1 0.015574324031653486
1.1865760932943865 0.1 0.014862287380258216
1.1883999999999257 0.1 0.014112000000000013
1.1901749271136282 0.1 0.013327780091628494
1.1918973760932199 0.1 0.012514265722615547
1.1935638483964266 0.1 0.01167641482715534
1.1951708454809746 0.1 0.01081950520616412
1.1967148688045894 0.1 0.009949134527280301
1.1981924198249976 0.1 0.009071220324864626
1.1995999999999245 0.1 0.008192000000000005
1.2009341107870963 0.1 0.007318030820491456
1.202191253644239 0.1 0.006456189920866273
1.2033679300290785 0.1 0.005613674302374
1.2044606413993408 0.1 0.004798000832986288
1.2054658892127519 0.1 0.004017006247396898
1.2063801749270375 0.1 0.0032788471470220903
1.2071999999999237 0.1 0.0025920000000000387
1.2079218658891364 0.1 0.001965261141191166
1.2085422740524017 0.1 0.0014077467721782533
1.2090577259474453 0.1 0.0009288929612661367
1.2094647230319935 0.1 0.0005384556434818721
1.2097597667637718 0.1 0.00024651062057473583
1.2099393586005065 0.1 6.345356101622457e-05
1.2099999999999234 0.1 0.0
1.2099999999999234 0.1 0.0
1.2099999999999234 0.1 0.0
1.2099999999999234 0.1 0.0
1.2099999999999234 0.1 0.0
1.2099999999999234 0.1 0.0
1.2099999999999234 0.1 0.0
1.2099999999999234 0.1 0.0
1.2099999999999234 0.1 0.0
1.2099999999999234 0.1 0.0
1.2099999999999234 0.1 0.0
1.2099999999999234 0.1 0.0
1.2099999999999234 0.1 0.0
1.2099999999999234 0.1 0.0
1.2099999999999234 0.1 0.0
1.2099999999999234 0.1 0.0
1.2099999999999234 0.1 0.0
1.2099999999999234 0.1 0.0
1.2099999999999234 0.1 0.0
1.2099999999999234 0.1 0.0
1.2099999999999234 0.1 0.0
1.2099999999999234 0.1 0.0
1.2099999999999234 0.1 0.0
1.2099999999999234 0.1 0.0
1.2099999999999234 0.1 0.0
1.2099999999999234 0.1 0.0
1.2099999999999234 0.1 0.0
1.2099999999999234 0.1 0.0
1.2099999999999234 0.1 0.0
1.2099999999999234 0.1 0.0
