1.0310923973763693e-17 0.10163857612916291 -1.3877787807814457e-17
1.0310923973763693e-17 0.10163857612916291 -1.3877787807814457e-17
1.0310923973763693e-17 0.10163857612916291 -1.3877787807814457e-17
1.0310923973763693e-17 0.10163857612916291 -1.3877787807814457e-17
1.0310923973763693e-17 0.10163857612916291 -1.3877787807814457e-17
1.0310923973763693e-17 0.10163857612916291 -1.3877787807814457e-17
1.0310923973763693e-17 0.10163857612916291 -1.3877787807814457e-17
1.0310923973763693e-17 0.10163857612916291 -1.3877787807814457e-17
1.0310923973763693e-17 0.10163857612916291 -1.3877787807814457e-17
1.0310923973763693e-17 0.10163857612916291 -1.3877787807814457e-17
1.0310923973763693e-17 0.10163857612916291 -1.3877787807814457e-17
1.0310923973763693e-17 0.10163857612916291 -1.3877787807814457e-17
1.0310923973763693e-17 0.10163857612916291 -1.3877787807814457e-17
1.0310923973763693e-17 0.10163857612916291 -1.3877787807814457e-17
1.0310923973763693e-17 0.10163857612916291 -1.3877787807814457e-17
1.0310923973763693e-17 0.10163857612916291 -1.3877787807814457e-17
1.0310923973763693e-17 0.10163857612916291 -1.3877787807814457e-17
1.0310923973763693e-17 0.10163857612916291 -1.3877787807814457e-17
1.0310923973763693e-17 0.10163857612916291 -1.3877787807814457e-17
1.0310923973763693e-17 0.10163857612916291 -1.3877787807814457e-17
1.0310923973763693e-17 0.10163857612916291 -1.3877787807814457e-17
1.0310923973763693e-17 0.10163857612916291 -1.3877787807814457e-17
1.0310923973763693e-17 0.10163857612916291 -1.3877787807814457e-17
1.0310923973763693e-17 0.10163857612916291 -1.3877787807814457e-17
1.0310923973763693e-17 0.10163857612916291 -1.3877787807814457e-17
1.0310923973763693e-17 0.10163857612916291 -1.3877787807814457e-17
1.0310923973763693e-17 0.10163857612916291 -1.3877787807814457e-17
1.0310923973763693e-17 0.10163857612916291 -1.3877787807814457e-17
1.0310923973763693e-17 0.10163857612916291 -1.3877787807814457e-17
1.0310923973763693e-17 0.10163857612916291 -1.3877787807814457e-17
1.0310923973763693e-17 0.10163857612916291 -1.3877787807814457e-17
1.0310923973763693e-17 0.10163857612916291 -1.3877787807814457e-17
1.0310923973763693e-17 0.10163857612916291 -1.3877787807814457e-17
1.0310923973763693e-17 0.10163857612916291 -1.3877787807814457e-17
1.0310923973763693e-17 0.10163857612916291 -1.3877787807814457e-17
1.0310923973763693e-17 0.10163857612916291 -1.3877787807814457e-17
1.0310923973763693e-17 0.10163857612916291 -1.3877787807814457e-17
1.0310923973763693e-17 0.10163857612916291 -1.3877787807814457e-17
1.0310923973763693e-17 0.10163857612916291 -1.3877787807814457e-17
1.0310923973763693e-17 0.10163857612916291 -1.3877787807814457e-17
1.0310923973763693e-17 0.10163857612916291 -1.3877787807814457e-17
1.0310923973763693e-17 0.10163857612916291 -1.3877787807814457e-17
1.0310923973763693e-17 0.10163857612916291 -1.3877787807814457e-17
1.0310923973763693e-17 0.10163857612916291 -1.3877787807814457e-17
1.0310923973763693e-17 0.10163857612916291 -1.3877787807814457e-17
1.0310923973763693e-17 0.10163857612916291 -1.3877787807814457e-17
1.0310923973763693e-17 0.10163857612916291 -1.3877787807814457e-17
1.0310923973763693e-17 0.10163857612916291 -1.3877787807814457e-17
1.0310923973763693e-17 0.10163857612916291 -1.3877787807814457e-17
1.0310923973763693e-17 0.10163857612916291 -1.3877787807814457e-17
1.0310923973763693e-17 0.10163857612916291 -1.3877787807814457e-17
1.0310923973763693e-17 0.10163857612916291 -1.3877787807814457e-17
1.0310923973763693e-17 0.10163857612916291 -1.3877787807814457e-17
1.0310923973763693e-17 0.10163857612916291 -1.3877787807814457e-17
1.0310923973763693e-17 0.10163857612916291 -1.3877787807814457e-17
1.0310923973763693e-17 0.10163857612916291 -1.3877787807814457e-17
1.0310923973763693e-17 0.10163857612916291 -1.3877787807814457e-17
1.0310923973763693e-17 0.10163857612916291 -1.3877787807814457e-17
1.0310923973763693e-17 0.10163857612916291 -1.3877787807814457e-17
1.0310923973763693e-17 0.10163857612916291 -1.3877787807814457e-17
1.0310923973763693e-17 0.10163857612916291 -1.3877787807814457e-17
1.0310923973763693e-17 0.10163857612916291 -1.3877787807814457e-17
1.0310923973763693e-17 0.10163857612916291 -1.3877787807814457e-17
1.0310923973763693e-17 0.10163857612916291 -1.3877787807814457e-17
1.0310923973763693e-17 0.10163857612916291 -1.3877787807814457e-17
1.0310923973763693e-17 0.10163857612916291 -1.3877787807814457e-17
1.0310923973763693e-17 0.10163857612916291 -1.3877787807814457e-17
1.0310923973763693e-17 0.10163857612916291 -1.3877787807814457e-17
1.0310923973763693e-17 0.10163857612916291 -1.3877787807814457e-17
1.0310923973763693e-17 0.10163857612916291 -1.3877787807814457e-17
1.0310923973763693e-17 0.10163857612916291 -1.3877787807814457e-17
1.0310923973763693e-17 0.10163857612916291 -1.3877787807814457e-17
1.0310923973763693e-17 0.10163857612916291 -1.3877787807814457e-17
1.0310923973763693e-17 0.10163857612916291 -1.3877787807814457e-17
1.0310923973763693e-17 0.10163857612916291 -1.3877787807814457e-17
1.0310923973763693e-17 0.10163857612916291 -1.3877787807814457e-17
1.0310923973763693e-17 0.10163857612916291 -1.3877787807814457e-17
1.0310923973763693e-17 0.10163857612916291 -1.3877787807814457e-17
1.0310923973763693e-17 0.10163857612916291 -1.3877787807814457e-17
1.0310923973763693e-17 0.10163857612916291 -1.3877787807814457e-17
1.0310923973763693e-17 0.10163857612916291 -1.3877787807814457e-17
1.0310923973763693e-17 0.10163857612916291 -1.3877787807814457e-17
1.0310923973763693e-17 0.10163857612916291 -1.3877787807814457e-17
1.0310923973763693e-17 0.10163857612916291 -1.3877787807814457e-17
1.0310923973763693e-17 0.10163857612916291 -1.3877787807814457e-17
1.0310923973763693e-17 0.10163857612916291 -1.3877787807814457e-17
1.0310923973763693e-17 0.10163857612916291 -1.3877787807814457e-17
1.0310923973763693e-17 0.10163857612916291 -1.3877787807814457e-17
1.0310923973763693e-17 0.10163857612916291 -1.3877787807814457e-17
1.0310923973763693e-17 0.10163857612916291 -1.3877787807814457e-17
1.0310923973763693e-17 0.10163857612916291 -1.3877787807814457e-17
1.0310923973763693e-17 0.10163857612916291 -1.3877787807814457e-17
1.0310923973763693e-17 0.10163857612916291 -1.3877787807814457e-17
1.0310923973763693e-17 0.10163857612916291 -1.3877787807814457e-17
1.0310923973763693e-17 0.10163857612916291 -1.3877787807814457e-17
1.0310923973763693e-17 0.10163857612916291 -1.3877787807814457e-17
1.0310923973763693e-17 0.10163857612916291 -1.3877787807814457e-17
1.0310923973763693e-17 0.10163857612916291 -1.3877787807814457e-17
1.0310923973763693e-17 0.10163857612916291 -1.3877787807814457e-17
1.0310923973763693e-17 0.10163857612916291 -1.3877787807814457e-17
1.0310923973763693e-17 0.10163857612916291 -1.3877787807814457e-17
1.0310923973763693e-17 0.10163857612916291 -1.3877787807814457e-17
1.0310923973763693e-17 0.10163857612916291 -1.3877787807814457e-17
1.0310923973763693e-17 0.10163857612916291 -1.3877787807814457e-17
1.0310923973763693e-17 0.10163857612916291 -1.3877787807814457e-17
1.0310923973763693e-17 0.10163857612916291 -1.3877787807814457e-17
1.0310923973763693e-17 0.10163857612916291 -1.3877787807814457e-17
1.0310923973763693e-17 0.10163857612916291 -1.3877787807814457e-17
1.0310923973763693e-17 0.10163857612916291 -1.3877787807814457e-17
1.0310923973763693e-17 0.10163857612916291 -1.3877787807814457e-17
1.0310923973763693e-17 0.10163857612916291 -1.3877787807814457e-17
1.0310923973763693e-17 0.10163857612916291 -1.3877787807814457e-17
1.0310923973763693e-17 0.10163857612916291 -1.3877787807814457e-17
1.0310923973763693e-17 0.10163857612916291 -1.3877787807814457e-17
1.0310923973763693e-17 0.10163857612916291 -1.3877787807814457e-17
1.0310923973763693e-17 0.10163857612916291 -1.3877787807814457e-17
1.0310923973763693e-17 0.10163857612916291 -1.3877787807814457e-17
1.0310923973763693e-17 0.10163857612916291 -1.3877787807814457e-17
1.0310923973763693e-17 0.10163857612916291 -1.3877787807814457e-17
1.0310923973763693e-17 0.10163857612916291 -1.3877787807814457e-17
1.0310923973763693e-17 0.10163857612916291 -1.3877787807814457e-17
1.0310923973763693e-17 0.10163857612916291 -1.3877787807814457e-17
1.0310923973763693e-17 0.10163857612916291 -1.3877787807814457e-17
1.0310923973763693e-17 0.10163857612916291 -1.3877787807814457e-17
1.0310923973763693e-17 0.10163857612916291 -1.3877787807814457e-17
1.0310923973763693e-17 0.10163857612916291 -1.3877787807814457e-17
1.0310923973763693e-17 0.10163857612916291 -1.3877787807814457e-17
1.0310923973763693e-17 0.10163857612916291 -1.3877787807814457e-17
1.0310923973763693e-17 0.10163857612916291 -1.3877787807814457e-17
1.0310923973763693e-17 0.10163857612916291 -1.3877787807814457e-17
1.0310923973763693e-17 0.10163857612916291 -1.3877787807814457e-17
1.0310923973763693e-17 0.10163857612916291 -1.3877787807814457e-17
1.0310923973763693e-17 0.10163857612916291 -1.3877787807814457e-17
1.0310923973763693e-17 0.10163857612916291 -1.3877787807814457e-17
1.0310923973763693e-17 0.10163857612916291 -1.3877787807814457e-17
1.0310923973763693e-17 0.10163857612916291 -1.3877787807814457e-17
1.0310923973763693e-17 0.10163857612916291 -1.3877787807814457e-17
1.0310923973763693e-17 0.10163857612916291 -1.3877787807814457e-17
1.0310923973763693e-17 0.10163857612916291 -1.3877787807814457e-17
1.0310923973763693e-17 0.10163857612916291 -1.3877787807814457e-17
1.0310923973763693e-17 0.10163857612916291 -1.3877787807814457e-17
1.0310923973763693e-17 0.10163857612916291 -1.3877787807814457e-17
1.0310923973763693e-17 0.10163857612916291 -1.3877787807814457e-17
1.0310923973763693e-17 0.10163857612916291 -1.3877787807814457e-17
1.0310923973763693e-17 0.10163857612916291 -1.3877787807814457e-17
1.0310923973763693e-17 0.10163857612916291 -1.3877787807814457e-17
1.0310923973763693e-17 0.10163857612916291 -1.3877787807814457e-17
1.0310923973763693e-17 0.10163857612916291 -1.3877787807814457e-17
1.0310923973763693e-17 0.10163857612916291 -1.3877787807814457e-17
1.0310923973763693e-17 0.10163857612916291 -1.3877787807814457e-17
1.0310923973763693e-17 0.10163857612916291 -1.3877787807814457e-17
1.0310923973763693e-17 0.10163857612916291 -1.3877787807814457e-17
1.0310923973763693e-17 0.10163857612916291 -1.3877787807814457e-17
1.0310923973763693e-17 0.10163857612916291 -1.3877787807814457e-17
1.0310923973763693e-17 0.10163857612916291 -1.3877787807814457e-17
1.0310923973763693e-17 0.10163857612916291 -1.3877787807814457e-17
1.0310923973763693e-17 0.10163857612916291 -1.3877787807814457e-17
1.0310923973763693e-17 0.10163857612916291 -1.3877787807814457e-17
1.0310923973763693e-17 0.10163857612916291 -1.3877787807814457e-17
1.0310923973763693e-17 0.10163857612916291 -1.3877787807814457e-17
1.0310923973763693e-17 0.10163857612916291 -1.3877787807814457e-17
1.0310923973763693e-17 0.10163857612916291 -1.3877787807814457e-17
1.0310923973763693e-17 0.10163857612916291 -1.3877787807814457e-17
1.0310923973763693e-17 0.10163857612916291 -1.3877787807814457e-17
1.0310923973763693e-17 0.10163857612916291 -1.3877787807814457e-17
1.0310923973763693e-17 0.10163857612916291 -1.3877787807814457e-17
1.0310923973763693e-17 0.10163857612916291 -1.3877787807814457e-17
1.0310923973763693e-17 0.10163857612916291 -1.3877787807814457e-17
1.0310923973763693e-17 0.10163857612916291 -1.3877787807814457e-17
1.0310923973763693e-17 0.10163857612916291 -1.3877787807814457e-17
1.0310923973763693e-17 0.10163857612916291 -1.3877787807814457e-17
1.0310923973763693e-17 0.10163857612916291 -1.3877787807814457e-17
1.0310923973763693e-17 0.10163857612916291 -1.3877787807814457e-17
1.0310923973763693e-17 0.10163857612916291 -1.3877787807814457e-17
1.0310923973763693e-17 0.10163857612916291 -1.3877787807814457e-17
1.0310923973763693e-17 0.10163857612916291 -1.3877787807814457e-17
1.0310923973763693e-17 0.10163857612916291 -1.3877787807814457e-17
1.0310923973763693e-17 0.10163857612916291 -1.3877787807814457e-17
1.0310923973763693e-17 0.10163857612916291 -1.3877787807814457e-17
1.0310923973763693e-17 0.10163857612916291 -1.3877787807814457e-17
1.0310923973763693e-17 0.10163857612916291 -1.3877787807814457e-17
1.0310923973763693e-17 0.10163857612916291 -1.3877787807814457e-17
1.0310923973763693e-17 0.10163857612916291 -1.3877787807814457e-17
1.0310923973763693e-17 0.10163857612916291 -1.3877787807814457e-17
1.0310923973763693e-17 0.10163857612916291 -1.3877787807814457e-17
1.0310923973763693e-17 0.10163857612916291 -1.3877787807814457e-17
1.0310923973763693e-17 0.10163857612916291 -1.3877787807814457e-17
1.0310923973763693e-17 0.10163857612916291 -1.3877787807814457e-17
1.0310923973763693e-17 0.10163857612916291 -1.3877787807814457e-17
1.0310923973763693e-17 0.10163857612916291 -1.3877787807814457e-17
1.0310923973763693e-17 0.10163857612916291 -1.3877787807814457e-17
1.0310923973763693e-17 0.10163857612916291 -1.3877787807814457e-17
1.0310923973763693e-17 0.10163857612916291 -1.3877787807814457e-17
1.0310923973763693e-17 0.10163857612916291 -1.3877787807814457e-17
1.0310923973763693e-17 0.10163857612916291 -1.3877787807814457e-17
1.0310923973763693e-17 0.10163857612916291 -1.3877787807814457e-17
1.0310923973763693e-17 0.10163857612916291 -1.3877787807814457e-17
1.0310923973763693e-17 0.10163857612916291 -1.3877787807814457e-17
1.0310923973763693e-17 0.10163857612916291 -1.3877787807814457e-17
1.0310923973763693e-17 0.10163857612916291 -1.3877787807814457e-17
1.0310923973763693e-17 0.1 0.0
9.09620991253748e-05 0.1 6.345356101624323e-05
0.0003603498542274158 0.1 0.0002465106205747605
0.0008029154518950547 0.1 0.0005384556434818824
0.0014134110787172125 0.1 0.000928892961266139
0.0021865889212828106 0.1 0.001407746772178259
0.0031172011661807705 0.1 0.00196526114119117
0.004200000000000013 0.1 0.0025919999999999997
0.00542973760932946 0.1 0.003278847147022074
0.006801166180758033 0.1 0.004017006247396917
0.008309037900874651 0.1 0.004798000832986255
0.009948104956268237 0.1 0.00561367430237401
0.011713119533527716 0.1 0.006456189920866304
0.013598833819242002 0.1 0.007318030820491461
0.01560000000000002 0.1 0.008192
0.017711370262390693 0.1 0.00907122032486464
0.01992769679300294 0.1 0.009949134527280298
0.02224373177842568 0.1 0.010819505206164096
0.02465422740524784 0.1 0.01167641482715535
0.027153935860058338 0.1 0.012514265722615575
0.029737609329446097 0.1 0.013327780091628487
0.032400000000000026 0.1 0.014112
0.03513586005830907 0.1 0.014862287380258223
0.03793994169096214 0.1 0.015574324031653479
0.04080699708454814 0.1 0.016244111620158264
0.04373177842565601 0.1 0.016867971678467306
0.046709037900874675 0.1 0.0174425456059975
0.04973352769679304 0.1 0.01796479466888796
0.05280000000000004 0.1 0.018431999999999997
0.055903206997084585 0.1 0.01884176259891711
0.05903790087463561 0.1 0.019192003331945026
0.06219883381924202 0.1 0.01948096293211162
0.06538075801749277 0.1 0.019707201999167007
0.06857842565597674 0.1 0.0198696009995835
0.07178658892128285 0.1 0.019967360266555594
0.07500000000000007 0.1 0.01999999999999999
0.07821341107871727 0.1 0.0199673602665556
0.08142157434402338 0.1 0.0198696009995835
0.08461924198250735 0.1 0.019707201999167007
0.08780116618075809 0.1 0.0194809629321116
0.09096209912536452 0.1 0.019192003331945026
0.09409679300291553 0.1 0.018841762598917122
0.09720000000000006 0.1 0.018432000000000004
0.10026647230320707 0.1 0.01796479466888795
0.10329096209912546 0.1 0.017442545605997506
0.10626822157434408 0.1 0.01686797167846729
0.10919300291545199 0.1 0.016244111620158264
0.11206005830903797 0.1 0.015574324031653486
0.11486413994169106 0.1 0.014862287380258216
0.11760000000000008 0.1 0.014112000000000013
0.12026239067055401 0.1 0.013327780091628494
0.12284606413994177 0.1 0.012514265722615547
0.12534577259475224 0.1 0.01167641482715534
0.1277562682215744 0.1 0.01081950520616412
0.13007230320699717 0.1 0.009949134527280301
0.1322886297376094 0.1 0.009071220324864626
0.13440000000000007 0.1 0.008192000000000005
0.13640116618075812 0.1 0.007318030820491456
0.13828688046647236 0.1 0.006456189920866273
0.14005189504373183 0.1 0.005613674302374
0.1416909620991254 0.1 0.004798000832986288
0.14319883381924203 0.1 0.004017006247396898
0.1445702623906706 0.1 0.0032788471470220903
0.14580000000000007 0.1 0.0025920000000000387
0.14688279883381933 0.1 0.001965261141191166
0.14781341107871726 0.1 0.0014077467721782533
0.1485865889212829 0.1 0.0009288929612661367
0.14919708454810507 0.1 0.0005384556434818721
0.14963965014577266 0.1 0.00024651062057473583
0.14990903790087468 0.1 6.345356101622457e-05
0.1500000000000001 0.1 0.0
0.1500000000000001 0.1 0.0
0.1500000000000001 0.1 0.0
0.1500000000000001 0.1 0.0
0.1500000000000001 0.1 0.0
0.1500000000000001 0.1 0.0
0.1500000000000001 0.1 0.0
0.1500000000000001 0.1 0.0
0.1500000000000001 0.1 0.0
0.1500000000000001 0.1 0.0
0.1500000000000001 0.1 0.0
0.1500000000000001 0.1 0.0
0.1500000000000001 0.1 0.0
0.1500000000000001 0.1 0.0
0.1500000000000001 0.1 0.0
0.1500000000000001 0.1 0.0
0.1500000000000001 0.1 0.0
0.1500000000000001 0.1 0.0
0.1500000000000001 0.1 0.0
0.1500000000000001 0.1 0.0
0.1500000000000001 0.1 0.0
0.1500000000000001 0.1 0.0
0.1500000000000001 0.1 0.0
0.1500000000000001 0.1 0.0
0.1500000000000001 0.1 0.0
0.1500000000000001 0.1 0.0
0.1500000000000001 0.1 0.0
0.1500000000000001 0.1 0.0
0.1500000000000001 0.1 0.0
0.1500000000000001 0.1 0.0
0.1500000000000001 0.1 0.0
0.1500000000000001 0.1 0.0
0.1500000000000001 0.1 0.0
0.1500000000000001 0.1 0.0
0.1500000000000001 0.1 0.0
0.1500000000000001 0.1 0.0
0.1500000000000001 0.1 0.0
0.1500000000000001 0.1 0.0
0.1500000000000001 0.1 0.0
0.1500000000000001 0.1 0.0
0.1500000000000001 0.1 0.0
0.1500000000000001 0.1 0.0
0.1500000000000001 0.1 0.0
0.1500000000000001 0.1 0.0
0.1500000000000001 0.1 0.0
0.1500000000000001 0.1 0.0
0.1500000000000001 0.1 0.0
0.1500000000000001 0.1 0.0
0.1500000000000001 0.1 0.0
0.1500000000000001 0.1 0.0
0.1500000000000001 0.1 0.0
0.1500000000000001 0.1 0.0
0.1500000000000001 0.1 0.0
0.1500000000000001 0.1 0.0
0.1500000000000001 0.1 0.0
0.1500000000000001 0.1 0.0
0.1500000000000001 0.1 0.0
0.1500000000000001 0.1 0.0
0.1500000000000001 0.1 0.0
0.1500000000000001 0.1 0.0
0.1500000000000001 0.1 0.0
0.1500000000000001 0.1 0.0
0.1500000000000001 0.1 0.0
0.1500000000000001 0.1 0.0
0.1500000000000001 0.1 0.0
0.1500000000000001 0.1 0.0
0.1500000000000001 0.1 0.0
0.1500000000000001 0.1 0.0
0.1500000000000001 0.1 0.0
0.1500000000000001 0.1 0.0
0.1500000000000001 0.1 0.0
0.1500000000000001 0.1 0.0
0.1500000000000001 0.1 0.0
0.1500000000000001 0.1 0.0
0.1500000000000001 0.1 0.0
0.1500000000000001 0.1 0.0
0.1500000000000001 0.1 0.0
0.1500000000000001 0.1 0.0
0.1500000000000001 0.1 0.0
0.1500000000000001 0.1 0.0
0.1500000000000001 0.1 0.0
0.1500000000000001 0.1 0.0
0.1500000000000001 0.1 0.0
0.1500000000000001 0.1 0.0
0.1500000000000001 0.1 0.0
0.1500000000000001 0.1 0.0
0.1500000000000001 0.1 0.0
0.1500000000000001 0.1 0.0
0.1500000000000001 0.1 0.0
0.1500000000000001 0.1 0.0
0.1500000000000001 0.1 0.0
0.1500000000000001 0.1 0.0
0.1500000000000001 0.1 0.0
0.1500000000000001 0.1 0.0
0.1500000000000001 0.1 0.0
0.1500000000000001 0.1 0.0
0.1500000000000001 0.1 0.0
0.1500000000000001 0.1 0.0
0.1500000000000001 0.1 0.0
0.1500000000000001 0.1 0.0
0.1500000000000001 0.1 0.0
0.1500000000000001 0.1 0.0
0.1500000000000001 0.1 0.0
0.1500000000000001 0.1 0.0
0.1500000000000001 0.1 0.0
0.1500000000000001 0.1 0.0
0.1500000000000001 0.1 0.0
0.1500000000000001 0.1 0.0
0.1500000000000001 0.1 0.0
0.1500000000000001 0.1 0.0
0.1500000000000001 0.1 0.0
0.1500000000000001 0.1 0.0
0.1500000000000001 0.1 0.0
0.1500000000000001 0.1 0.0
0.1500000000000001 0.1 0.0
0.1500000000000001 0.1 0.0
0.1500000000000001 0.1 0.0
0.1500000000000001 0.1 0.0
0.1500000000000001 0.1 0.0
0.1500000000000001 0.1 0.0
0.1500000000000001 0.1 0.0
0.1500000000000001 0.1 0.0
0.1500000000000001 0.1 0.0
0.1500000000000001 0.1 0.0
0.1500000000000001 0.1 0.0
0.1500000000000001 0.1 0.0
0.1500000000000001 0.1 0.0
0.1500000000000001 0.1 0.0
0.1500000000000001 0.1 0.0
0.1500000000000001 0.1 0.0
0.1500000000000001 0.1 0.0
0.15018192419825083 0.1 6.345356101624323e-05
0.15072069970845492 0.1 0.0002465106205747605
0.1516058309037902 0.1 0.0005384556434818824
0.1528268221574345 0.1 0.000928892961266139
0.1543731778425657 0.1 0.001407746772178259
0.15623440233236163 0.1 0.00196526114119117
0.15840000000000012 0.1 0.0025919999999999997
0.160859475218659 0.1 0.003278847147022074
0.16360233236151617 0.1 0.004017006247396917
0.1666180758017494 0.1 0.004798000832986255
0.16989620991253657 0.1 0.00561367430237401
0.1734262390670555 0.1 0.006456189920866304
0.1771976676384841 0.1 0.007318030820491461
0.18120000000000014 0.1 0.008192
0.18542274052478147 0.1 0.00907122032486464
0.18985539358600598 0.1 0.009949134527280298
0.19448746355685145 0.1 0.010819505206164096
0.19930845481049578 0.1 0.01167641482715535
0.20430787172011677 0.1 0.012514265722615575
0.2094752186588923 0.1 0.013327780091628487
0.21480000000000016 0.1 0.014112
0.22027172011661825 0.1 0.014862287380258223
0.22587988338192438 0.1 0.015574324031653479
0.2316139941690964 0.1 0.016244111620158264
0.23746355685131212 0.1 0.016867971678467306
0.24341807580174946 0.1 0.0174425456059975
0.2494670553935862 0.1 0.01796479466888796
0.25560000000000016 0.1 0.018431999999999997
0.26180641399416926 0.1 0.01884176259891711
0.26807580174927137 0.1 0.019192003331945026
0.27439766763848417 0.1 0.01948096293211162
0.2807615160349856 0.1 0.019707201999167007
0.28715685131195356 0.1 0.0198696009995835
0.2935731778425658 0.1 0.019967360266555594
0.30000000000000027 0.1 0.01999999999999999
0.30642682215743466 0.1 0.0199673602665556
0.31284314868804686 0.1 0.0198696009995835
0.3192384839650148 0.1 0.019707201999167007
0.32560233236151626 0.1 0.0194809629321116
0.33192419825072916 0.1 0.019192003331945026
0.33819358600583116 0.1 0.018841762598917122
0.34440000000000026 0.1 0.018432000000000004
0.35053294460641427 0.1 0.01796479466888795
0.356581924198251 0.1 0.017442545605997506
0.36253644314868827 0.1 0.01686797167846729
0.3683860058309041 0.1 0.016244111620158264
0.3741201166180761 0.1 0.015574324031653486
0.37972827988338226 0.1 0.014862287380258216
0.3852000000000003 0.1 0.014112000000000013
0.39052478134110813 0.1 0.013327780091628494
0.39569212827988365 0.1 0.012514265722615547
0.40069154518950467 0.1 0.01167641482715534
0.405512536443149 0.1 0.01081950520616412
0.41014460641399453 0.1 0.009949134527280301
0.41457725947521895 0.1 0.009071220324864626
0.4188000000000003 0.1 0.008192000000000005
0.42280233236151643 0.1 0.007318030820491456
0.42657376093294486 0.1 0.006456189920866273
0.4301037900874638 0.1 0.005613674302374
0.43338192419825095 0.1 0.004798000832986288
0.4363976676384842 0.1 0.004017006247396898
0.43914052478134136 0.1 0.0032788471470220903
0.4416000000000003 0.1 0.0025920000000000387
0.4437655976676388 0.1 0.001965261141191166
0.44562682215743465 0.1 0.0014077467721782533
0.44717317784256594 0.1 0.0009288929612661367
0.4483941690962103 0.1 0.0005384556434818721
0.4492793002915455 0.1 0.00024651062057473583
0.4498180758017495 0.1 6.345356101622457e-05
0.45000000000000034 0.1 0.0
0.45000000000000034 0.1 0.0
0.45000000000000034 0.1 0.0
0.45000000000000034 0.1 0.0
0.45000000000000034 0.1 0.0
0.45000000000000034 0.1 0.0
0.45000000000000034 0.1 0.0
0.45000000000000034 0.1 0.0
0.45000000000000034 0.1 0.0
0.45000000000000034 0.1 0.0
0.45000000000000034 0.1 0.0
0.45000000000000034 0.1 0.0
0.45000000000000034 0.1 0.0
0.45000000000000034 0.1 0.0
0.45000000000000034 0.1 0.0
0.45000000000000034 0.1 0.0
0.45000000000000034 0.1 0.0
0.45000000000000034 0.1 0.0
0.45000000000000034 0.1 0.0
0.45000000000000034 0.1 0.0
0.45000000000000034 0.1 0.0
0.45000000000000034 0.1 0.0
0.45000000000000034 0.1 0.0
0.45000000000000034 0.1 0.0
0.45000000000000034 0.1 0.0
0.45000000000000034 0.1 0.0
0.45000000000000034 0.1 0.0
0.45000000000000034 0.1 0.0
0.45000000000000034 0.1 0.0
0.45000000000000034 0.1 0.0
0.45000000000000034 0.1 0.0
0.45000000000000034 0.1 0.0
0.45000000000000034 0.1 0.0
0.45000000000000034 0.1 0.0
0.45000000000000034 0.1 0.0
0.45000000000000034 0.1 0.0
0.45000000000000034 0.1 0.0
0.45000000000000034 0.1 0.0
0.45000000000000034 0.1 0.0
0.45000000000000034 0.1 0.0
0.45000000000000034 0.1 0.0
0.45000000000000034 0.1 0.0
0.45000000000000034 0.1 0.0
0.45000000000000034 0.1 0.0
0.45000000000000034 0.1 0.0
0.45000000000000034 0.1 0.0
0.45000000000000034 0.1 0.0
0.45000000000000034 0.1 0.0
0.45000000000000034 0.1 0.0
0.45000000000000034 0.1 0.0
0.45000000000000034 0.1 0.0
0.45000000000000034 0.1 0.0
0.45000000000000034 0.1 0.0
0.45000000000000034 0.1 0.0
0.45000000000000034 0.1 0.0
0.45000000000000034 0.1 0.0
0.45000000000000034 0.1 0.0
0.45000000000000034 0.1 0.0
0.45000000000000034 0.1 0.0
0.45000000000000034 0.1 0.0
0.45000000000000034 0.1 0.0
0.45000000000000034 0.1 0.0
0.45000000000000034 0.1 0.0
0.45000000000000034 0.1 0.0
0.45000000000000034 0.1 0.0
0.45000000000000034 0.1 0.0
0.45000000000000034 0.1 0.0
0.45000000000000034 0.1 0.0
0.45000000000000034 0.1 0.0
0.45000000000000034 0.1 0.0
0.45000000000000034 0.1 0.0
0.45000000000000034 0.1 0.0
0.45000000000000034 0.1 0.0
0.45000000000000034 0.1 0.0
0.45000000000000034 0.1 0.0
0.45000000000000034 0.1 0.0
0.45000000000000034 0.1 0.0
0.45000000000000034 0.1 0.0
0.45000000000000034 0.1 0.0
0.45000000000000034 0.1 0.0
0.45000000000000034 0.1 0.0
0.45000000000000034 0.1 0.0
0.45000000000000034 0.1 0.0
0.45000000000000034 0.1 0.0
0.45000000000000034 0.1 0.0
0.45000000000000034 0.1 0.0
0.45000000000000034 0.1 0.0
0.45000000000000034 0.1 0.0
0.45000000000000034 0.1 0.0
0.45000000000000034 0.1 0.0
0.45000000000000034 0.1 0.0
0.45000000000000034 0.1 0.0
0.45000000000000034 0.1 0.0
0.45000000000000034 0.1 0.0
0.45000000000000034 0.1 0.0
0.45000000000000034 0.1 0.0
0.45000000000000034 0.1 0.0
0.45000000000000034 0.1 0.0
0.45000000000000034 0.1 0.0
0.45000000000000034 0.1 0.0
0.45000000000000034 0.1 0.0
0.45000000000000034 0.1 0.0
0.45000000000000034 0.1 0.0
0.45000000000000034 0.1 0.0
0.45000000000000034 0.1 0.0
0.45000000000000034 0.1 0.0
0.45000000000000034 0.1 0.0
0.45000000000000034 0.1 0.0
0.45000000000000034 0.1 0.0
0.45000000000000034 0.1 0.0
0.45000000000000034 0.1 0.0
0.45000000000000034 0.1 0.0
0.45000000000000034 0.1 0.0
0.45000000000000034 0.1 0.0
0.45000000000000034 0.1 0.0
0.45000000000000034 0.1 0.0
0.45000000000000034 0.1 0.0
0.45000000000000034 0.1 0.0
0.45000000000000034 0.1 0.0
0.45000000000000034 0.1 0.0
0.45000000000000034 0.1 0.0
0.45000000000000034 0.1 0.0
0.45000000000000034 0.1 0.0
0.45000000000000034 0.1 0.0
0.45000000000000034 0.1 0.0
0.45000000000000034 0.1 0.0
0.45000000000000034 0.1 0.0
0.45000000000000034 0.1 0.0
0.45000000000000034 0.1 0.0
0.45000000000000034 0.1 0.0
0.45000000000000034 0.1 0.0
0.4501819241982511 0.1 6.345356101624323e-05
0.45072069970845513 0.1 0.0002465106205747605
0.45160583090379036 0.1 0.0005384556434818824
0.45282682215743464 0.1 0.000928892961266139
0.4543731778425658 0.1 0.001407746772178259
0.4562344023323617 0.1 0.00196526114119117
0.4584000000000001 0.1 0.0025919999999999997
0.4608594752186589 0.1 0.003278847147022074
0.463602332361516 0.1 0.004017006247396917
0.46661807580174913 0.1 0.004798000832986255
0.46989620991253617 0.1 0.00561367430237401
0.47342623906705505 0.1 0.006456189920866304
0.4771976676384835 0.1 0.007318030820491461
0.4811999999999994 0.1 0.008192
0.4854227405247806 0.1 0.00907122032486464
0.489855393586005 0.1 0.009949134527280298
0.4944874635568503 0.1 0.010819505206164096
0.49930845481049446 0.1 0.01167641482715535
0.5043078717201154 0.1 0.012514265722615575
0.5094752186588907 0.1 0.013327780091628487
0.5147999999999984 0.1 0.014112
0.5202717201166163 0.1 0.014862287380258223
0.5258798833819223 0.1 0.015574324031653479
0.531613994169094 0.1 0.016244111620158264
0.5374635568513096 0.1 0.016867971678467306
0.5434180758017468 0.1 0.0174425456059975
0.5494670553935833 0.1 0.01796479466888796
0.5555999999999972 0.1 0.018431999999999997
0.5618064139941661 0.1 0.01884176259891711
0.568075801749268 0.1 0.019192003331945026
0.5743976676384805 0.1 0.01948096293211162
0.5807615160349818 0.1 0.019707201999167007
0.5871568513119496 0.1 0.0198696009995835
0.5935731778425616 0.1 0.019967360266555594
0.5999999999999959 0.1 0.01999999999999999
0.60642682215743 0.1 0.0199673602665556
0.6128431486880421 0.1 0.0198696009995835
0.6192384839650098 0.1 0.019707201999167007
0.6256023323615111 0.1 0.0194809629321116
0.6319241982507238 0.1 0.019192003331945026
0.6381935860058257 0.1 0.018841762598917122
0.6443999999999945 0.1 0.018432000000000004
0.6505329446064083 0.1 0.01796479466888795
0.6565819241982449 0.1 0.017442545605997506
0.662536443148682 0.1 0.01686797167846729
0.6683860058308976 0.1 0.016244111620158264
0.6741201166180694 0.1 0.015574324031653486
0.6797282798833754 0.1 0.014862287380258216
0.6851999999999933 0.1 0.014112000000000013
0.690524781341101 0.1 0.013327780091628494
0.6956921282798763 0.1 0.012514265722615547
0.7006915451894971 0.1 0.01167641482715534
0.7055125364431414 0.1 0.01081950520616412
0.7101446064139867 0.1 0.009949134527280301
0.7145772594752111 0.1 0.009071220324864626
0.7187999999999922 0.1 0.008192000000000005
0.7228023323615083 0.1 0.007318030820491456
0.7265737609329366 0.1 0.006456189920866273
0.7301037900874554 0.1 0.005613674302374
0.7333819241982424 0.1 0.004798000832986288
0.7363976676384756 0.1 0.004017006247396898
0.7391405247813327 0.1 0.0032788471470220903
0.7415999999999916 0.1 0.0025920000000000387
0.74376559766763 0.1 0.001965261141191166
0.7456268221574258 0.1 0.0014077467721782533
0.747173177842557 0.1 0.0009288929612661367
0.7483941690962013 0.1 0.0005384556434818721
0.7492793002915364 0.1 0.00024651062057473583
0.7498180758017405 0.1 6.345356101622457e-05
0.7499999999999913 0.1 0.0
0.7499999999999913 0.1 0.0
0.7499999999999913 0.1 0.0
0.7499999999999913 0.1 0.0
0.7499999999999913 0.1 0.0
0.7499999999999913 0.1 0.0
0.7499999999999913 0.1 0.0
0.7499999999999913 0.1 0.0
0.7499999999999913 0.1 0.0
0.7499999999999913 0.1 0.0
0.7499999999999913 0.1 0.0
0.7499999999999913 0.1 0.0
0.7499999999999913 0.1 0.0
0.7499999999999913 0.1 0.0
0.7499999999999913 0.1 0.0
0.7499999999999913 0.1 0.0
0.7499999999999913 0.1 0.0
0.7499999999999913 0.1 0.0
0.7499999999999913 0.1 0.0
0.7499999999999913 0.1 0.0
0.7499999999999913 0.1 0.0
0.7499999999999913 0.1 0.0
0.7499999999999913 0.1 0.0
0.7499999999999913 0.1 0.0
0.7499999999999913 0.1 0.0
0.7499999999999913 0.1 0.0
0.7499999999999913 0.1 0.0
0.7499999999999913 0.1 0.0
0.7499999999999913 0.1 0.0
0.7499999999999913 0.1 0.0
0.7499999999999913 0.1 0.0
0.7499999999999913 0.1 0.0
0.7499999999999913 0.1 0.0
0.7499999999999913 0.1 0.0
0.7499999999999913 0.1 0.0
0.7499999999999913 0.1 0.0
0.7499999999999913 0.1 0.0
0.7499999999999913 0.1 0.0
0.7499999999999913 0.1 0.0
0.7499999999999913 0.1 0.0
0.7499999999999913 0.1 0.0
0.7499999999999913 0.1 0.0
0.7499999999999913 0.1 0.0
0.7499999999999913 0.1 0.0
0.7499999999999913 0.1 0.0
0.7499999999999913 0.1 0.0
0.7499999999999913 0.1 0.0
0.7499999999999913 0.1 0.0
0.7499999999999913 0.1 0.0
0.7499999999999913 0.1 0.0
0.7499999999999913 0.1 0.0
0.7499999999999913 0.1 0.0
0.7499999999999913 0.1 0.0
0.7499999999999913 0.1 0.0
0.7499999999999913 0.1 0.0
0.7499999999999913 0.1 0.0
0.7499999999999913 0.1 0.0
0.7499999999999913 0.1 0.0
0.7499999999999913 0.1 0.0
0.7499999999999913 0.1 0.0
0.7499999999999913 0.1 0.0
0.7499999999999913 0.1 0.0
0.7499999999999913 0.1 0.0
0.7499999999999913 0.1 0.0
0.7499999999999913 0.1 0.0
0.7499999999999913 0.1 0.0
0.7499999999999913 0.1 0.0
0.7499999999999913 0.1 0.0
0.7499999999999913 0.1 0.0
0.7499999999999913 0.1 0.0
0.7499999999999913 0.1 0.0
0.7499999999999913 0.1 0.0
0.7499999999999913 0.1 0.0
0.7499999999999913 0.1 0.0
0.7499999999999913 0.1 0.0
0.7499999999999913 0.1 0.0
0.7499999999999913 0.1 0.0
0.7499999999999913 0.1 0.0
0.7499999999999913 0.1 0.0
0.7499999999999913 0.1 0.0
0.7499999999999913 0.1 0.0
0.7499999999999913 0.1 0.0
0.7499999999999913 0.1 0.0
0.7499999999999913 0.1 0.0
0.7499999999999913 0.1 0.0
0.7499999999999913 0.1 0.0
0.7499999999999913 0.1 0.0
0.7499999999999913 0.1 0.0
0.7499999999999913 0.1 0.0
0.7499999999999913 0.1 0.0
0.7499999999999913 0.1 0.0
0.7499999999999913 0.1 0.0
0.7499999999999913 0.1 0.0
0.7499999999999913 0.1 0.0
0.7499999999999913 0.1 0.0
0.7499999999999913 0.1 0.0
0.7499999999999913 0.1 0.0
0.7499999999999913 0.1 0.0
0.7499999999999913 0.1 0.0
0.7499999999999913 0.1 0.0
0.7499999999999913 0.1 0.0
0.7499999999999913 0.1 0.0
0.7499999999999913 0.1 0.0
0.7499999999999913 0.1 0.0
0.7499999999999913 0.1 0.0
0.7499999999999913 0.1 0.0
0.7499999999999913 0.1 0.0
0.7499999999999913 0.1 0.0
0.7499999999999913 0.1 0.0
0.7499999999999913 0.1 0.0
0.7499999999999913 0.1 0.0
0.7499999999999913 0.1 0.0
0.7499999999999913 0.1 0.0
0.7499999999999913 0.1 0.0
0.7499999999999913 0.1 0.0
0.7499999999999913 0.1 0.0
0.7499999999999913 0.1 0.0
0.7499999999999913 0.1 0.0
0.7499999999999913 0.1 0.0
0.7499999999999913 0.1 0.0
0.7499999999999913 0.1 0.0
0.7499999999999913 0.1 0.0
0.7499999999999913 0.1 0.0
0.7499999999999913 0.1 0.0
0.7499999999999913 0.1 0.0
0.7499999999999913 0.1 0.0
0.7499999999999913 0.1 0.0
0.7499999999999913 0.1 0.0
0.7499999999999913 0.1 0.0
0.7499999999999913 0.1 0.0
0.7499999999999913 0.1 0.0
0.750181924198242 0.1 6.345356101624323e-05
0.7507206997084461 0.1 0.0002465106205747605
0.7516058309037814 0.1 0.0005384556434818824
0.7528268221574257 0.1 0.000928892961266139
0.7543731778425569 0.1 0.001407746772178259
0.7562344023323527 0.1 0.00196526114119117
0.7583999999999912 0.1 0.0025919999999999997
0.7608594752186499 0.1 0.003278847147022074
0.7636023323615071 0.1 0.004017006247396917
0.7666180758017402 0.1 0.004798000832986255
0.7698962099125273 0.1 0.00561367430237401
0.7734262390670462 0.1 0.006456189920866304
0.7771976676384746 0.1 0.007318030820491461
0.7811999999999906 0.1 0.008192
0.7854227405247718 0.1 0.00907122032486464
0.7898553935859962 0.1 0.009949134527280298
0.7944874635568416 0.1 0.010819505206164096
0.7993084548104858 0.1 0.01167641482715535
0.8043078717201066 0.1 0.012514265722615575
0.8094752186588821 0.1 0.013327780091628487
0.8147999999999898 0.1 0.014112
0.8202717201166078 0.1 0.014862287380258223
0.8258798833819138 0.1 0.015574324031653479
0.8316139941690857 0.1 0.016244111620158264
0.8374635568513012 0.1 0.016867971678467306
0.8434180758017384 0.1 0.0174425456059975
0.849467055393575 0.1 0.01796479466888796
0.8555999999999888 0.1 0.018431999999999997
0.8618064139941578 0.1 0.01884176259891711
0.8680758017492597 0.1 0.019192003331945026
0.8743976676384724 0.1 0.01948096293211162
0.8807615160349737 0.1 0.019707201999167007
0.8871568513119414 0.1 0.0198696009995835
0.8935731778425535 0.1 0.019967360266555594
0.8999999999999878 0.1 0.01999999999999999
0.9064268221574221 0.1 0.0199673602665556
0.9128431486880342 0.1 0.0198696009995835
0.9192384839650019 0.1 0.019707201999167007
0.9256023323615032 0.1 0.0194809629321116
0.9319241982507159 0.1 0.019192003331945026
0.9381935860058178 0.1 0.018841762598917122
0.9443999999999868 0.1 0.018432000000000004
0.9505329446064006 0.1 0.01796479466888795
0.9565819241982372 0.1 0.017442545605997506
0.9625364431486744 0.1 0.01686797167846729
0.96838600583089 0.1 0.016244111620158264
0.9741201166180619 0.1 0.015574324031653486
0.9797282798833679 0.1 0.014862287380258216
0.9851999999999858 0.1 0.014112000000000013
0.9905247813410936 0.1 0.013327780091628494
0.995692128279869 0.1 0.012514265722615547
1.0006915451894898 0.1 0.01167641482715534
1.0055125364431339 0.1 0.01081950520616412
1.0101446064139794 0.1 0.009949134527280301
1.0145772594752036 0.1 0.009071220324864626
1.018799999999985 0.1 0.008192000000000005
1.022802332361501 0.1 0.007318030820491456
1.0265737609329293 0.1 0.006456189920866273
1.0301037900874483 0.1 0.005613674302374
1.0333819241982354 0.1 0.004798000832986288
1.0363976676384685 0.1 0.004017006247396898
1.0391405247813257 0.1 0.0032788471470220903
1.0415999999999843 0.1 0.0025920000000000387
1.0437655976676228 0.1 0.001965261141191166
1.0456268221574188 0.1 0.0014077467721782533
1.04717317784255 0.1 0.0009288929612661367
1.0483941690961942 0.1 0.0005384556434818721
1.0492793002915293 0.1 0.00024651062057473583
1.0498180758017335 0.1 6.345356101622457e-05
1.0499999999999843 0.1 0.0
1.0499999999999843 0.1 0.0
1.0499999999999843 0.1 0.0
1.0499999999999843 0.1 0.0
1.0499999999999843 0.1 0.0
1.0499999999999843 0.1 0.0
1.0499999999999843 0.1 0.0
1.0499999999999843 0.1 0.0
1.0499999999999843 0.1 0.0
1.0499999999999843 0.1 0.0
1.0499999999999843 0.1 0.0
1.0499999999999843 0.1 0.0
1.0499999999999843 0.1 0.0
1.0499999999999843 0.1 0.0
1.0499999999999843 0.1 0.0
1.0499999999999843 0.1 0.0
1.0499999999999843 0.1 0.0
1.0499999999999843 0.1 0.0
1.0499999999999843 0.1 0.0
1.0499999999999843 0.1 0.0
1.0499999999999843 0.1 0.0
1.0499999999999843 0.1 0.0
1.0499999999999843 0.1 0.0
1.0499999999999843 0.1 0.0
1.0499999999999843 0.1 0.0
1.0499999999999843 0.1 0.0
1.0499999999999843 0.1 0.0
1.0499999999999843 0.1 0.0
1.0499999999999843 0.1 0.0
1.0499999999999843 0.1 0.0
1.0499999999999843 0.1 0.0
1.0499999999999843 0.1 0.0
1.0499999999999843 0.1 0.0
1.0499999999999843 0.1 0.0
1.0499999999999843 0.1 0.0
1.0499999999999843 0.1 0.0
1.0499999999999843 0.1 0.0
1.0499999999999843 0.1 0.0
1.0499999999999843 0.1 0.0
1.0499999999999843 0.1 0.0
1.0499999999999843 0.1 0.0
1.0499999999999843 0.1 0.0
1.0499999999999843 0.1 0.0
1.0499999999999843 0.1 0.0
1.0499999999999843 0.1 0.0
1.0499999999999843 0.1 0.0
1.0499999999999843 0.1 0.0
1.0499999999999843 0.1 0.0
1.0499999999999843 0.1 0.0
1.0499999999999843 0.1 0.0
1.0499999999999843 0.1 0.0
1.0499999999999843 0.1 0.0
1.0499999999999843 0.1 0.0
1.0499999999999843 0.1 0.0
1.0499999999999843 0.1 0.0
1.0499999999999843 0.1 0.0
1.0499999999999843 0.1 0.0
1.0499999999999843 0.1 0.0
1.0499999999999843 0.1 0.0
1.0499999999999843 0.1 0.0
1.0499999999999843 0.1 0.0
1.0499999999999843 0.1 0.0
1.0499999999999843 0.1 0.0
1.0499999999999843 0.1 0.0
1.0499999999999843 0.1 0.0
1.0499999999999843 0.1 0.0
1.0499999999999843 0.1 0.0
1.0499999999999843 0.1 0.0
1.0499999999999843 0.1 0.0
1.0499999999999843 0.1 0.0
1.0499999999999843 0.1 0.0
1.0499999999999843 0.1 0.0
1.0499999999999843 0.1 0.0
1.0499999999999843 0.1 0.0
1.0499999999999843 0.1 0.0
1.0499999999999843 0.1 0.0
1.0499999999999843 0.1 0.0
1.0499999999999843 0.1 0.0
1.0499999999999843 0.1 0.0
1.0499999999999843 0.1 0.0
1.0499999999999843 0.1 0.0
1.0499999999999843 0.1 0.0
1.0499999999999843 0.1 0.0
1.0499999999999843 0.1 0.0
1.0499999999999843 0.1 0.0
1.0499999999999843 0.1 0.0
1.0499999999999843 0.1 0.0
1.0499999999999843 0.1 0.0
1.0499999999999843 0.1 0.0
1.0499999999999843 0.1 0.0
1.0499999999999843 0.1 0.0
1.0499999999999843 0.1 0.0
1.0499999999999843 0.1 0.0
1.0499999999999843 0.1 0.0
1.0499999999999843 0.1 0.0
1.0499999999999843 0.1 0.0
1.0499999999999843 0.1 0.0
1.0499999999999843 0.1 0.0
1.0499999999999843 0.1 0.0
1.0499999999999843 0.1 0.0
1.0499999999999843 0.1 0.0
1.0499999999999843 0.1 0.0
1.0499999999999843 0.1 0.0
1.0499999999999843 0.1 0.0
1.0499999999999843 0.1 0.0
1.0499999999999843 0.1 0.0
1.0499999999999843 0.1 0.0
1.0499999999999843 0.1 0.0
1.0499999999999843 0.1 0.0
1.0499999999999843 0.1 0.0
1.0499999999999843 0.1 0.0
1.0499999999999843 0.1 0.0
1.0499999999999843 0.1 0.0
1.0499999999999843 0.1 0.0
1.0499999999999843 0.1 0.0
1.0499999999999843 0.1 0.0
1.0499999999999843 0.1 0.0
1.0499999999999843 0.1 0.0
1.0499999999999843 0.1 0.0
1.0499999999999843 0.1 0.0
1.0499999999999843 0.1 0.0
1.0499999999999843 0.1 0.0
1.0499999999999843 0.1 0.0
1.0499999999999843 0.1 0.0
1.0499999999999843 0.1 0.0
1.0499999999999843 0.1 0.0
1.0499999999999843 0.1 0.0
1.0499999999999843 0.1 0.0
1.0499999999999843 0.1 0.0
1.0499999999999843 0.1 0.0
1.0499999999999843 0.1 0.0
1.050181924198235 0.1 6.345356101624323e-05
1.050720699708439 0.1 0.0002465106205747605
1.0516058309037744 0.1 0.0005384556434818824
1.0528268221574189 0.1 0.000928892961266139
1.05437317784255 0.1 0.001407746772178259
1.056234402332346 0.1 0.00196526114119117
1.0583999999999847 0.1 0.0025919999999999997
1.0608594752186435 0.1 0.003278847147022074
1.063602332361501 0.1 0.004017006247396917
1.0666180758017343 0.1 0.004798000832986255
1.0698962099125215 0.1 0.00561367430237401
1.0734262390670406 0.1 0.006456189920866304
1.0771976676384694 0.1 0.007318030820491461
1.0811999999999855 0.1 0.008192
1.085422740524767 0.1 0.00907122032486464
1.0898553935859916 0.1 0.009949134527280298
1.0944874635568373 0.1 0.010819505206164096
1.0993084548104817 0.1 0.01167641482715535
1.104307871720103 0.1 0.012514265722615575
1.1094752186588788 0.1 0.013327780091628487
1.1147999999999867 0.1 0.014112
1.120271720116605 0.1 0.014862287380258223
1.1258798833819115 0.1 0.015574324031653479
1.1316139941690835 0.1 0.016244111620158264
1.1374635568512996 0.1 0.016867971678467306
1.1434180758017372 0.1 0.0174425456059975
1.149467055393574 0.1 0.01796479466888796
1.1555999999999882 0.1 0.018431999999999997
1.1618064139941575 0.1 0.01884176259891711
1.1680758017492598 0.1 0.019192003331945026
1.1743976676384729 0.1 0.01948096293211162
1.1807615160349747 0.1 0.019707201999167007
1.1871568513119428 0.1 0.0198696009995835
1.1935731778425553 0.1 0.019967360266555594
1.19999999999999 0.1 0.01999999999999999
1.2064268221574246 0.1 0.0199673602665556
1.212843148688037 0.1 0.0198696009995835
1.2192384839650052 0.1 0.019707201999167007
1.225602332361507 0.1 0.0194809629321116
1.23192419825072 0.1 0.019192003331945026
1.2381935860058224 0.1 0.018841762598917122
1.2443999999999917 0.1 0.018432000000000004
1.2505329446064057 0.1 0.01796479466888795
1.2565819241982428 0.1 0.017442545605997506
1.2625364431486803 0.1 0.01686797167846729
1.2683860058308964 0.1 0.016244111620158264
1.2741201166180685 0.1 0.015574324031653486
1.279728279883375 0.1 0.014862287380258216
1.2851999999999932 0.1 0.014112000000000013
1.2905247813411012 0.1 0.013327780091628494
1.295692128279877 0.1 0.012514265722615547
1.300691545189498 0.1 0.01167641482715534
1.3055125364431426 0.1 0.01081950520616412
1.3101446064139883 0.1 0.009949134527280301
1.314577259475213 0.1 0.009071220324864626
1.3187999999999944 0.1 0.008192000000000005
1.3228023323615106 0.1 0.007318030820491456
1.3265737609329393 0.1 0.006456189920866273
1.3301037900874584 0.1 0.005613674302374
1.3333819241982456 0.1 0.004798000832986288
1.336397667638479 0.1 0.004017006247396898
1.3391405247813362 0.1 0.0032788471470220903
1.3415999999999952 0.1 0.0025920000000000387
1.343765597667634 0.1 0.001965261141191166
1.34562682215743 0.1 0.0014077467721782533
1.347173177842561 0.1 0.0009288929612661367
1.3483941690962056 0.1 0.0005384556434818721
1.3492793002915406 0.1 0.00024651062057473583
1.3498180758017448 0.1 6.345356101622457e-05
1.3499999999999956 0.1 0.0
1.3499999999999956 0.1 0.0
1.3499999999999956 0.1 0.0
1.3499999999999956 0.1 0.0
1.3499999999999956 0.1 0.0
1.3499999999999956 0.1 0.0
1.3499999999999956 0.1 0.0
1.3499999999999956 0.1 0.0
1.3499999999999956 0.1 0.0
1.3499999999999956 0.1 0.0
1.3499999999999956 0.1 0.0
1.3499999999999956 0.1 0.0
1.3499999999999956 0.1 0.0
1.3499999999999956 0.1 0.0
1.3499999999999956 0.1 0.0
1.3499999999999956 0.1 0.0
1.3499999999999956 0.1 0.0
1.3499999999999956 0.1 0.0
1.3499999999999956 0.1 0.0
1.3499999999999956 0.1 0.0
1.3499999999999956 0.1 0.0
1.3499999999999956 0.1 0.0
1.3499999999999956 0.1 0.0
1.3499999999999956 0.1 0.0
1.3499999999999956 0.1 0.0
1.3499999999999956 0.1 0.0
1.3499999999999956 0.1 0.0
1.3499999999999956 0.1 0.0
1.3499999999999956 0.1 0.0
1.3499999999999956 0.1 0.0
1.3499999999999956 0.1 0.0
1.3499999999999956 0.1 0.0
1.3499999999999956 0.1 0.0
1.3499999999999956 0.1 0.0
1.3499999999999956 0.1 0.0
1.3499999999999956 0.1 0.0
1.3499999999999956 0.1 0.0
1.3499999999999956 0.1 0.0
1.3499999999999956 0.1 0.0
1.3499999999999956 0.1 0.0
1.3499999999999956 0.1 0.0
1.3499999999999956 0.1 0.0
1.3499999999999956 0.1 0.0
1.3499999999999956 0.1 0.0
1.3499999999999956 0.1 0.0
1.3499999999999956 0.1 0.0
1.3499999999999956 0.1 0.0
1.3499999999999956 0.1 0.0
1.3499999999999956 0.1 0.0
1.3499999999999956 0.1 0.0
1.3499999999999956 0.1 0.0
1.3499999999999956 0.1 0.0
1.3499999999999956 0.1 0.0
1.3499999999999956 0.1 0.0
1.3499999999999956 0.1 0.0
1.3499999999999956 0.1 0.0
1.3499999999999956 0.1 0.0
1.3499999999999956 0.1 0.0
1.3499999999999956 0.1 0.0
1.3499999999999956 0.1 0.0
1.3499999999999956 0.1 0.0
1.3499999999999956 0.1 0.0
1.3499999999999956 0.1 0.0
1.3499999999999956 0.1 0.0
1.3499999999999956 0.1 0.0
1.3499999999999956 0.1 0.0
1.3499999999999956 0.1 0.0
1.3499999999999956 0.1 0.0
1.3499999999999956 0.1 0.0
1.3499999999999956 0.1 0.0
1.3499999999999956 0.1 0.0
1.3499999999999956 0.1 0.0
1.3499999999999956 0.1 0.0
1.3499999999999956 0.1 0.0
1.3499999999999956 0.1 0.0
1.3499999999999956 0.1 0.0
1.3499999999999956 0.1 0.0
1.3499999999999956 0.1 0.0
1.3499999999999956 0.1 0.0
1.3499999999999956 0.1 0.0
1.3499999999999956 0.1 0.0
1.3499999999999956 0.1 0.0
1.3499999999999956 0.1 0.0
1.3499999999999956 0.1 0.0
1.3499999999999956 0.1 0.0
1.3499999999999956 0.1 0.0
1.3499999999999956 0.1 0.0
1.3499999999999956 0.1 0.0
1.3499999999999956 0.1 0.0
1.3499999999999956 0.1 0.0
1.3499999999999956 0.1 0.0
1.3499999999999956 0.1 0.0
1.3499999999999956 0.1 0.0
1.3499999999999956 0.1 0.0
1.3499999999999956 0.1 0.0
1.3499999999999956 0.1 0.0
1.3499999999999956 0.1 0.0
1.3499999999999956 0.1 0.0
1.3499999999999956 0.1 0.0
1.3499999999999956 0.1 0.0
1.3499999999999956 0.1 0.0
1.3499999999999956 0.1 0.0
1.3499999999999956 0.1 0.0
1.3499999999999956 0.1 0.0
1.3499999999999956 0.1 0.0
1.3499999999999956 0.1 0.0
1.3499999999999956 0.1 0.0
1.3499999999999956 0.1 0.0
1.3499999999999956 0.1 0.0
1.3499999999999956 0.1 0.0
1.3499999999999956 0.1 0.0
1.3499999999999956 0.1 0.0
1.3499999999999956 0.1 0.0
1.3499999999999956 0.1 0.0
1.3499999999999956 0.1 0.0
1.3499999999999956 0.1 0.0
1.3499999999999956 0.1 0.0
1.3499999999999956 0.1 0.0
1.3499999999999956 0.1 0.0
1.3499999999999956 0.1 0.0
1.3499999999999956 0.1 0.0
1.3499999999999956 0.1 0.0
1.3499999999999956 0.1 0.0
1.3499999999999956 0.1 0.0
1.3499999999999956 0.1 0.0
1.3499999999999956 0.1 0.0
1.3499999999999956 0.1 0.0
1.3499999999999956 0.1 0.0
1.3499999999999956 0.1 0.0
1.3499999999999956 0.1 0.0
1.3499999999999956 0.1 0.0
1.3501576676384797 0.1 6.345356101624323e-05
1.35062460641399 0.1 0.0002465106205747605
1.351391720116614 0.1 0.0005384556434818824
1.3524499125364389 0.1 0.000928892961266139
1.3537900874635527 0.1 0.001407746772178259
1.3554031486880427 0.1 0.00196526114119117
1.357279999999996 0.1 0.0025919999999999997
1.3594115451895006 0.1 0.003278847147022074
1.3617886880466437 0.1 0.004017006247396917
1.3644023323615126 0.1 0.004798000832986255
1.367243381924195 0.1 0.00561367430237401
1.3703027405247783 0.1 0.006456189920866304
1.37357131195335 0.1 0.007318030820491461
1.3770399999999974 0.1 0.008192
1.380699708454808 0.1 0.00907122032486464
1.3845413411078695 0.1 0.009949134527280298
1.3885558017492692 0.1 0.010819505206164096
1.3927339941690944 0.1 0.01167641482715535
1.397066822157433 0.1 0.012514265722615575
1.401545189504372 0.1 0.013327780091628487
1.406159999999999 0.1 0.014112
1.4109021574344016 0.1 0.014862287380258223
1.4157625655976673 0.1 0.015574324031653479
1.4207321282798833 0.1 0.016244111620158264
1.4258017492711372 0.1 0.016867971678467306
1.4309623323615166 0.1 0.0174425456059975
1.4362047813411087 0.1 0.01796479466888796
1.4415200000000012 0.1 0.018431999999999997
1.4468988921282815 0.1 0.01884176259891711
1.4523323615160368 0.1 0.019192003331945026
1.457811311953355 0.1 0.01948096293211162
1.4633266472303232 0.1 0.019707201999167007
1.468869271137029 0.1 0.0198696009995835
1.47443008746356 0.1 0.019967360266555594
1.4800000000000035 0.1 0.01999999999999999
1.485569912536447 0.1 0.0199673602665556
1.491130728862978 0.1 0.0198696009995835
1.4966733527696838 0.1 0.019707201999167007
1.5021886880466522 0.1 0.0194809629321116
1.5076676384839702 0.1 0.019192003331945026
1.5131011078717256 0.1 0.018841762598917122
1.5184800000000058 0.1 0.018432000000000004
1.5237952186588983 0.1 0.01796479466888795
1.5290376676384905 0.1 0.017442545605997506
1.5341982507288698 0.1 0.01686797167846729
1.5392678717201238 0.1 0.016244111620158264
1.5442374344023397 0.1 0.015574324031653486
1.5490978425656055 0.1 0.014862287380258216
1.553840000000008 0.1 0.014112000000000013
1.558454810495635 0.1 0.013327780091628494
1.5629331778425741 0.1 0.012514265722615547
1.5672660058309127 0.1 0.01167641482715534
1.571444198250738 0.1 0.01081950520616412
1.5754586588921375 0.1 0.009949134527280301
1.579300291545199 0.1 0.009071220324864626
1.5829600000000097 0.1 0.008192000000000005
1.5864286880466572 0.1 0.007318030820491456
1.5896972594752288 0.1 0.006456189920866273
1.592756618075812 0.1 0.005613674302374
1.5955976676384944 0.1 0.004798000832986288
1.5982113119533634 0.1 0.004017006247396898
1.6005884548105065 0.1 0.0032788471470220903
1.6027200000000108 0.1 0.0025920000000000387
1.6045968513119644 0.1 0.001965261141191166
1.6062099125364542 0.1 0.0014077467721782533
1.6075500874635682 0.1 0.0009288929612661367
1.6086082798833932 0.1 0.0005384556434818721
1.6093753935860171 0.1 0.00024651062057473583
1.6098423323615274 0.1 6.345356101622457e-05
1.6100000000000114 0.1 0.0
1.6100000000000114 0.1 0.0
1.6100000000000114 0.1 0.0
1.6100000000000114 0.1 0.0
1.6100000000000114 0.1 0.0
1.6100000000000114 0.1 0.0
1.6100000000000114 0.1 0.0
1.6100000000000114 0.1 0.0
1.6100000000000114 0.1 0.0
1.6100000000000114 0.1 0.0
1.6100000000000114 0.1 0.0
1.6100000000000114 0.1 0.0
1.6100000000000114 0.1 0.0
1.6100000000000114 0.1 0.0
1.6100000000000114 0.1 0.0
1.6100000000000114 0.1 0.0
1.6100000000000114 0.1 0.0
1.6100000000000114 0.1 0.0
1.6100000000000114 0.1 0.0
1.6100000000000114 0.1 0.0
1.6100000000000114 0.1 0.0
1.6100000000000114 0.1 0.0
1.6100000000000114 0.1 0.0
1.6100000000000114 0.1 0.0
1.6100000000000114 0.1 0.0
1.6100000000000114 0.1 0.0
1.6100000000000114 0.1 0.0
1.6100000000000114 0.1 0.0
1.6100000000000114 0.1 0.0
1.6100000000000114 0.1 0.0
1.6100000000000114 0.1 0.0
1.6100000000000114 0.1 0.0
1.6100000000000114 0.1 0.0
1.6100000000000114 0.1 0.0
1.6100000000000114 0.1 0.0
1.6100000000000114 0.1 0.0
1.6100000000000114 0.1 0.0
1.6100000000000114 0.1 0.0
1.6100000000000114 0.1 0.0
1.6100000000000114 0.1 0.0
1.6100000000000114 0.1 0.0
1.6100000000000114 0.1 0.0
1.6100000000000114 0.1 0.0
1.6100000000000114 0.1 0.0
1.6100000000000114 0.1 0.0
1.6100000000000114 0.1 0.0
1.6100000000000114 0.1 0.0
1.6100000000000114 0.1 0.0
1.6100000000000114 0.1 0.0
1.6100000000000114 0.1 0.0
1.6100000000000114 0.1 0.0
1.6100000000000114 0.1 0.0
1.6100000000000114 0.1 0.0
1.6100000000000114 0.1 0.0
1.6100000000000114 0.1 0.0
1.6100000000000114 0.1 0.0
1.6100000000000114 0.1 0.0
1.6100000000000114 0.1 0.0
1.6100000000000114 0.1 0.0
1.6100000000000114 0.1 0.0
1.6100000000000114 0.1 0.0
1.6100000000000114 0.1 0.0
1.6100000000000114 0.1 0.0
1.6100000000000114 0.1 0.0
1.6100000000000114 0.1 0.0
1.6100000000000114 0.1 0.0
1.6100000000000114 0.1 0.0
1.6100000000000114 0.1 0.0
1.6100000000000114 0.1 0.0
1.6100000000000114 0.1 0.0
1.6100000000000114 0.1 0.0
1.6100000000000114 0.1 0.0
1.6100000000000114 0.1 0.0
1.6100000000000114 0.1 0.0
1.6100000000000114 0.1 0.0
1.6100000000000114 0.1 0.0
1.6100000000000114 0.1 0.0
1.6100000000000114 0.1 0.0
1.6100000000000114 0.1 0.0
1.6100000000000114 0.1 0.0
1.6100000000000114 0.1 0.0
1.6100000000000114 0.1 0.0
1.6100000000000114 0.1 0.0
1.6100000000000114 0.1 0.0
1.6100000000000114 0.1 0.0
1.6100000000000114 0.1 0.0
1.6100000000000114 0.1 0.0
1.6100000000000114 0.1 0.0
1.6100000000000114 0.1 0.0
1.6100000000000114 0.1 0.0
1.6100000000000114 0.1 0.0
1.6100000000000114 0.1 0.0
1.6100000000000114 0.1 0.0
1.6100000000000114 0.1 0.0
1.6100000000000114 0.1 0.0
1.6100000000000114 0.1 0.0
1.6100000000000114 0.1 0.0
1.6100000000000114 0.1 0.0
1.6100000000000114 0.1 0.0
1.6100000000000114 0.1 0.0
1.6100000000000114 0.1 0.0
1.6100000000000114 0.1 0.0
1.6100000000000114 0.1 0.0
1.6100000000000114 0.1 0.0
1.6100000000000114 0.1 0.0
1.6100000000000114 0.1 0.0
1.6100000000000114 0.1 0.0
1.6100000000000114 0.1 0.0
1.6100000000000114 0.1 0.0
1.6100000000000114 0.1 0.0
1.6100000000000114 0.1 0.0
1.6100000000000114 0.1 0.0
1.6100000000000114 0.1 0.0
1.6100000000000114 0.1 0.0
1.6100000000000114 0.1 0.0
1.6100000000000114 0.1 0.0
1.6100000000000114 0.1 0.0
1.6100000000000114 0.1 0.0
1.6100000000000114 0.1 0.0
1.6100000000000114 0.1 0.0
1.6100000000000114 0.1 0.0
1.6100000000000114 0.1 0.0
1.6100000000000114 0.1 0.0
1.6100000000000114 0.1 0.0
1.6100000000000114 0.1 0.0
1.6100000000000114 0.1 0.0
1.6100000000000114 0.1 0.0
1.6100000000000114 0.1 0.0
1.6100000000000114 0.1 0.0
1.6100000000000114 0.1 0.0
1.6100000000000114 0.1 0.0
1.6101576676384954 0.1 6.345356101624323e-05
1.6106246064140057 0.1 0.0002465106205747605
1.6113917201166297 0.1 0.0005384556434818824
1.6124499125364546 0.1 0.000928892961266139
1.6137900874635684 0.1 0.001407746772178259
1.6154031486880585 0.1 0.00196526114119117
1.6172800000000118 0.1 0.0025919999999999997
1.6194115451895164 0.1 0.003278847147022074
1.6217886880466594 0.1 0.004017006247396917
1.6244023323615284 0.1 0.004798000832986255
1.6272433819242107 0.1 0.00561367430237401
1.630302740524794 0.1 0.006456189920866304
1.6335713119533657 0.1 0.007318030820491461
1.6370400000000132 0.1 0.008192
1.6406997084548238 0.1 0.00907122032486464
1.6445413411078853 0.1 0.009949134527280298
1.648555801749285 0.1 0.010819505206164096
1.6527339941691102 0.1 0.01167641482715535
1.6570668221574487 0.1 0.012514265722615575
1.6615451895043878 0.1 0.013327780091628487
1.6661600000000147 0.1 0.014112
1.6709021574344174 0.1 0.014862287380258223
1.675762565597683 0.1 0.015574324031653479
1.680732128279899 0.1 0.016244111620158264
1.685801749271153 0.1 0.016867971678467306
1.6909623323615324 0.1 0.0174425456059975
1.6962047813411245 0.1 0.01796479466888796
1.701520000000017 0.1 0.018431999999999997
1.7068988921282973 0.1 0.01884176259891711
1.7123323615160526 0.1 0.019192003331945026
1.7178113119533707 0.1 0.01948096293211162
1.723326647230339 0.1 0.019707201999167007
1.7288692711370448 0.1 0.0198696009995835
1.7344300874635759 0.1 0.019967360266555594
1.7400000000000193 0.1 0.01999999999999999
1.7455699125364628 0.1 0.0199673602665556
1.7511307288629938 0.1 0.0198696009995835
1.7566733527696996 0.1 0.019707201999167007
1.762188688046668 0.1 0.0194809629321116
1.767667638483986 0.1 0.019192003331945026
1.7731011078717414 0.1 0.018841762598917122
1.7784800000000216 0.1 0.018432000000000004
1.783795218658914 0.1 0.01796479466888795
1.7890376676385062 0.1 0.017442545605997506
1.7941982507288856 0.1 0.01686797167846729
1.7992678717201396 0.1 0.016244111620158264
1.8042374344023555 0.1 0.015574324031653486
1.8090978425656212 0.1 0.014862287380258216
1.8138400000000239 0.1 0.014112000000000013
1.8184548104956508 0.1 0.013327780091628494
1.82293317784259 0.1 0.012514265722615547
1.8272660058309285 0.1 0.01167641482715534
1.8314441982507537 0.1 0.01081950520616412
1.8354586588921533 0.1 0.009949134527280301
1.8393002915452148 0.1 0.009071220324864626
1.8429600000000255 0.1 0.008192000000000005
1.846428688046673 0.1 0.007318030820491456
1.8496972594752445 0.1 0.006456189920866273
1.8527566180758277 0.1 0.005613674302374
1.8555976676385102 0.1 0.004798000832986288
1.8582113119533792 0.1 0.004017006247396898
1.8605884548105223 0.1 0.0032788471470220903
1.8627200000000266 0.1 0.0025920000000000387
1.8645968513119802 0.1 0.001965261141191166
1.86620991253647 0.1 0.0014077467721782533
1.867550087463584 0.1 0.0009288929612661367
1.868608279883409 0.1 0.0005384556434818721
1.8693753935860329 0.1 0.00024651062057473583
1.8698423323615432 0.1 6.345356101622457e-05
1.8700000000000272 0.1 0.0
1.8700000000000272 0.1 0.0
1.8700000000000272 0.1 0.0
1.8700000000000272 0.1 0.0
1.8700000000000272 0.1 0.0
1.8700000000000272 0.1 0.0
1.8700000000000272 0.1 0.0
1.8700000000000272 0.1 0.0
1.8700000000000272 0.1 0.0
1.8700000000000272 0.1 0.0
1.8700000000000272 0.1 0.0
1.8700000000000272 0.1 0.0
1.8700000000000272 0.1 0.0
1.8700000000000272 0.1 0.0
1.8700000000000272 0.1 0.0
1.8700000000000272 0.1 0.0
1.8700000000000272 0.1 0.0
1.8700000000000272 0.1 0.0
1.8700000000000272 0.1 0.0
1.8700000000000272 0.1 0.0
1.8700000000000272 0.1 0.0
1.8700000000000272 0.1 0.0
1.8700000000000272 0.1 0.0
1.8700000000000272 0.1 0.0
1.8700000000000272 0.1 0.0
1.8700000000000272 0.1 0.0
1.8700000000000272 0.1 0.0
1.8700000000000272 0.1 0.0
1.8700000000000272 0.1 0.0
1.8700000000000272 0.1 0.0
1.8700000000000272 0.1 0.0
1.8700000000000272 0.1 0.0
1.8700000000000272 0.1 0.0
1.8700000000000272 0.1 0.0
1.8700000000000272 0.1 0.0
1.8700000000000272 0.1 0.0
1.8700000000000272 0.1 0.0
1.8700000000000272 0.1 0.0
1.8700000000000272 0.1 0.0
1.8700000000000272 0.1 0.0
1.8700000000000272 0.1 0.0
1.8700000000000272 0.1 0.0
1.8700000000000272 0.1 0.0
1.8700000000000272 0.1 0.0
1.8700000000000272 0.1 0.0
1.8700000000000272 0.1 0.0
1.8700000000000272 0.1 0.0
1.8700000000000272 0.1 0.0
1.8700000000000272 0.1 0.0
1.8700000000000272 0.1 0.0
1.8700000000000272 0.1 0.0
1.8700000000000272 0.1 0.0
1.8700000000000272 0.1 0.0
1.8700000000000272 0.1 0.0
1.8700000000000272 0.1 0.0
1.8700000000000272 0.1 0.0
1.8700000000000272 0.1 0.0
1.8700000000000272 0.1 0.0
1.8700000000000272 0.1 0.0
1.8700000000000272 0.1 0.0
1.8700000000000272 0.1 0.0
1.8700000000000272 0.1 0.0
1.8700000000000272 0.1 0.0
1.8700000000000272 0.1 0.0
1.8700000000000272 0.1 0.0
1.8700000000000272 0.1 0.0
1.8700000000000272 0.1 0.0
1.8700000000000272 0.1 0.0
1.8700000000000272 0.1 0.0
1.8700000000000272 0.1 0.0
1.8700000000000272 0.1 0.0
1.8700000000000272 0.1 0.0
1.8700000000000272 0.1 0.0
1.8700000000000272 0.1 0.0
1.8700000000000272 0.1 0.0
1.8700000000000272 0.1 0.0
1.8700000000000272 0.1 0.0
1.8700000000000272 0.1 0.0
1.8700000000000272 0.1 0.0
1.8700000000000272 0.1 0.0
1.8700000000000272 0.1 0.0
1.8700000000000272 0.1 0.0
1.8700000000000272 0.1 0.0
1.8700000000000272 0.1 0.0
1.8700000000000272 0.1 0.0
1.8700000000000272 0.1 0.0
1.8700000000000272 0.1 0.0
1.8700000000000272 0.1 0.0
1.8700000000000272 0.1 0.0
1.8700000000000272 0.1 0.0
1.8700000000000272 0.1 0.0
1.8700000000000272 0.1 0.0
1.8700000000000272 0.1 0.0
1.8700000000000272 0.1 0.0
1.8700000000000272 0.1 0.0
1.8700000000000272 0.1 0.0
1.8700000000000272 0.1 0.0
1.8700000000000272 0.1 0.0
1.8700000000000272 0.1 0.0
1.8700000000000272 0.1 0.0
1.8700000000000272 0.1 0.0
1.8700000000000272 0.1 0.0
1.8700000000000272 0.1 0.0
1.8700000000000272 0.1 0.0
1.8700000000000272 0.1 0.0
1.8700000000000272 0.1 0.0
1.8700000000000272 0.1 0.0
1.8700000000000272 0.1 0.0
1.8700000000000272 0.1 0.0
1.8700000000000272 0.1 0.0
1.8700000000000272 0.1 0.0
1.8700000000000272 0.1 0.0
1.8700000000000272 0.1 0.0
1.8700000000000272 0.1 0.0
1.8700000000000272 0.1 0.0
1.8700000000000272 0.1 0.0
1.8700000000000272 0.1 0.0
1.8700000000000272 0.1 0.0
1.8700000000000272 0.1 0.0
1.8700000000000272 0.1 0.0
1.8700000000000272 0.1 0.0
1.8700000000000272 0.1 0.0
1.8700000000000272 0.1 0.0
1.8700000000000272 0.1 0.0
1.8700000000000272 0.1 0.0
1.8700000000000272 0.1 0.0
1.8700000000000272 0.1 0.0
1.8700000000000272 0.1 0.0
1.8700000000000272 0.1 0.0
1.8700000000000272 0.1 0.0
1.8700000000000272 0.1 0.0
1.870121282798861 0.1 6.345356101624323e-05
1.8704804664723305 0.1 0.0002465106205747605
1.8710705539358872 0.1 0.0005384556434818824
1.8718845481049833 0.1 0.000928892961266139
1.8729154518950706 0.1 0.001407746772178259
1.874156268221601 0.1 0.00196526114119117
1.8756000000000266 0.1 0.0025919999999999997
1.877239650145799 0.1 0.003278847147022074
1.8790682215743701 0.1 0.004017006247396917
1.8810787172011922 0.1 0.004798000832986255
1.8832641399417167 0.1 0.00561367430237401
1.8856174927113958 0.1 0.006456189920866304
1.8881317784256813 0.1 0.007318030820491461
1.890800000000025 0.1 0.008192
1.8936151603498788 0.1 0.00907122032486464
1.8965702623906948 0.1 0.009949134527280298
1.8996583090379249 0.1 0.010819505206164096
1.9028723032070207 0.1 0.01167641482715535
1.9062052478134344 0.1 0.012514265722615575
1.9096501457726176 0.1 0.013327780091628487
1.9132000000000224 0.1 0.014112
1.9168478134111007 0.1 0.014862287380258223
1.9205865889213045 0.1 0.015574324031653479
1.9244093294460853 0.1 0.016244111620158264
1.9283090379008954 0.1 0.016867971678467306
1.9322787172011866 0.1 0.0174425456059975
1.9363113702624106 0.1 0.01796479466888796
1.9404000000000194 0.1 0.018431999999999997
1.944537609329465 0.1 0.01884176259891711
1.9487172011661993 0.1 0.019192003331945026
1.9529317784256741 0.1 0.01948096293211162
1.9571743440233411 0.1 0.019707201999167007
1.9614379008746528 0.1 0.0198696009995835
1.9657154518950604 0.1 0.019967360266555594
1.9700000000000162 0.1 0.01999999999999999
1.974284548104972 0.1 0.0199673602665556
1.9785620991253796 0.1 0.0198696009995835
1.9828256559766912 0.1 0.019707201999167007
1.9870682215743583 0.1 0.0194809629321116
1.991282798833833 0.1 0.019192003331945026
1.9954623906705673 0.1 0.018841762598917122
1.999600000000013 0.1 0.018432000000000004
2.003688629737622 0.1 0.01796479466888795
2.0077212827988458 0.1 0.017442545605997506
2.011690962099137 0.1 0.01686797167846729
2.015590670553947 0.1 0.016244111620158264
2.019413411078728 0.1 0.015574324031653486
2.0231521865889315 0.1 0.014862287380258216
2.02680000000001 0.1 0.014112000000000013
2.0303498542274148 0.1 0.013327780091628494
2.033794752186598 0.1 0.012514265722615547
2.0371276967930116 0.1 0.01167641482715534
2.0403416909621077 0.1 0.01081950520616412
2.0434297376093373 0.1 0.009949134527280301
2.0463848396501536 0.1 0.009071220324864626
2.0492000000000075 0.1 0.008192000000000005
2.051868221574351 0.1 0.007318030820491456
2.0543825072886364 0.1 0.006456189920866273
2.0567358600583154 0.1 0.005613674302374
2.05892128279884 0.1 0.004798000832986288
2.060931778425662 0.1 0.004017006247396898
2.0627603498542335 0.1 0.0032788471470220903
2.064400000000006 0.1 0.0025920000000000387
2.0658437317784313 0.1 0.001965261141191166
2.067084548104962 0.1 0.0014077467721782533
2.068115451895049 0.1 0.0009288929612661367
2.0689294460641454 0.1 0.0005384556434818721
2.069519533527702 0.1 0.00024651062057473583
2.0698787172011714 0.1 6.345356101622457e-05
2.070000000000005 0.1 0.0
2.070000000000005 0.1 0.0
2.070000000000005 0.1 0.0
2.070000000000005 0.1 0.0
2.070000000000005 0.1 0.0
2.070000000000005 0.1 0.0
2.070000000000005 0.1 0.0
2.070000000000005 0.1 0.0
2.070000000000005 0.1 0.0
2.070000000000005 0.1 0.0
2.070000000000005 0.1 0.0
2.070000000000005 0.1 0.0
2.070000000000005 0.1 0.0
2.070000000000005 0.1 0.0
2.070000000000005 0.1 0.0
2.070000000000005 0.1 0.0
2.070000000000005 0.1 0.0
2.070000000000005 0.1 0.0
2.070000000000005 0.1 0.0
2.070000000000005 0.1 0.0
2.070000000000005 0.1 0.0
2.070000000000005 0.1 0.0
2.070000000000005 0.1 0.0
2.070000000000005 0.1 0.0
2.070000000000005 0.1 0.0
2.070000000000005 0.1 0.0
2.070000000000005 0.1 0.0
2.070000000000005 0.1 0.0
2.070000000000005 0.1 0.0
2.070000000000005 0.1 0.0
2.070000000000005 0.1 0.0
2.070000000000005 0.1 0.0
2.070000000000005 0.1 0.0
2.070000000000005 0.1 0.0
2.070000000000005 0.1 0.0
2.070000000000005 0.1 0.0
2.070000000000005 0.1 0.0
2.070000000000005 0.1 0.0
2.070000000000005 0.1 0.0
2.070000000000005 0.1 0.0
2.070000000000005 0.1 0.0
2.070000000000005 0.1 0.0
2.070000000000005 0.1 0.0
2.070000000000005 0.1 0.0
2.070000000000005 0.1 0.0
2.070000000000005 0.1 0.0
2.070000000000005 0.1 0.0
2.070000000000005 0.1 0.0
2.070000000000005 0.1 0.0
2.070000000000005 0.1 0.0
2.070000000000005 0.1 0.0
2.070000000000005 0.1 0.0
2.070000000000005 0.1 0.0
2.070000000000005 0.1 0.0
2.070000000000005 0.1 0.0
2.070000000000005 0.1 0.0
2.070000000000005 0.1 0.0
2.070000000000005 0.1 0.0
2.070000000000005 0.1 0.0
2.070000000000005 0.1 0.0
2.070000000000005 0.1 0.0
2.070000000000005 0.1 0.0
2.070000000000005 0.1 0.0
2.070000000000005 0.1 0.0
2.070000000000005 0.1 0.0
2.070000000000005 0.1 0.0
2.070000000000005 0.1 0.0
2.070000000000005 0.1 0.0
2.070000000000005 0.1 0.0
2.070000000000005 0.1 0.0
2.070000000000005 0.1 0.0
2.070000000000005 0.1 0.0
2.070000000000005 0.1 0.0
2.070000000000005 0.1 0.0
2.070000000000005 0.1 0.0
2.070000000000005 0.1 0.0
2.070000000000005 0.1 0.0
2.070000000000005 0.1 0.0
2.070000000000005 0.1 0.0
2.070000000000005 0.1 0.0
2.070000000000005 0.1 0.0
2.070000000000005 0.1 0.0
2.070000000000005 0.1 0.0
2.070000000000005 0.1 0.0
2.070000000000005 0.1 0.0
2.070000000000005 0.1 0.0
2.070000000000005 0.1 0.0
2.070000000000005 0.1 0.0
2.070000000000005 0.1 0.0
2.070000000000005 0.1 0.0
2.070000000000005 0.1 0.0
2.070000000000005 0.1 0.0
2.070000000000005 0.1 0.0
2.070000000000005 0.1 0.0
2.070000000000005 0.1 0.0
2.070000000000005 0.1 0.0
2.070000000000005 0.1 0.0
2.070000000000005 0.1 0.0
2.070000000000005 0.1 0.0
2.070000000000005 0.1 0.0
2.070000000000005 0.1 0.0
2.070000000000005 0.1 0.0
2.070000000000005 0.1 0.0
2.070000000000005 0.1 0.0
2.070000000000005 0.1 0.0
2.070000000000005 0.1 0.0
2.070000000000005 0.1 0.0
2.070000000000005 0.1 0.0
2.070000000000005 0.1 0.0
2.070000000000005 0.1 0.0
2.070000000000005 0.1 0.0
2.070000000000005 0.1 0.0
2.070000000000005 0.1 0.0
2.070000000000005 0.1 0.0
2.070000000000005 0.1 0.0
2.070000000000005 0.1 0.0
2.070000000000005 0.1 0.0
2.070000000000005 0.1 0.0
2.070000000000005 0.1 0.0
2.070000000000005 0.1 0.0
2.070000000000005 0.1 0.0
2.070000000000005 0.1 0.0
2.070000000000005 0.1 0.0
2.070000000000005 0.1 0.0
2.070000000000005 0.1 0.0
2.070000000000005 0.1 0.0
2.070000000000005 0.1 0.0
2.070000000000005 0.1 0.0
2.070000000000005 0.1 0.0
2.070000000000005 0.1 0.0
2.070000000000005 0.1 0.0
2.070000000000005 0.1 6.345356101624323e-05
2.070000000000005 0.1 0.0002465106205747605
2.070000000000005 0.1 0.0005384556434818824
2.070000000000005 0.1 0.000928892961266139
2.070000000000005 0.1 0.001407746772178259
2.070000000000005 0.1 0.00196526114119117
2.070000000000005 0.1 0.0025919999999999997
2.070000000000005 0.1 0.003278847147022074
2.070000000000005 0.1 0.004017006247396917
2.070000000000005 0.1 0.004798000832986255
2.070000000000005 0.1 0.00561367430237401
2.070000000000005 0.1 0.006456189920866304
2.070000000000005 0.1 0.007318030820491461
2.070000000000005 0.1 0.008192
2.070000000000005 0.1 0.00907122032486464
2.070000000000005 0.1 0.009949134527280298
2.070000000000005 0.1 0.010819505206164096
2.070000000000005 0.1 0.01167641482715535
2.070000000000005 0.1 0.012514265722615575
2.070000000000005 0.1 0.013327780091628487
2.070000000000005 0.1 0.014112
2.070000000000005 0.1 0.014862287380258223
2.070000000000005 0.1 0.015574324031653479
2.070000000000005 0.1 0.016244111620158264
2.070000000000005 0.1 0.016867971678467306
2.070000000000005 0.1 0.0174425456059975
2.070000000000005 0.1 0.01796479466888796
2.070000000000005 0.1 0.018431999999999997
2.070000000000005 0.1 0.01884176259891711
2.070000000000005 0.1 0.019192003331945026
2.070000000000005 0.1 0.01948096293211162
2.070000000000005 0.1 0.019707201999167007
2.070000000000005 0.1 0.0198696009995835
2.070000000000005 0.1 0.019967360266555594
2.070000000000005 0.1 0.01999999999999999
2.070000000000005 0.1 0.0199673602665556
2.070000000000005 0.1 0.0198696009995835
2.070000000000005 0.1 0.019707201999167007
2.070000000000005 0.1 0.0194809629321116
2.070000000000005 0.1 0.019192003331945026
2.070000000000005 0.1 0.018841762598917122
2.070000000000005 0.1 0.018432000000000004
2.070000000000005 0.1 0.01796479466888795
2.070000000000005 0.1 0.017442545605997506
2.070000000000005 0.1 0.01686797167846729
2.070000000000005 0.1 0.016244111620158264
2.070000000000005 0.1 0.015574324031653486
2.070000000000005 0.1 0.014862287380258216
2.070000000000005 0.1 0.014112000000000013
2.070000000000005 0.1 0.013327780091628494
2.070000000000005 0.1 0.012514265722615547
2.070000000000005 0.1 0.01167641482715534
2.070000000000005 0.1 0.01081950520616412
2.070000000000005 0.1 0.009949134527280301
2.070000000000005 0.1 0.009071220324864626
2.070000000000005 0.1 0.008192000000000005
2.070000000000005 0.1 0.007318030820491456
2.070000000000005 0.1 0.006456189920866273
2.070000000000005 0.1 0.005613674302374
2.070000000000005 0.1 0.004798000832986288
2.070000000000005 0.1 0.004017006247396898
2.070000000000005 0.1 0.0032788471470220903
2.070000000000005 0.1 0.0025920000000000387
2.070000000000005 0.1 0.001965261141191166
2.070000000000005 0.1 0.0014077467721782533
2.070000000000005 0.1 0.0009288929612661367
2.070000000000005 0.1 0.0005384556434818721
2.070000000000005 0.1 0.00024651062057473583
2.070000000000005 0.1 6.345356101622457e-05
2.070000000000005 0.1 0.0
2.070000000000005 0.1 0.0
2.070000000000005 0.1 0.0
2.070000000000005 0.1 0.0
2.070000000000005 0.1 0.0
2.070000000000005 0.1 0.0
2.070000000000005 0.1 0.0
2.070000000000005 0.1 0.0
2.070000000000005 0.1 0.0
2.070000000000005 0.1 0.0
2.070000000000005 0.1 0.0
2.070000000000005 0.1 0.0
2.070000000000005 0.1 0.0
2.070000000000005 0.1 0.0
2.070000000000005 0.1 0.0
2.070000000000005 0.1 0.0
2.070000000000005 0.1 0.0
2.070000000000005 0.1 0.0
2.070000000000005 0.1 0.0
2.070000000000005 0.1 0.0
2.070000000000005 0.1 0.0
2.070000000000005 0.1 0.0
2.070000000000005 0.1 0.0
2.070000000000005 0.1 0.0
2.070000000000005 0.1 0.0
2.070000000000005 0.1 0.0
2.070000000000005 0.1 0.0
2.070000000000005 0.1 0.0
2.070000000000005 0.1 0.0
2.070000000000005 0.1 0.0
2.070000000000005 0.1 0.0
2.070000000000005 0.1 0.0
2.070000000000005 0.1 0.0
2.070000000000005 0.1 0.0
2.070000000000005 0.1 0.0
2.070000000000005 0.1 0.0
2.070000000000005 0.1 0.0
2.070000000000005 0.1 0.0
2.070000000000005 0.1 0.0
2.070000000000005 0.1 0.0
2.070000000000005 0.1 0.0
2.070000000000005 0.1 0.0
2.070000000000005 0.1 0.0
2.070000000000005 0.1 0.0
2.070000000000005 0.1 0.0
2.070000000000005 0.1 0.0
2.070000000000005 0.1 0.0
2.070000000000005 0.1 0.0
2.070000000000005 0.1 0.0
2.070000000000005 0.1 0.0
2.070000000000005 0.1 0.0
2.070000000000005 0.1 0.0
2.070000000000005 0.1 0.0
2.070000000000005 0.1 0.0
2.070000000000005 0.1 0.0
2.070000000000005 0.1 0.0
2.070000000000005 0.1 0.0
2.070000000000005 0.1 0.0
2.070000000000005 0.1 0.0
2.070000000000005 0.1 0.0
2.070000000000005 0.1 0.0
2.070000000000005 0.1 0.0
2.070000000000005 0.1 0.0
2.070000000000005 0.1 0.0
2.070000000000005 0.1 0.0
2.070000000000005 0.1 0.0
2.070000000000005 0.1 0.0
2.070000000000005 0.1 0.0
2.070000000000005 0.1 0.0
2.070000000000005 0.1 0.0
2.070000000000005 0.1 0.0
2.070000000000005 0.1 0.0
2.070000000000005 0.1 0.0
2.070000000000005 0.1 0.0
2.070000000000005 0.1 0.0
2.070000000000005 0.1 0.0
2.070000000000005 0.1 0.0
2.070000000000005 0.1 0.0
2.070000000000005 0.1 0.0
2.070000000000005 0.1 0.0
2.070000000000005 0.1 0.0
2.070000000000005 0.1 0.0
2.070000000000005 0.1 0.0
2.070000000000005 0.1 0.0
2.070000000000005 0.1 0.0
2.070000000000005 0.1 0.0
2.070000000000005 0.1 0.0
2.070000000000005 0.1 0.0
2.070000000000005 0.1 0.0
2.070000000000005 0.1 0.0
2.070000000000005 0.1 0.0
2.070000000000005 0.1 0.0
2.070000000000005 0.1 0.0
2.070000000000005 0.1 0.0
2.070000000000005 0.1 0.0
2.070000000000005 0.1 0.0
2.070000000000005 0.1 0.0
2.070000000000005 0.1 0.0
2.070000000000005 0.1 0.0
2.070000000000005 0.1 0.0
2.070000000000005 0.1 0.0
2.070000000000005 0.1 0.0
2.070000000000005 0.1 0.0
2.070000000000005 0.1 0.0
2.070000000000005 0.1 0.0
2.070000000000005 0.1 0.0
2.070000000000005 0.1 0.0
2.070000000000005 0.1 0.0
2.070000000000005 0.1 0.0
2.070000000000005 0.1 0.0
2.070000000000005 0.1 0.0
2.070000000000005 0.1 0.0
2.070000000000005 0.1 0.0
2.070000000000005 0.1 0.0
2.070000000000005 0.1 0.0
2.070000000000005 0.1 0.0
2.070000000000005 0.1 0.0
2.070000000000005 0.1 0.0
2.070000000000005 0.1 0.0
2.070000000000005 0.1 0.0
2.070000000000005 0.1 0.0
2.070000000000005 0.1 0.0
2.070000000000005 0.1 0.0
2.070000000000005 0.1 0.0
2.070000000000005 0.1 0.0
2.070000000000005 0.1 0.0
2.070000000000005 0.1 0.0
2.070000000000005 0.1 0.0
2.070000000000005 0.1 0.0
2.070000000000005 0.1 0.0
