1.0310923973763693e-17 -0.10163857612916291 -1.3877787807814457e-17
1.0310923973763693e-17 -0.10163857612916291 -1.3877787807814457e-17
1.0310923973763693e-17 -0.10163857612916291 -1.3877787807814457e-17
1.0310923973763693e-17 -0.10163857612916291 -1.3877787807814457e-17
1.0310923973763693e-17 -0.10163857612916291 -1.3877787807814457e-17
1.0310923973763693e-17 -0.10163857612916291 -1.3877787807814457e-17
1.0310923973763693e-17 -0.10163857612916291 -1.3877787807814457e-17
1.0310923973763693e-17 -0.10163857612916291 -1.3877787807814457e-17
1.0310923973763693e-17 -0.10163857612916291 -1.3877787807814457e-17
1.0310923973763693e-17 -0.10163857612916291 -1.3877787807814457e-17
1.0310923973763693e-17 -0.10163857612916291 -1.3877787807814457e-17
1.0310923973763693e-17 -0.10163857612916291 -1.3877787807814457e-17
1.0310923973763693e-17 -0.10163857612916291 -1.3877787807814457e-17
1.0310923973763693e-17 -0.10163857612916291 -1.3877787807814457e-17
1.0310923973763693e-17 -0.10163857612916291 -1.3877787807814457e-17
1.0310923973763693e-17 -0.10163857612916291 -1.3877787807814457e-17
1.0310923973763693e-17 -0.10163857612916291 -1.3877787807814457e-17
1.0310923973763693e-17 -0.10163857612916291 -1.3877787807814457e-17
1.0310923973763693e-17 -0.10163857612916291 -1.3877787807814457e-17
1.0310923973763693e-17 -0.10163857612916291 -1.3877787807814457e-17
1.0310923973763693e-17 -0.10163857612916291 -1.3877787807814457e-17
1.0310923973763693e-17 -0.10163857612916291 -1.3877787807814457e-17
1.0310923973763693e-17 -0.10163857612916291 -1.3877787807814457e-17
1.0310923973763693e-17 -0.10163857612916291 -1.3877787807814457e-17
1.0310923973763693e-17 -0.10163857612916291 -1.3877787807814457e-17
1.0310923973763693e-17 -0.10163857612916291 -1.3877787807814457e-17
1.0310923973763693e-17 -0.10163857612916291 -1.3877787807814457e-17
1.0310923973763693e-17 -0.10163857612916291 -1.3877787807814457e-17
1.0310923973763693e-17 -0.10163857612916291 -1.3877787807814457e-17
1.0310923973763693e-17 -0.10163857612916291 -1.3877787807814457e-17
1.0310923973763693e-17 -0.10163857612916291 -1.3877787807814457e-17
1.0310923973763693e-17 -0.10163857612916291 -1.3877787807814457e-17
1.0310923973763693e-17 -0.10163857612916291 -1.3877787807814457e-17
1.0310923973763693e-17 -0.10163857612916291 -1.3877787807814457e-17
1.0310923973763693e-17 -0.10163857612916291 -1.3877787807814457e-17
1.0310923973763693e-17 -0.10163857612916291 -1.3877787807814457e-17
1.0310923973763693e-17 -0.10163857612916291 -1.3877787807814457e-17
1.0310923973763693e-17 -0.10163857612916291 -1.3877787807814457e-17
1.0310923973763693e-17 -0.10163857612916291 -1.3877787807814457e-17
1.0310923973763693e-17 -0.10163857612916291 -1.3877787807814457e-17
1.0310923973763693e-17 -0.10163857612916291 -1.3877787807814457e-17
1.0310923973763693e-17 -0.10163857612916291 -1.3877787807814457e-17
1.0310923973763693e-17 -0.10163857612916291 -1.3877787807814457e-17
1.0310923973763693e-17 -0.10163857612916291 -1.3877787807814457e-17
1.0310923973763693e-17 -0.10163857612916291 -1.3877787807814457e-17
1.0310923973763693e-17 -0.10163857612916291 -1.3877787807814457e-17
1.0310923973763693e-17 -0.10163857612916291 -1.3877787807814457e-17
1.0310923973763693e-17 -0.10163857612916291 -1.3877787807814457e-17
1.0310923973763693e-17 -0.10163857612916291 -1.3877787807814457e-17
1.0310923973763693e-17 -0.10163857612916291 -1.3877787807814457e-17
1.0310923973763693e-17 -0.10163857612916291 -1.3877787807814457e-17
1.0310923973763693e-17 -0.10163857612916291 -1.3877787807814457e-17
1.0310923973763693e-17 -0.10163857612916291 -1.3877787807814457e-17
1.0310923973763693e-17 -0.10163857612916291 -1.3877787807814457e-17
1.0310923973763693e-17 -0.10163857612916291 -1.3877787807814457e-17
1.0310923973763693e-17 -0.10163857612916291 -1.3877787807814457e-17
1.0310923973763693e-17 -0.10163857612916291 -1.3877787807814457e-17
1.0310923973763693e-17 -0.10163857612916291 -1.3877787807814457e-17
1.0310923973763693e-17 -0.10163857612916291 -1.3877787807814457e-17
1.0310923973763693e-17 -0.10163857612916291 -1.3877787807814457e-17
1.0310923973763693e-17 -0.10163857612916291 -1.3877787807814457e-17
1.0310923973763693e-17 -0.10163857612916291 -1.3877787807814457e-17
1.0310923973763693e-17 -0.10163857612916291 -1.3877787807814457e-17
1.0310923973763693e-17 -0.10163857612916291 -1.3877787807814457e-17
1.0310923973763693e-17 -0.10163857612916291 -1.3877787807814457e-17
1.0310923973763693e-17 -0.10163857612916291 -1.3877787807814457e-17
1.0310923973763693e-17 -0.10163857612916291 -1.3877787807814457e-17
1.0310923973763693e-17 -0.10163857612916291 -1.3877787807814457e-17
1.0310923973763693e-17 -0.10163857612916291 -1.3877787807814457e-17
1.0310923973763693e-17 -0.10163857612916291 -1.3877787807814457e-17
1.0310923973763693e-17 -0.10163857612916291 -1.3877787807814457e-17
1.0310923973763693e-17 -0.10163857612916291 -1.3877787807814457e-17
1.0310923973763693e-17 -0.10163857612916291 -1.3877787807814457e-17
1.0310923973763693e-17 -0.10163857612916291 -1.3877787807814457e-17
1.0310923973763693e-17 -0.10163857612916291 -1.3877787807814457e-17
1.0310923973763693e-17 -0.10163857612916291 -1.3877787807814457e-17
1.0310923973763693e-17 -0.10163857612916291 -1.3877787807814457e-17
1.0310923973763693e-17 -0.10163857612916291 -1.3877787807814457e-17
1.0310923973763693e-17 -0.10163857612916291 -1.3877787807814457e-17
1.0310923973763693e-17 -0.10163857612916291 -1.3877787807814457e-17
1.0310923973763693e-17 -0.10163857612916291 -1.3877787807814457e-17
1.0310923973763693e-17 -0.10163857612916291 -1.3877787807814457e-17
1.0310923973763693e-17 -0.10163857612916291 -1.3877787807814457e-17
1.0310923973763693e-17 -0.10163857612916291 -1.3877787807814457e-17
1.0310923973763693e-17 -0.10163857612916291 -1.3877787807814457e-17
1.0310923973763693e-17 -0.10163857612916291 -1.3877787807814457e-17
1.0310923973763693e-17 -0.10163857612916291 -1.3877787807814457e-17
1.0310923973763693e-17 -0.10163857612916291 -1.3877787807814457e-17
1.0310923973763693e-17 -0.10163857612916291 -1.3877787807814457e-17
1.0310923973763693e-17 -0.10163857612916291 -1.3877787807814457e-17
1.0310923973763693e-17 -0.10163857612916291 -1.3877787807814457e-17
1.0310923973763693e-17 -0.10163857612916291 -1.3877787807814457e-17
1.0310923973763693e-17 -0.10163857612916291 -1.3877787807814457e-17
1.0310923973763693e-17 -0.10163857612916291 -1.3877787807814457e-17
1.0310923973763693e-17 -0.10163857612916291 -1.3877787807814457e-17
1.0310923973763693e-17 -0.10163857612916291 -1.3877787807814457e-17
1.0310923973763693e-17 -0.10163857612916291 -1.3877787807814457e-17
1.0310923973763693e-17 -0.10163857612916291 -1.3877787807814457e-17
1.0310923973763693e-17 -0.10163857612916291 -1.3877787807814457e-17
1.0310923973763693e-17 -0.10163857612916291 -1.3877787807814457e-17
1.0310923973763693e-17 -0.10163857612916291 -1.3877787807814457e-17
1.0310923973763693e-17 -0.10163857612916291 -1.3877787807814457e-17
1.0310923973763693e-17 -0.10163857612916291 -1.3877787807814457e-17
1.0310923973763693e-17 -0.10163857612916291 -1.3877787807814457e-17
1.0310923973763693e-17 -0.10163857612916291 -1.3877787807814457e-17
1.0310923973763693e-17 -0.10163857612916291 -1.3877787807814457e-17
1.0310923973763693e-17 -0.10163857612916291 -1.3877787807814457e-17
1.0310923973763693e-17 -0.10163857612916291 -1.3877787807814457e-17
1.0310923973763693e-17 -0.10163857612916291 -1.3877787807814457e-17
1.0310923973763693e-17 -0.10163857612916291 -1.3877787807814457e-17
1.0310923973763693e-17 -0.10163857612916291 -1.3877787807814457e-17
1.0310923973763693e-17 -0.10163857612916291 -1.3877787807814457e-17
1.0310923973763693e-17 -0.10163857612916291 -1.3877787807814457e-17
1.0310923973763693e-17 -0.10163857612916291 -1.3877787807814457e-17
1.0310923973763693e-17 -0.10163857612916291 -1.3877787807814457e-17
1.0310923973763693e-17 -0.10163857612916291 -1.3877787807814457e-17
1.0310923973763693e-17 -0.10163857612916291 -1.3877787807814457e-17
1.0310923973763693e-17 -0.10163857612916291 -1.3877787807814457e-17
1.0310923973763693e-17 -0.10163857612916291 -1.3877787807814457e-17
1.0310923973763693e-17 -0.10163857612916291 -1.3877787807814457e-17
1.0310923973763693e-17 -0.10163857612916291 -1.3877787807814457e-17
1.0310923973763693e-17 -0.10163857612916291 -1.3877787807814457e-17
1.0310923973763693e-17 -0.10163857612916291 -1.3877787807814457e-17
1.0310923973763693e-17 -0.10163857612916291 -1.3877787807814457e-17
1.0310923973763693e-17 -0.10163857612916291 -1.3877787807814457e-17
1.0310923973763693e-17 -0.10163857612916291 -1.3877787807814457e-17
1.0310923973763693e-17 -0.10163857612916291 -1.3877787807814457e-17
1.0310923973763693e-17 -0.10163857612916291 -1.3877787807814457e-17
1.0310923973763693e-17 -0.10163857612916291 -1.3877787807814457e-17
1.0310923973763693e-17 -0.10163857612916291 -1.3877787807814457e-17
1.0310923973763693e-17 -0.10163857612916291 -1.3877787807814457e-17
1.0310923973763693e-17 -0.10163857612916291 -1.3877787807814457e-17
1.0310923973763693e-17 -0.10163857612916291 -1.3877787807814457e-17
1.0310923973763693e-17 -0.10163857612916291 -1.3877787807814457e-17
1.0310923973763693e-17 -0.10163857612916291 -1.3877787807814457e-17
1.0310923973763693e-17 -0.10163857612916291 -1.3877787807814457e-17
1.0310923973763693e-17 -0.10163857612916291 -1.3877787807814457e-17
1.0310923973763693e-17 -0.10163857612916291 -1.3877787807814457e-17
1.0310923973763693e-17 -0.10163857612916291 -1.3877787807814457e-17
1.0310923973763693e-17 -0.10163857612916291 -1.3877787807814457e-17
1.0310923973763693e-17 -0.10163857612916291 -1.3877787807814457e-17
1.0310923973763693e-17 -0.10163857612916291 -1.3877787807814457e-17
1.0310923973763693e-17 -0.10163857612916291 -1.3877787807814457e-17
1.0310923973763693e-17 -0.10163857612916291 -1.3877787807814457e-17
1.0310923973763693e-17 -0.10163857612916291 -1.3877787807814457e-17
1.0310923973763693e-17 -0.10163857612916291 -1.3877787807814457e-17
1.0310923973763693e-17 -0.10163857612916291 -1.3877787807814457e-17
1.0310923973763693e-17 -0.10163857612916291 -1.3877787807814457e-17
1.0310923973763693e-17 -0.10163857612916291 -1.3877787807814457e-17
1.0310923973763693e-17 -0.10163857612916291 -1.3877787807814457e-17
1.0310923973763693e-17 -0.10163857612916291 -1.3877787807814457e-17
1.0310923973763693e-17 -0.10163857612916291 -1.3877787807814457e-17
1.0310923973763693e-17 -0.10163857612916291 -1.3877787807814457e-17
1.0310923973763693e-17 -0.10163857612916291 -1.3877787807814457e-17
1.0310923973763693e-17 -0.10163857612916291 -1.3877787807814457e-17
1.0310923973763693e-17 -0.10163857612916291 -1.3877787807814457e-17
1.0310923973763693e-17 -0.10163857612916291 -1.3877787807814457e-17
1.0310923973763693e-17 -0.10163857612916291 -1.3877787807814457e-17
1.0310923973763693e-17 -0.10163857612916291 -1.3877787807814457e-17
1.0310923973763693e-17 -0.10163857612916291 -1.3877787807814457e-17
1.0310923973763693e-17 -0.10163857612916291 -1.3877787807814457e-17
1.0310923973763693e-17 -0.10163857612916291 -1.3877787807814457e-17
1.0310923973763693e-17 -0.10163857612916291 -1.3877787807814457e-17
1.0310923973763693e-17 -0.10163857612916291 -1.3877787807814457e-17
1.0310923973763693e-17 -0.10163857612916291 -1.3877787807814457e-17
1.0310923973763693e-17 -0.10163857612916291 -1.3877787807814457e-17
1.0310923973763693e-17 -0.10163857612916291 -1.3877787807814457e-17
1.0310923973763693e-17 -0.10163857612916291 -1.3877787807814457e-17
1.0310923973763693e-17 -0.10163857612916291 -1.3877787807814457e-17
1.0310923973763693e-17 -0.10163857612916291 -1.3877787807814457e-17
1.0310923973763693e-17 -0.10163857612916291 -1.3877787807814457e-17
1.0310923973763693e-17 -0.10163857612916291 -1.3877787807814457e-17
1.0310923973763693e-17 -0.10163857612916291 -1.3877787807814457e-17
1.0310923973763693e-17 -0.10163857612916291 -1.3877787807814457e-17
1.0310923973763693e-17 -0.10163857612916291 -1.3877787807814457e-17
1.0310923973763693e-17 -0.10163857612916291 -1.3877787807814457e-17
1.0310923973763693e-17 -0.10163857612916291 -1.3877787807814457e-17
1.0310923973763693e-17 -0.10163857612916291 -1.3877787807814457e-17
1.0310923973763693e-17 -0.10163857612916291 -1.3877787807814457e-17
1.0310923973763693e-17 -0.10163857612916291 -1.3877787807814457e-17
1.0310923973763693e-17 -0.10163857612916291 -1.3877787807814457e-17
1.0310923973763693e-17 -0.10163857612916291 -1.3877787807814457e-17
1.0310923973763693e-17 -0.10163857612916291 -1.3877787807814457e-17
1.0310923973763693e-17 -0.10163857612916291 -1.3877787807814457e-17
1.0310923973763693e-17 -0.10163857612916291 -1.3877787807814457e-17
1.0310923973763693e-17 -0.10163857612916291 -1.3877787807814457e-17
1.0310923973763693e-17 -0.10163857612916291 -1.3877787807814457e-17
1.0310923973763693e-17 -0.10163857612916291 -1.3877787807814457e-17
1.0310923973763693e-17 -0.10163857612916291 -1.3877787807814457e-17
1.0310923973763693e-17 -0.10163857612916291 -1.3877787807814457e-17
1.0310923973763693e-17 -0.10163857612916291 -1.3877787807814457e-17
1.0310923973763693e-17 -0.10163857612916291 -1.3877787807814457e-17
1.0310923973763693e-17 -0.10163857612916291 -1.3877787807814457e-17
1.0310923973763693e-17 -0.10163857612916291 -1.3877787807814457e-17
1.0310923973763693e-17 -0.10163857612916291 -1.3877787807814457e-17
1.0310923973763693e-17 -0.10163857612916291 -1.3877787807814457e-17
1.0310923973763693e-17 -0.10163857612916291 -1.3877787807814457e-17
1.0310923973763693e-17 -0.10163857612916291 -1.3877787807814457e-17
1.0310923973763693e-17 -0.10163857612916291 -1.3877787807814457e-17
1.0310923973763693e-17 -0.10163857612916291 -1.3877787807814457e-17
1.0310923973763693e-17 -0.1 0.0
1.0310923973763693e-17 -0.1 0.0
1.0310923973763693e-17 -0.1 0.0
1.0310923973763693e-17 -0.1 0.0
1.0310923973763693e-17 -0.1 0.0
1.0310923973763693e-17 -0.1 0.0
1.0310923973763693e-17 -0.1 0.0
1.0310923973763693e-17 -0.1 0.0
1.0310923973763693e-17 -0.1 0.0
1.0310923973763693e-17 -0.1 0.0
1.0310923973763693e-17 -0.1 0.0
1.0310923973763693e-17 -0.1 0.0
1.0310923973763693e-17 -0.1 0.0
1.0310923973763693e-17 -0.1 0.0
1.0310923973763693e-17 -0.1 0.0
1.0310923973763693e-17 -0.1 0.0
1.0310923973763693e-17 -0.1 0.0
1.0310923973763693e-17 -0.1 0.0
1.0310923973763693e-17 -0.1 0.0
1.0310923973763693e-17 -0.1 0.0
1.0310923973763693e-17 -0.1 0.0
1.0310923973763693e-17 -0.1 0.0
1.0310923973763693e-17 -0.1 0.0
1.0310923973763693e-17 -0.1 0.0
1.0310923973763693e-17 -0.1 0.0
1.0310923973763693e-17 -0.1 0.0
1.0310923973763693e-17 -0.1 0.0
1.0310923973763693e-17 -0.1 0.0
1.0310923973763693e-17 -0.1 0.0
1.0310923973763693e-17 -0.1 0.0
1.0310923973763693e-17 -0.1 0.0
1.0310923973763693e-17 -0.1 0.0
1.0310923973763693e-17 -0.1 0.0
1.0310923973763693e-17 -0.1 0.0
1.0310923973763693e-17 -0.1 0.0
1.0310923973763693e-17 -0.1 0.0
1.0310923973763693e-17 -0.1 0.0
1.0310923973763693e-17 -0.1 0.0
1.0310923973763693e-17 -0.1 0.0
1.0310923973763693e-17 -0.1 0.0
1.0310923973763693e-17 -0.1 0.0
1.0310923973763693e-17 -0.1 0.0
1.0310923973763693e-17 -0.1 0.0
1.0310923973763693e-17 -0.1 0.0
1.0310923973763693e-17 -0.1 0.0
1.0310923973763693e-17 -0.1 0.0
1.0310923973763693e-17 -0.1 0.0
1.0310923973763693e-17 -0.1 0.0
1.0310923973763693e-17 -0.1 0.0
1.0310923973763693e-17 -0.1 0.0
1.0310923973763693e-17 -0.1 0.0
1.0310923973763693e-17 -0.1 0.0
1.0310923973763693e-17 -0.1 0.0
1.0310923973763693e-17 -0.1 0.0
1.0310923973763693e-17 -0.1 0.0
1.0310923973763693e-17 -0.1 0.0
1.0310923973763693e-17 -0.1 0.0
1.0310923973763693e-17 -0.1 0.0
1.0310923973763693e-17 -0.1 0.0
1.0310923973763693e-17 -0.1 0.0
1.0310923973763693e-17 -0.1 0.0
1.0310923973763693e-17 -0.1 0.0
1.0310923973763693e-17 -0.1 0.0
1.0310923973763693e-17 -0.1 0.0
1.0310923973763693e-17 -0.1 0.0
1.0310923973763693e-17 -0.1 0.0
1.0310923973763693e-17 -0.1 0.0
1.0310923973763693e-17 -0.1 0.0
1.0310923973763693e-17 -0.1 0.0
1.0310923973763693e-17 -0.1 0.0
1.0310923973763693e-17 -0.1 0.0
1.0310923973763693e-17 -0.1 0.0
1.0310923973763693e-17 -0.1 0.0
1.0310923973763693e-17 -0.1 0.0
1.0310923973763693e-17 -0.1 0.0
1.0310923973763693e-17 -0.1 0.0
1.0310923973763693e-17 -0.1 0.0
1.0310923973763693e-17 -0.1 0.0
1.0310923973763693e-17 -0.1 0.0
1.0310923973763693e-17 -0.1 0.0
1.0310923973763693e-17 -0.1 0.0
1.0310923973763693e-17 -0.1 0.0
1.0310923973763693e-17 -0.1 0.0
1.0310923973763693e-17 -0.1 0.0
1.0310923973763693e-17 -0.1 0.0
1.0310923973763693e-17 -0.1 0.0
1.0310923973763693e-17 -0.1 0.0
1.0310923973763693e-17 -0.1 0.0
1.0310923973763693e-17 -0.1 0.0
1.0310923973763693e-17 -0.1 0.0
1.0310923973763693e-17 -0.1 0.0
1.0310923973763693e-17 -0.1 0.0
1.0310923973763693e-17 -0.1 0.0
1.0310923973763693e-17 -0.1 0.0
1.0310923973763693e-17 -0.1 0.0
1.0310923973763693e-17 -0.1 0.0
1.0310923973763693e-17 -0.1 0.0
1.0310923973763693e-17 -0.1 0.0
1.0310923973763693e-17 -0.1 0.0
1.0310923973763693e-17 -0.1 0.0
1.0310923973763693e-17 -0.1 0.0
0.00018192419825073929 -0.1 6.345356101624323e-05
0.0007206997084548213 -0.1 0.0002465106205747605
0.0016058309037900991 -0.1 0.0005384556434818824
0.0028268221574344146 -0.1 0.000928892961266139
0.004373177842565611 -0.1 0.001407746772178259
0.006234402332361531 -0.1 0.00196526114119117
0.008400000000000015 -0.1 0.0025919999999999997
0.010859475218658909 -0.1 0.003278847147022074
0.013602332361516055 -0.1 0.004017006247396917
0.01661807580174929 -0.1 0.004798000832986255
0.019896209912536465 -0.1 0.00561367430237401
0.02342623906705542 -0.1 0.006456189920866304
0.027197667638483993 -0.1 0.007318030820491461
0.03120000000000003 -0.1 0.008192
0.03542274052478137 -0.1 0.00907122032486464
0.039855393586005865 -0.1 0.009949134527280298
0.04448746355685135 -0.1 0.010819505206164096
0.049308454810495665 -0.1 0.01167641482715535
0.05430787172011666 -0.1 0.012514265722615575
0.05947521865889218 -0.1 0.013327780091628487
0.06480000000000005 -0.1 0.014112
0.07027172011661814 -0.1 0.014862287380258223
0.07587988338192428 -0.1 0.015574324031653479
0.08161399416909627 -0.1 0.016244111620158264
0.08746355685131202 -0.1 0.016867971678467306
0.09341807580174935 -0.1 0.0174425456059975
0.09946705539358608 -0.1 0.01796479466888796
0.10560000000000008 -0.1 0.018431999999999997
0.11180641399416917 -0.1 0.01884176259891711
0.11807580174927122 -0.1 0.019192003331945026
0.12439766763848405 -0.1 0.01948096293211162
0.1307615160349855 -0.1 0.019707201999167007
0.13715685131195346 -0.1 0.0198696009995835
0.14357317784256568 -0.1 0.019967360266555594
0.1500000000000001 -0.1 0.01999999999999999
0.1564268221574345 -0.1 0.0199673602665556
0.16284314868804672 -0.1 0.0198696009995835
0.16923848396501467 -0.1 0.019707201999167007
0.17560233236151615 -0.1 0.0194809629321116
0.181924198250729 -0.1 0.019192003331945026
0.18819358600583103 -0.1 0.018841762598917122
0.1944000000000001 -0.1 0.018432000000000004
0.2005329446064141 -0.1 0.01796479466888795
0.2065819241982509 -0.1 0.017442545605997506
0.21253644314868814 -0.1 0.01686797167846729
0.21838600583090395 -0.1 0.016244111620158264
0.2241201166180759 -0.1 0.015574324031653486
0.2297282798833821 -0.1 0.014862287380258216
0.23520000000000013 -0.1 0.014112000000000013
0.240524781341108 -0.1 0.013327780091628494
0.24569212827988351 -0.1 0.012514265722615547
0.2506915451895045 -0.1 0.01167641482715534
0.2555125364431488 -0.1 0.01081950520616412
0.26014460641399434 -0.1 0.009949134527280301
0.2645772594752188 -0.1 0.009071220324864626
0.26880000000000015 -0.1 0.008192000000000005
0.27280233236151624 -0.1 0.007318030820491456
0.2765737609329447 -0.1 0.006456189920866273
0.28010379008746367 -0.1 0.005613674302374
0.2833819241982508 -0.1 0.004798000832986288
0.28639766763848407 -0.1 0.004017006247396898
0.2891405247813412 -0.1 0.0032788471470220903
0.29160000000000014 -0.1 0.0025920000000000387
0.29376559766763866 -0.1 0.001965261141191166
0.2956268221574345 -0.1 0.0014077467721782533
0.2971731778425658 -0.1 0.0009288929612661367
0.29839416909621014 -0.1 0.0005384556434818721
0.2992793002915453 -0.1 0.00024651062057473583
0.29981807580174935 -0.1 6.345356101622457e-05
0.3000000000000002 -0.1 0.0
0.3000000000000002 -0.1 0.0
0.3000000000000002 -0.1 0.0
0.3000000000000002 -0.1 0.0
0.3000000000000002 -0.1 0.0
0.3000000000000002 -0.1 0.0
0.3000000000000002 -0.1 0.0
0.3000000000000002 -0.1 0.0
0.3000000000000002 -0.1 0.0
0.3000000000000002 -0.1 0.0
0.3000000000000002 -0.1 0.0
0.3000000000000002 -0.1 0.0
0.3000000000000002 -0.1 0.0
0.3000000000000002 -0.1 0.0
0.3000000000000002 -0.1 0.0
0.3000000000000002 -0.1 0.0
0.3000000000000002 -0.1 0.0
0.3000000000000002 -0.1 0.0
0.3000000000000002 -0.1 0.0
0.3000000000000002 -0.1 0.0
0.3000000000000002 -0.1 0.0
0.3000000000000002 -0.1 0.0
0.3000000000000002 -0.1 0.0
0.3000000000000002 -0.1 0.0
0.3000000000000002 -0.1 0.0
0.3000000000000002 -0.1 0.0
0.3000000000000002 -0.1 0.0
0.3000000000000002 -0.1 0.0
0.3000000000000002 -0.1 0.0
0.3000000000000002 -0.1 0.0
0.3000000000000002 -0.1 0.0
0.3000000000000002 -0.1 0.0
0.3000000000000002 -0.1 0.0
0.3000000000000002 -0.1 0.0
0.3000000000000002 -0.1 0.0
0.3000000000000002 -0.1 0.0
0.3000000000000002 -0.1 0.0
0.3000000000000002 -0.1 0.0
0.3000000000000002 -0.1 0.0
0.3000000000000002 -0.1 0.0
0.3000000000000002 -0.1 0.0
0.3000000000000002 -0.1 0.0
0.3000000000000002 -0.1 0.0
0.3000000000000002 -0.1 0.0
0.3000000000000002 -0.1 0.0
0.3000000000000002 -0.1 0.0
0.3000000000000002 -0.1 0.0
0.3000000000000002 -0.1 0.0
0.3000000000000002 -0.1 0.0
0.3000000000000002 -0.1 0.0
0.3000000000000002 -0.1 0.0
0.3000000000000002 -0.1 0.0
0.3000000000000002 -0.1 0.0
0.3000000000000002 -0.1 0.0
0.3000000000000002 -0.1 0.0
0.3000000000000002 -0.1 0.0
0.3000000000000002 -0.1 0.0
0.3000000000000002 -0.1 0.0
0.3000000000000002 -0.1 0.0
0.3000000000000002 -0.1 0.0
0.3000000000000002 -0.1 0.0
0.3000000000000002 -0.1 0.0
0.3000000000000002 -0.1 0.0
0.3000000000000002 -0.1 0.0
0.3000000000000002 -0.1 0.0
0.3000000000000002 -0.1 0.0
0.3000000000000002 -0.1 0.0
0.3000000000000002 -0.1 0.0
0.3000000000000002 -0.1 0.0
0.3000000000000002 -0.1 0.0
0.3000000000000002 -0.1 0.0
0.3000000000000002 -0.1 0.0
0.3000000000000002 -0.1 0.0
0.3000000000000002 -0.1 0.0
0.3000000000000002 -0.1 0.0
0.3000000000000002 -0.1 0.0
0.3000000000000002 -0.1 0.0
0.3000000000000002 -0.1 0.0
0.3000000000000002 -0.1 0.0
0.3000000000000002 -0.1 0.0
0.3000000000000002 -0.1 0.0
0.3000000000000002 -0.1 0.0
0.3000000000000002 -0.1 0.0
0.3000000000000002 -0.1 0.0
0.3000000000000002 -0.1 0.0
0.3000000000000002 -0.1 0.0
0.3000000000000002 -0.1 0.0
0.3000000000000002 -0.1 0.0
0.3000000000000002 -0.1 0.0
0.3000000000000002 -0.1 0.0
0.3000000000000002 -0.1 0.0
0.3000000000000002 -0.1 0.0
0.3000000000000002 -0.1 0.0
0.3000000000000002 -0.1 0.0
0.3000000000000002 -0.1 0.0
0.3000000000000002 -0.1 0.0
0.3000000000000002 -0.1 0.0
0.3000000000000002 -0.1 0.0
0.3000000000000002 -0.1 0.0
0.3000000000000002 -0.1 0.0
0.3000000000000002 -0.1 0.0
0.3000000000000002 -0.1 0.0
0.3000000000000002 -0.1 0.0
0.3000000000000002 -0.1 0.0
0.3000000000000002 -0.1 0.0
0.3000000000000002 -0.1 0.0
0.3000000000000002 -0.1 0.0
0.3000000000000002 -0.1 0.0
0.3000000000000002 -0.1 0.0
0.3000000000000002 -0.1 0.0
0.3000000000000002 -0.1 0.0
0.3000000000000002 -0.1 0.0
0.3000000000000002 -0.1 0.0
0.3000000000000002 -0.1 0.0
0.3000000000000002 -0.1 0.0
0.3000000000000002 -0.1 0.0
0.3000000000000002 -0.1 0.0
0.3000000000000002 -0.1 0.0
0.3000000000000002 -0.1 0.0
0.3000000000000002 -0.1 0.0
0.3000000000000002 -0.1 0.0
0.3000000000000002 -0.1 0.0
0.3000000000000002 -0.1 0.0
0.3000000000000002 -0.1 0.0
0.3000000000000002 -0.1 0.0
0.3000000000000002 -0.1 0.0
0.3000000000000002 -0.1 0.0
0.3000000000000002 -0.1 0.0
0.3000000000000002 -0.1 0.0
0.3000000000000002 -0.1 0.0
0.3000000000000002 -0.1 0.0
0.30018192419825096 -0.1 6.345356101624323e-05
0.300720699708455 -0.1 0.0002465106205747605
0.3016058309037903 -0.1 0.0005384556434818824
0.30282682215743456 -0.1 0.000928892961266139
0.30437317784256573 -0.1 0.001407746772178259
0.30623440233236165 -0.1 0.00196526114119117
0.3084000000000001 -0.1 0.0025919999999999997
0.310859475218659 -0.1 0.003278847147022074
0.3136023323615161 -0.1 0.004017006247396917
0.3166180758017493 -0.1 0.004798000832986255
0.3198962099125364 -0.1 0.00561367430237401
0.3234262390670553 -0.1 0.006456189920866304
0.32719766763848385 -0.1 0.007318030820491461
0.33119999999999983 -0.1 0.008192
0.33542274052478116 -0.1 0.00907122032486464
0.3398553935860056 -0.1 0.009949134527280298
0.344487463556851 -0.1 0.010819505206164096
0.3493084548104953 -0.1 0.01167641482715535
0.3543078717201162 -0.1 0.012514265722615575
0.35947521865889165 -0.1 0.013327780091628487
0.36479999999999946 -0.1 0.014112
0.37027172011661746 -0.1 0.014862287380258223
0.3758798833819236 -0.1 0.015574324031653479
0.38161399416909547 -0.1 0.016244111620158264
0.3874635568513112 -0.1 0.016867971678467306
0.3934180758017484 -0.1 0.0174425456059975
0.39946705539358507 -0.1 0.01796479466888796
0.40559999999999896 -0.1 0.018431999999999997
0.411806413994168 -0.1 0.01884176259891711
0.41807580174926995 -0.1 0.019192003331945026
0.42439766763848275 -0.1 0.01948096293211162
0.43076151603498414 -0.1 0.019707201999167007
0.437156851311952 -0.1 0.0198696009995835
0.4435731778425641 -0.1 0.019967360266555594
0.4499999999999985 -0.1 0.01999999999999999
0.4564268221574328 -0.1 0.0199673602665556
0.46284314868804494 -0.1 0.0198696009995835
0.46923848396501283 -0.1 0.019707201999167007
0.4756023323615142 -0.1 0.0194809629321116
0.48192419825072697 -0.1 0.019192003331945026
0.48819358600582896 -0.1 0.018841762598917122
0.49439999999999795 -0.1 0.018432000000000004
0.5005329446064118 -0.1 0.01796479466888795
0.5065819241982485 -0.1 0.017442545605997506
0.5125364431486857 -0.1 0.01686797167846729
0.5183860058309016 -0.1 0.016244111620158264
0.5241201166180733 -0.1 0.015574324031653486
0.5297282798833796 -0.1 0.014862287380258216
0.5351999999999975 -0.1 0.014112000000000013
0.5405247813411053 -0.1 0.013327780091628494
0.5456921282798808 -0.1 0.012514265722615547
0.5506915451895016 -0.1 0.01167641482715534
0.5555125364431459 -0.1 0.01081950520616412
0.5601446064139913 -0.1 0.009949134527280301
0.5645772594752159 -0.1 0.009071220324864626
0.5687999999999971 -0.1 0.008192000000000005
0.5728023323615131 -0.1 0.007318030820491456
0.5765737609329415 -0.1 0.006456189920866273
0.5801037900874604 -0.1 0.005613674302374
0.5833819241982476 -0.1 0.004798000832986288
0.5863976676384808 -0.1 0.004017006247396898
0.5891405247813379 -0.1 0.0032788471470220903
0.5915999999999968 -0.1 0.0025920000000000387
0.5937655976676353 -0.1 0.001965261141191166
0.5956268221574311 -0.1 0.0014077467721782533
0.5971731778425624 -0.1 0.0009288929612661367
0.5983941690962067 -0.1 0.0005384556434818721
0.5992793002915419 -0.1 0.00024651062057473583
0.599818075801746 -0.1 6.345356101622457e-05
0.5999999999999968 -0.1 0.0
0.5999999999999968 -0.1 0.0
0.5999999999999968 -0.1 0.0
0.5999999999999968 -0.1 0.0
0.5999999999999968 -0.1 0.0
0.5999999999999968 -0.1 0.0
0.5999999999999968 -0.1 0.0
0.5999999999999968 -0.1 0.0
0.5999999999999968 -0.1 0.0
0.5999999999999968 -0.1 0.0
0.5999999999999968 -0.1 0.0
0.5999999999999968 -0.1 0.0
0.5999999999999968 -0.1 0.0
0.5999999999999968 -0.1 0.0
0.5999999999999968 -0.1 0.0
0.5999999999999968 -0.1 0.0
0.5999999999999968 -0.1 0.0
0.5999999999999968 -0.1 0.0
0.5999999999999968 -0.1 0.0
0.5999999999999968 -0.1 0.0
0.5999999999999968 -0.1 0.0
0.5999999999999968 -0.1 0.0
0.5999999999999968 -0.1 0.0
0.5999999999999968 -0.1 0.0
0.5999999999999968 -0.1 0.0
0.5999999999999968 -0.1 0.0
0.5999999999999968 -0.1 0.0
0.5999999999999968 -0.1 0.0
0.5999999999999968 -0.1 0.0
0.5999999999999968 -0.1 0.0
0.5999999999999968 -0.1 0.0
0.5999999999999968 -0.1 0.0
0.5999999999999968 -0.1 0.0
0.5999999999999968 -0.1 0.0
0.5999999999999968 -0.1 0.0
0.5999999999999968 -0.1 0.0
0.5999999999999968 -0.1 0.0
0.5999999999999968 -0.1 0.0
0.5999999999999968 -0.1 0.0
0.5999999999999968 -0.1 0.0
0.5999999999999968 -0.1 0.0
0.5999999999999968 -0.1 0.0
0.5999999999999968 -0.1 0.0
0.5999999999999968 -0.1 0.0
0.5999999999999968 -0.1 0.0
0.5999999999999968 -0.1 0.0
0.5999999999999968 -0.1 0.0
0.5999999999999968 -0.1 0.0
0.5999999999999968 -0.1 0.0
0.5999999999999968 -0.1 0.0
0.5999999999999968 -0.1 0.0
0.5999999999999968 -0.1 0.0
0.5999999999999968 -0.1 0.0
0.5999999999999968 -0.1 0.0
0.5999999999999968 -0.1 0.0
0.5999999999999968 -0.1 0.0
0.5999999999999968 -0.1 0.0
0.5999999999999968 -0.1 0.0
0.5999999999999968 -0.1 0.0
0.5999999999999968 -0.1 0.0
0.5999999999999968 -0.1 0.0
0.5999999999999968 -0.1 0.0
0.5999999999999968 -0.1 0.0
0.5999999999999968 -0.1 0.0
0.5999999999999968 -0.1 0.0
0.5999999999999968 -0.1 0.0
0.5999999999999968 -0.1 0.0
0.5999999999999968 -0.1 0.0
0.5999999999999968 -0.1 0.0
0.5999999999999968 -0.1 0.0
0.5999999999999968 -0.1 0.0
0.5999999999999968 -0.1 0.0
0.5999999999999968 -0.1 0.0
0.5999999999999968 -0.1 0.0
0.5999999999999968 -0.1 0.0
0.5999999999999968 -0.1 0.0
0.5999999999999968 -0.1 0.0
0.5999999999999968 -0.1 0.0
0.5999999999999968 -0.1 0.0
0.5999999999999968 -0.1 0.0
0.5999999999999968 -0.1 0.0
0.5999999999999968 -0.1 0.0
0.5999999999999968 -0.1 0.0
0.5999999999999968 -0.1 0.0
0.5999999999999968 -0.1 0.0
0.5999999999999968 -0.1 0.0
0.5999999999999968 -0.1 0.0
0.5999999999999968 -0.1 0.0
0.5999999999999968 -0.1 0.0
0.5999999999999968 -0.1 0.0
0.5999999999999968 -0.1 0.0
0.5999999999999968 -0.1 0.0
0.5999999999999968 -0.1 0.0
0.5999999999999968 -0.1 0.0
0.5999999999999968 -0.1 0.0
0.5999999999999968 -0.1 0.0
0.5999999999999968 -0.1 0.0
0.5999999999999968 -0.1 0.0
0.5999999999999968 -0.1 0.0
0.5999999999999968 -0.1 0.0
0.5999999999999968 -0.1 0.0
0.5999999999999968 -0.1 0.0
0.5999999999999968 -0.1 0.0
0.5999999999999968 -0.1 0.0
0.5999999999999968 -0.1 0.0
0.5999999999999968 -0.1 0.0
0.5999999999999968 -0.1 0.0
0.5999999999999968 -0.1 0.0
0.5999999999999968 -0.1 0.0
0.5999999999999968 -0.1 0.0
0.5999999999999968 -0.1 0.0
0.5999999999999968 -0.1 0.0
0.5999999999999968 -0.1 0.0
0.5999999999999968 -0.1 0.0
0.5999999999999968 -0.1 0.0
0.5999999999999968 -0.1 0.0
0.5999999999999968 -0.1 0.0
0.5999999999999968 -0.1 0.0
0.5999999999999968 -0.1 0.0
0.5999999999999968 -0.1 0.0
0.5999999999999968 -0.1 0.0
0.5999999999999968 -0.1 0.0
0.5999999999999968 -0.1 0.0
0.5999999999999968 -0.1 0.0
0.5999999999999968 -0.1 0.0
0.5999999999999968 -0.1 0.0
0.5999999999999968 -0.1 0.0
0.5999999999999968 -0.1 0.0
0.5999999999999968 -0.1 0.0
0.5999999999999968 -0.1 0.0
0.5999999999999968 -0.1 0.0
0.6001819241982475 -0.1 6.345356101624323e-05
0.6007206997084515 -0.1 0.0002465106205747605
0.6016058309037868 -0.1 0.0005384556434818824
0.6028268221574311 -0.1 0.000928892961266139
0.6043731778425622 -0.1 0.001407746772178259
0.606234402332358 -0.1 0.00196526114119117
0.6083999999999965 -0.1 0.0025919999999999997
0.6108594752186552 -0.1 0.003278847147022074
0.6136023323615123 -0.1 0.004017006247396917
0.6166180758017454 -0.1 0.004798000832986255
0.6198962099125325 -0.1 0.00561367430237401
0.6234262390670513 -0.1 0.006456189920866304
0.6271976676384797 -0.1 0.007318030820491461
0.6311999999999957 -0.1 0.008192
0.6354227405247768 -0.1 0.00907122032486464
0.6398553935860012 -0.1 0.009949134527280298
0.6444874635568465 -0.1 0.010819505206164096
0.6493084548104906 -0.1 0.01167641482715535
0.6543078717201114 -0.1 0.012514265722615575
0.6594752186588867 -0.1 0.013327780091628487
0.6647999999999944 -0.1 0.014112
0.6702717201166123 -0.1 0.014862287380258223
0.6758798833819182 -0.1 0.015574324031653479
0.68161399416909 -0.1 0.016244111620158264
0.6874635568513056 -0.1 0.016867971678467306
0.6934180758017426 -0.1 0.0174425456059975
0.6994670553935791 -0.1 0.01796479466888796
0.7055999999999929 -0.1 0.018431999999999997
0.7118064139941618 -0.1 0.01884176259891711
0.7180758017492637 -0.1 0.019192003331945026
0.7243976676384762 -0.1 0.01948096293211162
0.7307615160349774 -0.1 0.019707201999167007
0.7371568513119452 -0.1 0.0198696009995835
0.7435731778425572 -0.1 0.019967360266555594
0.7499999999999913 -0.1 0.01999999999999999
0.7564268221574255 -0.1 0.0199673602665556
0.7628431486880375 -0.1 0.0198696009995835
0.7692384839650053 -0.1 0.019707201999167007
0.7756023323615064 -0.1 0.0194809629321116
0.781924198250719 -0.1 0.019192003331945026
0.7881935860058209 -0.1 0.018841762598917122
0.7943999999999897 -0.1 0.018432000000000004
0.8005329446064035 -0.1 0.01796479466888795
0.80658192419824 -0.1 0.017442545605997506
0.812536443148677 -0.1 0.01686797167846729
0.8183860058308927 -0.1 0.016244111620158264
0.8241201166180644 -0.1 0.015574324031653486
0.8297282798833704 -0.1 0.014862287380258216
0.8351999999999882 -0.1 0.014112000000000013
0.8405247813410959 -0.1 0.013327780091628494
0.8456921282798713 -0.1 0.012514265722615547
0.8506915451894921 -0.1 0.01167641482715534
0.8555125364431362 -0.1 0.01081950520616412
0.8601446064139815 -0.1 0.009949134527280301
0.8645772594752058 -0.1 0.009071220324864626
0.868799999999987 -0.1 0.008192000000000005
0.872802332361503 -0.1 0.007318030820491456
0.8765737609329313 -0.1 0.006456189920866273
0.8801037900874501 -0.1 0.005613674302374
0.8833819241982371 -0.1 0.004798000832986288
0.8863976676384703 -0.1 0.004017006247396898
0.8891405247813273 -0.1 0.0032788471470220903
0.8915999999999862 -0.1 0.0025920000000000387
0.8937655976676246 -0.1 0.001965261141191166
0.8956268221574204 -0.1 0.0014077467721782533
0.8971731778425516 -0.1 0.0009288929612661367
0.8983941690961958 -0.1 0.0005384556434818721
0.899279300291531 -0.1 0.00024651062057473583
0.8998180758017351 -0.1 6.345356101622457e-05
0.8999999999999859 -0.1 0.0
0.8999999999999859 -0.1 0.0
0.8999999999999859 -0.1 0.0
0.8999999999999859 -0.1 0.0
0.8999999999999859 -0.1 0.0
0.8999999999999859 -0.1 0.0
0.8999999999999859 -0.1 0.0
0.8999999999999859 -0.1 0.0
0.8999999999999859 -0.1 0.0
0.8999999999999859 -0.1 0.0
0.8999999999999859 -0.1 0.0
0.8999999999999859 -0.1 0.0
0.8999999999999859 -0.1 0.0
0.8999999999999859 -0.1 0.0
0.8999999999999859 -0.1 0.0
0.8999999999999859 -0.1 0.0
0.8999999999999859 -0.1 0.0
0.8999999999999859 -0.1 0.0
0.8999999999999859 -0.1 0.0
0.8999999999999859 -0.1 0.0
0.8999999999999859 -0.1 0.0
0.8999999999999859 -0.1 0.0
0.8999999999999859 -0.1 0.0
0.8999999999999859 -0.1 0.0
0.8999999999999859 -0.1 0.0
0.8999999999999859 -0.1 0.0
0.8999999999999859 -0.1 0.0
0.8999999999999859 -0.1 0.0
0.8999999999999859 -0.1 0.0
0.8999999999999859 -0.1 0.0
0.8999999999999859 -0.1 0.0
0.8999999999999859 -0.1 0.0
0.8999999999999859 -0.1 0.0
0.8999999999999859 -0.1 0.0
0.8999999999999859 -0.1 0.0
0.8999999999999859 -0.1 0.0
0.8999999999999859 -0.1 0.0
0.8999999999999859 -0.1 0.0
0.8999999999999859 -0.1 0.0
0.8999999999999859 -0.1 0.0
0.8999999999999859 -0.1 0.0
0.8999999999999859 -0.1 0.0
0.8999999999999859 -0.1 0.0
0.8999999999999859 -0.1 0.0
0.8999999999999859 -0.1 0.0
0.8999999999999859 -0.1 0.0
0.8999999999999859 -0.1 0.0
0.8999999999999859 -0.1 0.0
0.8999999999999859 -0.1 0.0
0.8999999999999859 -0.1 0.0
0.8999999999999859 -0.1 0.0
0.8999999999999859 -0.1 0.0
0.8999999999999859 -0.1 0.0
0.8999999999999859 -0.1 0.0
0.8999999999999859 -0.1 0.0
0.8999999999999859 -0.1 0.0
0.8999999999999859 -0.1 0.0
0.8999999999999859 -0.1 0.0
0.8999999999999859 -0.1 0.0
0.8999999999999859 -0.1 0.0
0.8999999999999859 -0.1 0.0
0.8999999999999859 -0.1 0.0
0.8999999999999859 -0.1 0.0
0.8999999999999859 -0.1 0.0
0.8999999999999859 -0.1 0.0
0.8999999999999859 -0.1 0.0
0.8999999999999859 -0.1 0.0
0.8999999999999859 -0.1 0.0
0.8999999999999859 -0.1 0.0
0.8999999999999859 -0.1 0.0
0.8999999999999859 -0.1 0.0
0.8999999999999859 -0.1 0.0
0.8999999999999859 -0.1 0.0
0.8999999999999859 -0.1 0.0
0.8999999999999859 -0.1 0.0
0.8999999999999859 -0.1 0.0
0.8999999999999859 -0.1 0.0
0.8999999999999859 -0.1 0.0
0.8999999999999859 -0.1 0.0
0.8999999999999859 -0.1 0.0
0.8999999999999859 -0.1 0.0
0.8999999999999859 -0.1 0.0
0.8999999999999859 -0.1 0.0
0.8999999999999859 -0.1 0.0
0.8999999999999859 -0.1 0.0
0.8999999999999859 -0.1 0.0
0.8999999999999859 -0.1 0.0
0.8999999999999859 -0.1 0.0
0.8999999999999859 -0.1 0.0
0.8999999999999859 -0.1 0.0
0.8999999999999859 -0.1 0.0
0.8999999999999859 -0.1 0.0
0.8999999999999859 -0.1 0.0
0.8999999999999859 -0.1 0.0
0.8999999999999859 -0.1 0.0
0.8999999999999859 -0.1 0.0
0.8999999999999859 -0.1 0.0
0.8999999999999859 -0.1 0.0
0.8999999999999859 -0.1 0.0
0.8999999999999859 -0.1 0.0
0.8999999999999859 -0.1 0.0
0.8999999999999859 -0.1 0.0
0.8999999999999859 -0.1 0.0
0.8999999999999859 -0.1 0.0
0.8999999999999859 -0.1 0.0
0.8999999999999859 -0.1 0.0
0.8999999999999859 -0.1 0.0
0.8999999999999859 -0.1 0.0
0.8999999999999859 -0.1 0.0
0.8999999999999859 -0.1 0.0
0.8999999999999859 -0.1 0.0
0.8999999999999859 -0.1 0.0
0.8999999999999859 -0.1 0.0
0.8999999999999859 -0.1 0.0
0.8999999999999859 -0.1 0.0
0.8999999999999859 -0.1 0.0
0.8999999999999859 -0.1 0.0
0.8999999999999859 -0.1 0.0
0.8999999999999859 -0.1 0.0
0.8999999999999859 -0.1 0.0
0.8999999999999859 -0.1 0.0
0.8999999999999859 -0.1 0.0
0.8999999999999859 -0.1 0.0
0.8999999999999859 -0.1 0.0
0.8999999999999859 -0.1 0.0
0.8999999999999859 -0.1 0.0
0.8999999999999859 -0.1 0.0
0.8999999999999859 -0.1 0.0
0.8999999999999859 -0.1 0.0
0.8999999999999859 -0.1 0.0
0.8999999999999859 -0.1 0.0
0.9001819241982366 -0.1 6.345356101624323e-05
0.9007206997084407 -0.1 0.0002465106205747605
0.901605830903776 -0.1 0.0005384556434818824
0.9028268221574204 -0.1 0.000928892961266139
0.9043731778425516 -0.1 0.001407746772178259
0.9062344023323475 -0.1 0.00196526114119117
0.908399999999986 -0.1 0.0025919999999999997
0.910859475218645 -0.1 0.003278847147022074
0.9136023323615021 -0.1 0.004017006247396917
0.9166180758017354 -0.1 0.004798000832986255
0.9198962099125226 -0.1 0.00561367430237401
0.9234262390670416 -0.1 0.006456189920866304
0.9271976676384702 -0.1 0.007318030820491461
0.9311999999999864 -0.1 0.008192
0.9354227405247677 -0.1 0.00907122032486464
0.9398553935859922 -0.1 0.009949134527280298
0.9444874635568379 -0.1 0.010819505206164096
0.9493084548104822 -0.1 0.01167641482715535
0.9543078717201032 -0.1 0.012514265722615575
0.9594752186588789 -0.1 0.013327780091628487
0.9647999999999868 -0.1 0.014112
0.9702717201166049 -0.1 0.014862287380258223
0.9758798833819111 -0.1 0.015574324031653479
0.9816139941690832 -0.1 0.016244111620158264
0.987463556851299 -0.1 0.016867971678467306
0.9934180758017365 -0.1 0.0174425456059975
0.9994670553935733 -0.1 0.01796479466888796
1.0055999999999874 -0.1 0.018431999999999997
1.0118064139941565 -0.1 0.01884176259891711
1.0180758017492586 -0.1 0.019192003331945026
1.0243976676384716 -0.1 0.01948096293211162
1.030761516034973 -0.1 0.019707201999167007
1.0371568513119411 -0.1 0.0198696009995835
1.0435731778425534 -0.1 0.019967360266555594
1.0499999999999878 -0.1 0.01999999999999999
1.0564268221574225 -0.1 0.0199673602665556
1.0628431486880348 -0.1 0.0198696009995835
1.0692384839650027 -0.1 0.019707201999167007
1.0756023323615043 -0.1 0.0194809629321116
1.0819241982507173 -0.1 0.019192003331945026
1.0881935860058194 -0.1 0.018841762598917122
1.0943999999999885 -0.1 0.018432000000000004
1.1005329446064025 -0.1 0.01796479466888795
1.1065819241982395 -0.1 0.017442545605997506
1.1125364431486768 -0.1 0.01686797167846729
1.1183860058308928 -0.1 0.016244111620158264
1.1241201166180648 -0.1 0.015574324031653486
1.129728279883371 -0.1 0.014862287380258216
1.135199999999989 -0.1 0.014112000000000013
1.140524781341097 -0.1 0.013327780091628494
1.1456921282798727 -0.1 0.012514265722615547
1.1506915451894937 -0.1 0.01167641482715534
1.155512536443138 -0.1 0.01081950520616412
1.1601446064139835 -0.1 0.009949134527280301
1.1645772594752082 -0.1 0.009071220324864626
1.1687999999999894 -0.1 0.008192000000000005
1.1728023323615058 -0.1 0.007318030820491456
1.1765737609329343 -0.1 0.006456189920866273
1.1801037900874531 -0.1 0.005613674302374
1.1833819241982404 -0.1 0.004798000832986288
1.1863976676384735 -0.1 0.004017006247396898
1.189140524781331 -0.1 0.0032788471470220903
1.1915999999999898 -0.1 0.0025920000000000387
1.1937655976676282 -0.1 0.001965261141191166
1.1956268221574242 -0.1 0.0014077467721782533
1.1971731778425556 -0.1 0.0009288929612661367
1.1983941690962 -0.1 0.0005384556434818721
1.199279300291535 -0.1 0.00024651062057473583
1.1998180758017392 -0.1 6.345356101622457e-05
1.19999999999999 -0.1 0.0
1.19999999999999 -0.1 0.0
1.19999999999999 -0.1 0.0
1.19999999999999 -0.1 0.0
1.19999999999999 -0.1 0.0
1.19999999999999 -0.1 0.0
1.19999999999999 -0.1 0.0
1.19999999999999 -0.1 0.0
1.19999999999999 -0.1 0.0
1.19999999999999 -0.1 0.0
1.19999999999999 -0.1 0.0
1.19999999999999 -0.1 0.0
1.19999999999999 -0.1 0.0
1.19999999999999 -0.1 0.0
1.19999999999999 -0.1 0.0
1.19999999999999 -0.1 0.0
1.19999999999999 -0.1 0.0
1.19999999999999 -0.1 0.0
1.19999999999999 -0.1 0.0
1.19999999999999 -0.1 0.0
1.19999999999999 -0.1 0.0
1.19999999999999 -0.1 0.0
1.19999999999999 -0.1 0.0
1.19999999999999 -0.1 0.0
1.19999999999999 -0.1 0.0
1.19999999999999 -0.1 0.0
1.19999999999999 -0.1 0.0
1.19999999999999 -0.1 0.0
1.19999999999999 -0.1 0.0
1.19999999999999 -0.1 0.0
1.19999999999999 -0.1 0.0
1.19999999999999 -0.1 0.0
1.19999999999999 -0.1 0.0
1.19999999999999 -0.1 0.0
1.19999999999999 -0.1 0.0
1.19999999999999 -0.1 0.0
1.19999999999999 -0.1 0.0
1.19999999999999 -0.1 0.0
1.19999999999999 -0.1 0.0
1.19999999999999 -0.1 0.0
1.19999999999999 -0.1 0.0
1.19999999999999 -0.1 0.0
1.19999999999999 -0.1 0.0
1.19999999999999 -0.1 0.0
1.19999999999999 -0.1 0.0
1.19999999999999 -0.1 0.0
1.19999999999999 -0.1 0.0
1.19999999999999 -0.1 0.0
1.19999999999999 -0.1 0.0
1.19999999999999 -0.1 0.0
1.19999999999999 -0.1 0.0
1.19999999999999 -0.1 0.0
1.19999999999999 -0.1 0.0
1.19999999999999 -0.1 0.0
1.19999999999999 -0.1 0.0
1.19999999999999 -0.1 0.0
1.19999999999999 -0.1 0.0
1.19999999999999 -0.1 0.0
1.19999999999999 -0.1 0.0
1.19999999999999 -0.1 0.0
1.19999999999999 -0.1 0.0
1.19999999999999 -0.1 0.0
1.19999999999999 -0.1 0.0
1.19999999999999 -0.1 0.0
1.19999999999999 -0.1 0.0
1.19999999999999 -0.1 0.0
1.19999999999999 -0.1 0.0
1.19999999999999 -0.1 0.0
1.19999999999999 -0.1 0.0
1.19999999999999 -0.1 0.0
1.19999999999999 -0.1 0.0
1.19999999999999 -0.1 0.0
1.19999999999999 -0.1 0.0
1.19999999999999 -0.1 0.0
1.19999999999999 -0.1 0.0
1.19999999999999 -0.1 0.0
1.19999999999999 -0.1 0.0
1.19999999999999 -0.1 0.0
1.19999999999999 -0.1 0.0
1.19999999999999 -0.1 0.0
1.19999999999999 -0.1 0.0
1.19999999999999 -0.1 0.0
1.19999999999999 -0.1 0.0
1.19999999999999 -0.1 0.0
1.19999999999999 -0.1 0.0
1.19999999999999 -0.1 0.0
1.19999999999999 -0.1 0.0
1.19999999999999 -0.1 0.0
1.19999999999999 -0.1 0.0
1.19999999999999 -0.1 0.0
1.19999999999999 -0.1 0.0
1.19999999999999 -0.1 0.0
1.19999999999999 -0.1 0.0
1.19999999999999 -0.1 0.0
1.19999999999999 -0.1 0.0
1.19999999999999 -0.1 0.0
1.19999999999999 -0.1 0.0
1.19999999999999 -0.1 0.0
1.19999999999999 -0.1 0.0
1.19999999999999 -0.1 0.0
1.19999999999999 -0.1 0.0
1.19999999999999 -0.1 0.0
1.19999999999999 -0.1 0.0
1.19999999999999 -0.1 0.0
1.19999999999999 -0.1 0.0
1.19999999999999 -0.1 0.0
1.19999999999999 -0.1 0.0
1.19999999999999 -0.1 0.0
1.19999999999999 -0.1 0.0
1.19999999999999 -0.1 0.0
1.19999999999999 -0.1 0.0
1.19999999999999 -0.1 0.0
1.19999999999999 -0.1 0.0
1.19999999999999 -0.1 0.0
1.19999999999999 -0.1 0.0
1.19999999999999 -0.1 0.0
1.19999999999999 -0.1 0.0
1.19999999999999 -0.1 0.0
1.19999999999999 -0.1 0.0
1.19999999999999 -0.1 0.0
1.19999999999999 -0.1 0.0
1.19999999999999 -0.1 0.0
1.19999999999999 -0.1 0.0
1.19999999999999 -0.1 0.0
1.19999999999999 -0.1 0.0
1.19999999999999 -0.1 0.0
1.19999999999999 -0.1 0.0
1.19999999999999 -0.1 0.0
1.19999999999999 -0.1 0.0
1.19999999999999 -0.1 0.0
1.19999999999999 -0.1 0.0
1.2001697959183573 -0.1 6.345356101624323e-05
1.2006726530612144 -0.1 0.0002465106205747605
1.201498775510194 -0.1 0.0005384556434818824
1.202638367346929 -0.1 0.000928892961266139
1.2040816326530515 -0.1 0.001407746772178259
1.2058187755101943 -0.1 0.00196526114119117
1.2078399999999903 -0.1 0.0025919999999999997
1.210135510204072 -0.1 0.003278847147022074
1.2126955102040722 -0.1 0.004017006247396917
1.2155102040816235 -0.1 0.004798000832986255
1.2185697959183581 -0.1 0.00561367430237401
1.2218644897959094 -0.1 0.006456189920866304
1.2253844897959096 -0.1 0.007318030820491461
1.2291199999999913 -0.1 0.008192
1.2330612244897874 -0.1 0.00907122032486464
1.2371983673469304 -0.1 0.009949134527280298
1.2415216326530532 -0.1 0.010819505206164096
1.2460212244897881 -0.1 0.01167641482715535
1.250687346938768 -0.1 0.012514265722615575
1.2555102040816253 -0.1 0.013327780091628487
1.260479999999993 -0.1 0.014112
1.2655869387755034 -0.1 0.014862287380258223
1.2708212244897894 -0.1 0.015574324031653479
1.2761730612244835 -0.1 0.016244111620158264
1.2816326530612183 -0.1 0.016867971678467306
1.2871902040816268 -0.1 0.0174425456059975
1.2928359183673415 -0.1 0.01796479466888796
1.2985599999999948 -0.1 0.018431999999999997
1.3043526530612195 -0.1 0.01884176259891711
1.3102040816326483 -0.1 0.019192003331945026
1.316104489795914 -0.1 0.01948096293211162
1.3220440816326489 -0.1 0.019707201999167007
1.328013061224486 -0.1 0.0198696009995835
1.3340016326530577 -0.1 0.019967360266555594
1.3399999999999967 -0.1 0.01999999999999999
1.3459983673469358 -0.1 0.0199673602665556
1.3519869387755075 -0.1 0.0198696009995835
1.3579559183673446 -0.1 0.019707201999167007
1.3638955102040795 -0.1 0.0194809629321116
1.3697959183673452 -0.1 0.019192003331945026
1.375647346938774 -0.1 0.018841762598917122
1.3814399999999987 -0.1 0.018432000000000004
1.387164081632652 -0.1 0.01796479466888795
1.3928097959183667 -0.1 0.017442545605997506
1.398367346938775 -0.1 0.01686797167846729
1.40382693877551 -0.1 0.016244111620158264
1.409178775510204 -0.1 0.015574324031653486
1.41441306122449 -0.1 0.014862287380258216
1.4195200000000006 -0.1 0.014112000000000013
1.4244897959183682 -0.1 0.013327780091628494
1.4293126530612255 -0.1 0.012514265722615547
1.4339787755102054 -0.1 0.01167641482715534
1.4384783673469403 -0.1 0.01081950520616412
1.442801632653063 -0.1 0.009949134527280301
1.446938775510206 -0.1 0.009071220324864626
1.4508800000000022 -0.1 0.008192000000000005
1.4546155102040839 -0.1 0.007318030820491456
1.458135510204084 -0.1 0.006456189920866273
1.4614302040816352 -0.1 0.005613674302374
1.46448979591837 -0.1 0.004798000832986288
1.467304489795921 -0.1 0.004017006247396898
1.4698644897959214 -0.1 0.0032788471470220903
1.472160000000003 -0.1 0.0025920000000000387
1.4741812244897992 -0.1 0.001965261141191166
1.475918367346942 -0.1 0.0014077467721782533
1.4773616326530647 -0.1 0.0009288929612661367
1.4785012244897993 -0.1 0.0005384556434818721
1.4793273469387789 -0.1 0.00024651062057473583
1.479830204081636 -0.1 6.345356101622457e-05
1.4800000000000035 -0.1 0.0
1.4800000000000035 -0.1 0.0
1.4800000000000035 -0.1 0.0
1.4800000000000035 -0.1 0.0
1.4800000000000035 -0.1 0.0
1.4800000000000035 -0.1 0.0
1.4800000000000035 -0.1 0.0
1.4800000000000035 -0.1 0.0
1.4800000000000035 -0.1 0.0
1.4800000000000035 -0.1 0.0
1.4800000000000035 -0.1 0.0
1.4800000000000035 -0.1 0.0
1.4800000000000035 -0.1 0.0
1.4800000000000035 -0.1 0.0
1.4800000000000035 -0.1 0.0
1.4800000000000035 -0.1 0.0
1.4800000000000035 -0.1 0.0
1.4800000000000035 -0.1 0.0
1.4800000000000035 -0.1 0.0
1.4800000000000035 -0.1 0.0
1.4800000000000035 -0.1 0.0
1.4800000000000035 -0.1 0.0
1.4800000000000035 -0.1 0.0
1.4800000000000035 -0.1 0.0
1.4800000000000035 -0.1 0.0
1.4800000000000035 -0.1 0.0
1.4800000000000035 -0.1 0.0
1.4800000000000035 -0.1 0.0
1.4800000000000035 -0.1 0.0
1.4800000000000035 -0.1 0.0
1.4800000000000035 -0.1 0.0
1.4800000000000035 -0.1 0.0
1.4800000000000035 -0.1 0.0
1.4800000000000035 -0.1 0.0
1.4800000000000035 -0.1 0.0
1.4800000000000035 -0.1 0.0
1.4800000000000035 -0.1 0.0
1.4800000000000035 -0.1 0.0
1.4800000000000035 -0.1 0.0
1.4800000000000035 -0.1 0.0
1.4800000000000035 -0.1 0.0
1.4800000000000035 -0.1 0.0
1.4800000000000035 -0.1 0.0
1.4800000000000035 -0.1 0.0
1.4800000000000035 -0.1 0.0
1.4800000000000035 -0.1 0.0
1.4800000000000035 -0.1 0.0
1.4800000000000035 -0.1 0.0
1.4800000000000035 -0.1 0.0
1.4800000000000035 -0.1 0.0
1.4800000000000035 -0.1 0.0
1.4800000000000035 -0.1 0.0
1.4800000000000035 -0.1 0.0
1.4800000000000035 -0.1 0.0
1.4800000000000035 -0.1 0.0
1.4800000000000035 -0.1 0.0
1.4800000000000035 -0.1 0.0
1.4800000000000035 -0.1 0.0
1.4800000000000035 -0.1 0.0
1.4800000000000035 -0.1 0.0
1.4800000000000035 -0.1 0.0
1.4800000000000035 -0.1 0.0
1.4800000000000035 -0.1 0.0
1.4800000000000035 -0.1 0.0
1.4800000000000035 -0.1 0.0
1.4800000000000035 -0.1 0.0
1.4800000000000035 -0.1 0.0
1.4800000000000035 -0.1 0.0
1.4800000000000035 -0.1 0.0
1.4800000000000035 -0.1 0.0
1.4800000000000035 -0.1 0.0
1.4800000000000035 -0.1 0.0
1.4800000000000035 -0.1 0.0
1.4800000000000035 -0.1 0.0
1.4800000000000035 -0.1 0.0
1.4800000000000035 -0.1 0.0
1.4800000000000035 -0.1 0.0
1.4800000000000035 -0.1 0.0
1.4800000000000035 -0.1 0.0
1.4800000000000035 -0.1 0.0
1.4800000000000035 -0.1 0.0
1.4800000000000035 -0.1 0.0
1.4800000000000035 -0.1 0.0
1.4800000000000035 -0.1 0.0
1.4800000000000035 -0.1 0.0
1.4800000000000035 -0.1 0.0
1.4800000000000035 -0.1 0.0
1.4800000000000035 -0.1 0.0
1.4800000000000035 -0.1 0.0
1.4800000000000035 -0.1 0.0
1.4800000000000035 -0.1 0.0
1.4800000000000035 -0.1 0.0
1.4800000000000035 -0.1 0.0
1.4800000000000035 -0.1 0.0
1.4800000000000035 -0.1 0.0
1.4800000000000035 -0.1 0.0
1.4800000000000035 -0.1 0.0
1.4800000000000035 -0.1 0.0
1.4800000000000035 -0.1 0.0
1.4800000000000035 -0.1 0.0
1.4800000000000035 -0.1 0.0
1.4800000000000035 -0.1 0.0
1.4800000000000035 -0.1 0.0
1.4800000000000035 -0.1 0.0
1.4800000000000035 -0.1 0.0
1.4800000000000035 -0.1 0.0
1.4800000000000035 -0.1 0.0
1.4800000000000035 -0.1 0.0
1.4800000000000035 -0.1 0.0
1.4800000000000035 -0.1 0.0
1.4800000000000035 -0.1 0.0
1.4800000000000035 -0.1 0.0
1.4800000000000035 -0.1 0.0
1.4800000000000035 -0.1 0.0
1.4800000000000035 -0.1 0.0
1.4800000000000035 -0.1 0.0
1.4800000000000035 -0.1 0.0
1.4800000000000035 -0.1 0.0
1.4800000000000035 -0.1 0.0
1.4800000000000035 -0.1 0.0
1.4800000000000035 -0.1 0.0
1.4800000000000035 -0.1 0.0
1.4800000000000035 -0.1 0.0
1.4800000000000035 -0.1 0.0
1.4800000000000035 -0.1 0.0
1.4800000000000035 -0.1 0.0
1.4800000000000035 -0.1 0.0
1.4800000000000035 -0.1 0.0
1.4800000000000035 -0.1 0.0
1.4800000000000035 -0.1 0.0
1.4800000000000035 -0.1 0.0
1.4801576676384876 -0.1 6.345356101624323e-05
1.4806246064139978 -0.1 0.0002465106205747605
1.4813917201166218 -0.1 0.0005384556434818824
1.4824499125364468 -0.1 0.000928892961266139
1.4837900874635606 -0.1 0.001407746772178259
1.4854031486880506 -0.1 0.00196526114119117
1.487280000000004 -0.1 0.0025919999999999997
1.4894115451895085 -0.1 0.003278847147022074
1.4917886880466515 -0.1 0.004017006247396917
1.4944023323615205 -0.1 0.004798000832986255
1.4972433819242028 -0.1 0.00561367430237401
1.5003027405247862 -0.1 0.006456189920866304
1.5035713119533578 -0.1 0.007318030820491461
1.5070400000000053 -0.1 0.008192
1.510699708454816 -0.1 0.00907122032486464
1.5145413411078774 -0.1 0.009949134527280298
1.518555801749277 -0.1 0.010819505206164096
1.5227339941691023 -0.1 0.01167641482715535
1.5270668221574408 -0.1 0.012514265722615575
1.53154518950438 -0.1 0.013327780091628487
1.5361600000000069 -0.1 0.014112
1.5409021574344095 -0.1 0.014862287380258223
1.5457625655976752 -0.1 0.015574324031653479
1.5507321282798912 -0.1 0.016244111620158264
1.5558017492711451 -0.1 0.016867971678467306
1.5609623323615245 -0.1 0.0174425456059975
1.5662047813411166 -0.1 0.01796479466888796
1.5715200000000091 -0.1 0.018431999999999997
1.5768988921282894 -0.1 0.01884176259891711
1.5823323615160447 -0.1 0.019192003331945026
1.5878113119533628 -0.1 0.01948096293211162
1.5933266472303311 -0.1 0.019707201999167007
1.598869271137037 -0.1 0.0198696009995835
1.604430087463568 -0.1 0.019967360266555594
1.6100000000000114 -0.1 0.01999999999999999
1.6155699125364549 -0.1 0.0199673602665556
1.621130728862986 -0.1 0.0198696009995835
1.6266733527696917 -0.1 0.019707201999167007
1.63218868804666 -0.1 0.0194809629321116
1.6376676384839781 -0.1 0.019192003331945026
1.6431011078717335 -0.1 0.018841762598917122
1.6484800000000137 -0.1 0.018432000000000004
1.6537952186589062 -0.1 0.01796479466888795
1.6590376676384984 -0.1 0.017442545605997506
1.6641982507288777 -0.1 0.01686797167846729
1.6692678717201317 -0.1 0.016244111620158264
1.6742374344023476 -0.1 0.015574324031653486
1.6790978425656133 -0.1 0.014862287380258216
1.683840000000016 -0.1 0.014112000000000013
1.688454810495643 -0.1 0.013327780091628494
1.692933177842582 -0.1 0.012514265722615547
1.6972660058309206 -0.1 0.01167641482715534
1.7014441982507458 -0.1 0.01081950520616412
1.7054586588921454 -0.1 0.009949134527280301
1.709300291545207 -0.1 0.009071220324864626
1.7129600000000176 -0.1 0.008192000000000005
1.716428688046665 -0.1 0.007318030820491456
1.7196972594752367 -0.1 0.006456189920866273
1.7227566180758198 -0.1 0.005613674302374
1.7255976676385023 -0.1 0.004798000832986288
1.7282113119533713 -0.1 0.004017006247396898
1.7305884548105144 -0.1 0.0032788471470220903
1.7327200000000187 -0.1 0.0025920000000000387
1.7345968513119723 -0.1 0.001965261141191166
1.736209912536462 -0.1 0.0014077467721782533
1.737550087463576 -0.1 0.0009288929612661367
1.738608279883401 -0.1 0.0005384556434818721
1.739375393586025 -0.1 0.00024651062057473583
1.7398423323615353 -0.1 6.345356101622457e-05
1.7400000000000193 -0.1 0.0
1.7400000000000193 -0.1 0.0
1.7400000000000193 -0.1 0.0
1.7400000000000193 -0.1 0.0
1.7400000000000193 -0.1 0.0
1.7400000000000193 -0.1 0.0
1.7400000000000193 -0.1 0.0
1.7400000000000193 -0.1 0.0
1.7400000000000193 -0.1 0.0
1.7400000000000193 -0.1 0.0
1.7400000000000193 -0.1 0.0
1.7400000000000193 -0.1 0.0
1.7400000000000193 -0.1 0.0
1.7400000000000193 -0.1 0.0
1.7400000000000193 -0.1 0.0
1.7400000000000193 -0.1 0.0
1.7400000000000193 -0.1 0.0
1.7400000000000193 -0.1 0.0
1.7400000000000193 -0.1 0.0
1.7400000000000193 -0.1 0.0
1.7400000000000193 -0.1 0.0
1.7400000000000193 -0.1 0.0
1.7400000000000193 -0.1 0.0
1.7400000000000193 -0.1 0.0
1.7400000000000193 -0.1 0.0
1.7400000000000193 -0.1 0.0
1.7400000000000193 -0.1 0.0
1.7400000000000193 -0.1 0.0
1.7400000000000193 -0.1 0.0
1.7400000000000193 -0.1 0.0
1.7400000000000193 -0.1 0.0
1.7400000000000193 -0.1 0.0
1.7400000000000193 -0.1 0.0
1.7400000000000193 -0.1 0.0
1.7400000000000193 -0.1 0.0
1.7400000000000193 -0.1 0.0
1.7400000000000193 -0.1 0.0
1.7400000000000193 -0.1 0.0
1.7400000000000193 -0.1 0.0
1.7400000000000193 -0.1 0.0
1.7400000000000193 -0.1 0.0
1.7400000000000193 -0.1 0.0
1.7400000000000193 -0.1 0.0
1.7400000000000193 -0.1 0.0
1.7400000000000193 -0.1 0.0
1.7400000000000193 -0.1 0.0
1.7400000000000193 -0.1 0.0
1.7400000000000193 -0.1 0.0
1.7400000000000193 -0.1 0.0
1.7400000000000193 -0.1 0.0
1.7400000000000193 -0.1 0.0
1.7400000000000193 -0.1 0.0
1.7400000000000193 -0.1 0.0
1.7400000000000193 -0.1 0.0
1.7400000000000193 -0.1 0.0
1.7400000000000193 -0.1 0.0
1.7400000000000193 -0.1 0.0
1.7400000000000193 -0.1 0.0
1.7400000000000193 -0.1 0.0
1.7400000000000193 -0.1 0.0
1.7400000000000193 -0.1 0.0
1.7400000000000193 -0.1 0.0
1.7400000000000193 -0.1 0.0
1.7400000000000193 -0.1 0.0
1.7400000000000193 -0.1 0.0
1.7400000000000193 -0.1 0.0
1.7400000000000193 -0.1 0.0
1.7400000000000193 -0.1 0.0
1.7400000000000193 -0.1 0.0
1.7400000000000193 -0.1 0.0
1.7400000000000193 -0.1 0.0
1.7400000000000193 -0.1 0.0
1.7400000000000193 -0.1 0.0
1.7400000000000193 -0.1 0.0
1.7400000000000193 -0.1 0.0
1.7400000000000193 -0.1 0.0
1.7400000000000193 -0.1 0.0
1.7400000000000193 -0.1 0.0
1.7400000000000193 -0.1 0.0
1.7400000000000193 -0.1 0.0
1.7400000000000193 -0.1 0.0
1.7400000000000193 -0.1 0.0
1.7400000000000193 -0.1 0.0
1.7400000000000193 -0.1 0.0
1.7400000000000193 -0.1 0.0
1.7400000000000193 -0.1 0.0
1.7400000000000193 -0.1 0.0
1.7400000000000193 -0.1 0.0
1.7400000000000193 -0.1 0.0
1.7400000000000193 -0.1 0.0
1.7400000000000193 -0.1 0.0
1.7400000000000193 -0.1 0.0
1.7400000000000193 -0.1 0.0
1.7400000000000193 -0.1 0.0
1.7400000000000193 -0.1 0.0
1.7400000000000193 -0.1 0.0
1.7400000000000193 -0.1 0.0
1.7400000000000193 -0.1 0.0
1.7400000000000193 -0.1 0.0
1.7400000000000193 -0.1 0.0
1.7400000000000193 -0.1 0.0
1.7400000000000193 -0.1 0.0
1.7400000000000193 -0.1 0.0
1.7400000000000193 -0.1 0.0
1.7400000000000193 -0.1 0.0
1.7400000000000193 -0.1 0.0
1.7400000000000193 -0.1 0.0
1.7400000000000193 -0.1 0.0
1.7400000000000193 -0.1 0.0
1.7400000000000193 -0.1 0.0
1.7400000000000193 -0.1 0.0
1.7400000000000193 -0.1 0.0
1.7400000000000193 -0.1 0.0
1.7400000000000193 -0.1 0.0
1.7400000000000193 -0.1 0.0
1.7400000000000193 -0.1 0.0
1.7400000000000193 -0.1 0.0
1.7400000000000193 -0.1 0.0
1.7400000000000193 -0.1 0.0
1.7400000000000193 -0.1 0.0
1.7400000000000193 -0.1 0.0
1.7400000000000193 -0.1 0.0
1.7400000000000193 -0.1 0.0
1.7400000000000193 -0.1 0.0
1.7400000000000193 -0.1 0.0
1.7400000000000193 -0.1 0.0
1.7400000000000193 -0.1 0.0
1.7400000000000193 -0.1 0.0
1.7400000000000193 -0.1 0.0
1.7400000000000193 -0.1 0.0
1.7400000000000193 -0.1 0.0
1.7401394752186783 -0.1 6.345356101624323e-05
1.740552536443168 -0.1 0.0002465106205747605
1.7412311370262583 -0.1 0.0005384556434818824
1.742167230320719 -0.1 0.000928892961266139
1.7433527696793196 -0.1 0.001407746772178259
1.7447797084548298 -0.1 0.00196526114119117
1.7464400000000193 -0.1 0.0025919999999999997
1.7483255976676577 -0.1 0.003278847147022074
1.750428454810515 -0.1 0.004017006247396917
1.7527405247813603 -0.1 0.004798000832986255
1.7552537609329637 -0.1 0.00561367430237401
1.757960116618095 -0.1 0.006456189920866304
1.7608515451895235 -0.1 0.007318030820491461
1.763920000000019 -0.1 0.008192
1.7671574344023513 -0.1 0.00907122032486464
1.77055580174929 -0.1 0.009949134527280298
1.774107055393605 -0.1 0.010819505206164096
1.7778031486880654 -0.1 0.01167641482715535
1.7816360349854414 -0.1 0.012514265722615575
1.7855976676385026 -0.1 0.013327780091628487
1.7896800000000186 -0.1 0.014112
1.7938749854227591 -0.1 0.014862287380258223
1.7981745772594937 -0.1 0.015574324031653479
1.8025707288629922 -0.1 0.016244111620158264
1.8070553935860243 -0.1 0.016867971678467306
1.8116205247813595 -0.1 0.0174425456059975
1.8162580758017675 -0.1 0.01796479466888796
1.8209600000000181 -0.1 0.018431999999999997
1.8257182507288812 -0.1 0.01884176259891711
1.8305247813411258 -0.1 0.019192003331945026
1.8353715451895223 -0.1 0.01948096293211162
1.8402504956268402 -0.1 0.019707201999167007
1.8451535860058488 -0.1 0.0198696009995835
1.850072769679318 -0.1 0.019967360266555594
1.8550000000000177 -0.1 0.01999999999999999
1.8599272303207175 -0.1 0.0199673602665556
1.8648464139941867 -0.1 0.0198696009995835
1.8697495043731953 -0.1 0.019707201999167007
1.8746284548105132 -0.1 0.0194809629321116
1.8794752186589094 -0.1 0.019192003331945026
1.8842817492711543 -0.1 0.018841762598917122
1.8890400000000174 -0.1 0.018432000000000004
1.893741924198268 -0.1 0.01796479466888795
1.898379475218676 -0.1 0.017442545605997506
1.9029446064140112 -0.1 0.01686797167846729
1.9074292711370433 -0.1 0.016244111620158264
1.9118254227405418 -0.1 0.015574324031653486
1.9161250145772764 -0.1 0.014862287380258216
1.920320000000017 -0.1 0.014112000000000013
1.9244023323615327 -0.1 0.013327780091628494
1.928363965014594 -0.1 0.012514265722615547
1.93219685131197 -0.1 0.01167641482715534
1.9358929446064306 -0.1 0.01081950520616412
1.9394441982507455 -0.1 0.009949134527280301
1.9428425655976842 -0.1 0.009071220324864626
1.9460800000000165 -0.1 0.008192000000000005
1.949148454810512 -0.1 0.007318030820491456
1.9520398833819406 -0.1 0.006456189920866273
1.9547462390670718 -0.1 0.005613674302374
1.9572594752186752 -0.1 0.004798000832986288
1.9595715451895206 -0.1 0.004017006247396898
1.9616744023323778 -0.1 0.0032788471470220903
1.9635600000000162 -0.1 0.0025920000000000387
1.9652202915452057 -0.1 0.001965261141191166
1.9666472303207159 -0.1 0.0014077467721782533
1.9678327696793165 -0.1 0.0009288929612661367
1.9687688629737772 -0.1 0.0005384556434818721
1.9694474635568675 -0.1 0.00024651062057473583
1.9698605247813572 -0.1 6.345356101622457e-05
1.9700000000000162 -0.1 0.0
1.9700000000000162 -0.1 0.0
1.9700000000000162 -0.1 0.0
1.9700000000000162 -0.1 0.0
1.9700000000000162 -0.1 0.0
1.9700000000000162 -0.1 0.0
1.9700000000000162 -0.1 0.0
1.9700000000000162 -0.1 0.0
1.9700000000000162 -0.1 0.0
1.9700000000000162 -0.1 0.0
1.9700000000000162 -0.1 0.0
1.9700000000000162 -0.1 0.0
1.9700000000000162 -0.1 0.0
1.9700000000000162 -0.1 0.0
1.9700000000000162 -0.1 0.0
1.9700000000000162 -0.1 0.0
1.9700000000000162 -0.1 0.0
1.9700000000000162 -0.1 0.0
1.9700000000000162 -0.1 0.0
1.9700000000000162 -0.1 0.0
1.9700000000000162 -0.1 0.0
1.9700000000000162 -0.1 0.0
1.9700000000000162 -0.1 0.0
1.9700000000000162 -0.1 0.0
1.9700000000000162 -0.1 0.0
1.9700000000000162 -0.1 0.0
1.9700000000000162 -0.1 0.0
1.9700000000000162 -0.1 0.0
1.9700000000000162 -0.1 0.0
1.9700000000000162 -0.1 0.0
1.9700000000000162 -0.1 0.0
1.9700000000000162 -0.1 0.0
1.9700000000000162 -0.1 0.0
1.9700000000000162 -0.1 0.0
1.9700000000000162 -0.1 0.0
1.9700000000000162 -0.1 0.0
1.9700000000000162 -0.1 0.0
1.9700000000000162 -0.1 0.0
1.9700000000000162 -0.1 0.0
1.9700000000000162 -0.1 0.0
1.9700000000000162 -0.1 0.0
1.9700000000000162 -0.1 0.0
1.9700000000000162 -0.1 0.0
1.9700000000000162 -0.1 0.0
1.9700000000000162 -0.1 0.0
1.9700000000000162 -0.1 0.0
1.9700000000000162 -0.1 0.0
1.9700000000000162 -0.1 0.0
1.9700000000000162 -0.1 0.0
1.9700000000000162 -0.1 0.0
1.9700000000000162 -0.1 0.0
1.9700000000000162 -0.1 0.0
1.9700000000000162 -0.1 0.0
1.9700000000000162 -0.1 0.0
1.9700000000000162 -0.1 0.0
1.9700000000000162 -0.1 0.0
1.9700000000000162 -0.1 0.0
1.9700000000000162 -0.1 0.0
1.9700000000000162 -0.1 0.0
1.9700000000000162 -0.1 0.0
1.9700000000000162 -0.1 0.0
1.9700000000000162 -0.1 0.0
1.9700000000000162 -0.1 0.0
1.9700000000000162 -0.1 0.0
1.9700000000000162 -0.1 0.0
1.9700000000000162 -0.1 0.0
1.9700000000000162 -0.1 0.0
1.9700000000000162 -0.1 0.0
1.9700000000000162 -0.1 0.0
1.9700000000000162 -0.1 0.0
1.9700000000000162 -0.1 0.0
1.9700000000000162 -0.1 0.0
1.9700000000000162 -0.1 0.0
1.9700000000000162 -0.1 0.0
1.9700000000000162 -0.1 0.0
1.9700000000000162 -0.1 0.0
1.9700000000000162 -0.1 0.0
1.9700000000000162 -0.1 0.0
1.9700000000000162 -0.1 0.0
1.9700000000000162 -0.1 0.0
1.9700000000000162 -0.1 0.0
1.9700000000000162 -0.1 0.0
1.9700000000000162 -0.1 0.0
1.9700000000000162 -0.1 0.0
1.9700000000000162 -0.1 0.0
1.9700000000000162 -0.1 0.0
1.9700000000000162 -0.1 0.0
1.9700000000000162 -0.1 0.0
1.9700000000000162 -0.1 0.0
1.9700000000000162 -0.1 0.0
1.9700000000000162 -0.1 0.0
1.9700000000000162 -0.1 0.0
1.9700000000000162 -0.1 0.0
1.9700000000000162 -0.1 0.0
1.9700000000000162 -0.1 0.0
1.9700000000000162 -0.1 0.0
1.9700000000000162 -0.1 0.0
1.9700000000000162 -0.1 0.0
1.9700000000000162 -0.1 0.0
1.9700000000000162 -0.1 0.0
1.9700000000000162 -0.1 0.0
1.9700000000000162 -0.1 0.0
1.9700000000000162 -0.1 0.0
1.9700000000000162 -0.1 0.0
1.9700000000000162 -0.1 0.0
1.9700000000000162 -0.1 0.0
1.9700000000000162 -0.1 0.0
1.9700000000000162 -0.1 0.0
1.9700000000000162 -0.1 0.0
1.9700000000000162 -0.1 0.0
1.9700000000000162 -0.1 0.0
1.9700000000000162 -0.1 0.0
1.9700000000000162 -0.1 0.0
1.9700000000000162 -0.1 0.0
1.9700000000000162 -0.1 0.0
1.9700000000000162 -0.1 0.0
1.9700000000000162 -0.1 0.0
1.9700000000000162 -0.1 0.0
1.9700000000000162 -0.1 0.0
1.9700000000000162 -0.1 0.0
1.9700000000000162 -0.1 0.0
1.9700000000000162 -0.1 0.0
1.9700000000000162 -0.1 0.0
1.9700000000000162 -0.1 0.0
1.9700000000000162 -0.1 0.0
1.9700000000000162 -0.1 0.0
1.9700000000000162 -0.1 0.0
1.9700000000000162 -0.1 0.0
1.9700000000000162 -0.1 0.0
1.9700000000000162 -0.1 0.0
1.9700000000000162 -0.1 0.0
1.970060641399433 -0.1 6.345356101624323e-05
1.9702402332361677 -0.1 0.0002465106205747605
1.970535276967946 -0.1 0.0005384556434818824
1.9709422740524942 -0.1 0.000928892961266139
1.9714577259475379 -0.1 0.001407746772178259
1.9720781341108031 -0.1 0.00196526114119117
1.9728000000000159 -0.1 0.0025919999999999997
1.973619825072902 -0.1 0.003278847147022074
1.9745341107871877 -0.1 0.004017006247396917
1.9755393586005987 -0.1 0.004798000832986255
1.9766320699708608 -0.1 0.00561367430237401
1.9778087463557004 -0.1 0.006456189920866304
1.9790658892128432 -0.1 0.007318030820491461
1.980400000000015 -0.1 0.008192
1.981807580174942 -0.1 0.00907122032486464
1.98328513119535 -0.1 0.009949134527280298
1.984829154518965 -0.1 0.010819505206164096
1.986436151603513 -0.1 0.01167641482715535
1.9881026239067197 -0.1 0.012514265722615575
1.9898250728863114 -0.1 0.013327780091628487
1.9916000000000138 -0.1 0.014112
1.993423906705553 -0.1 0.014862287380258223
1.9952932944606547 -0.1 0.015574324031653479
1.9972046647230453 -0.1 0.016244111620158264
1.9991545189504503 -0.1 0.016867971678467306
2.0011393586005957 -0.1 0.0174425456059975
2.003155685131208 -0.1 0.01796479466888796
2.0052000000000123 -0.1 0.018431999999999997
2.007268804664735 -0.1 0.01884176259891711
2.009358600583102 -0.1 0.019192003331945026
2.0114658892128396 -0.1 0.01948096293211162
2.013587172011673 -0.1 0.019707201999167007
2.015718950437329 -0.1 0.0198696009995835
2.0178577259475325 -0.1 0.019967360266555594
2.0200000000000107 -0.1 0.01999999999999999
2.0221422740524884 -0.1 0.0199673602665556
2.0242810495626924 -0.1 0.0198696009995835
2.026412827988348 -0.1 0.019707201999167007
2.0285341107871817 -0.1 0.0194809629321116
2.0306413994169192 -0.1 0.019192003331945026
2.0327311953352862 -0.1 0.018841762598917122
2.034800000000009 -0.1 0.018432000000000004
2.0368443148688136 -0.1 0.01796479466888795
2.0388606413994257 -0.1 0.017442545605997506
2.040845481049571 -0.1 0.01686797167846729
2.042795335276976 -0.1 0.016244111620158264
2.0447067055393666 -0.1 0.015574324031653486
2.0465760932944685 -0.1 0.014862287380258216
2.0484000000000075 -0.1 0.014112000000000013
2.05017492711371 -0.1 0.013327780091628494
2.0518973760933017 -0.1 0.012514265722615547
2.0535638483965086 -0.1 0.01167641482715534
2.055170845481056 -0.1 0.01081950520616412
2.0567148688046712 -0.1 0.009949134527280301
2.058192419825079 -0.1 0.009071220324864626
2.0596000000000063 -0.1 0.008192000000000005
2.060934110787178 -0.1 0.007318030820491456
2.062191253644321 -0.1 0.006456189920866273
2.0633679300291603 -0.1 0.005613674302374
2.064460641399423 -0.1 0.004798000832986288
2.0654658892128337 -0.1 0.004017006247396898
2.066380174927119 -0.1 0.0032788471470220903
2.0672000000000055 -0.1 0.0025920000000000387
2.0679218658892182 -0.1 0.001965261141191166
2.0685422740524833 -0.1 0.0014077467721782533
2.0690577259475273 -0.1 0.0009288929612661367
2.069464723032075 -0.1 0.0005384556434818721
2.0697597667638536 -0.1 0.00024651062057473583
2.069939358600588 -0.1 6.345356101622457e-05
2.070000000000005 -0.1 0.0
2.070000000000005 -0.1 0.0
2.070000000000005 -0.1 0.0
2.070000000000005 -0.1 0.0
2.070000000000005 -0.1 0.0
2.070000000000005 -0.1 0.0
2.070000000000005 -0.1 0.0
2.070000000000005 -0.1 0.0
2.070000000000005 -0.1 0.0
2.070000000000005 -0.1 0.0
2.070000000000005 -0.1 0.0
2.070000000000005 -0.1 0.0
2.070000000000005 -0.1 0.0
2.070000000000005 -0.1 0.0
2.070000000000005 -0.1 0.0
2.070000000000005 -0.1 0.0
2.070000000000005 -0.1 0.0
2.070000000000005 -0.1 0.0
2.070000000000005 -0.1 0.0
2.070000000000005 -0.1 0.0
2.070000000000005 -0.1 0.0
2.070000000000005 -0.1 0.0
2.070000000000005 -0.1 0.0
2.070000000000005 -0.1 0.0
2.070000000000005 -0.1 0.0
2.070000000000005 -0.1 0.0
2.070000000000005 -0.1 0.0
2.070000000000005 -0.1 0.0
2.070000000000005 -0.1 0.0
2.070000000000005 -0.1 0.0
2.070000000000005 -0.1 0.0
2.070000000000005 -0.1 0.0
2.070000000000005 -0.1 0.0
2.070000000000005 -0.1 0.0
2.070000000000005 -0.1 0.0
2.070000000000005 -0.1 0.0
2.070000000000005 -0.1 0.0
2.070000000000005 -0.1 0.0
2.070000000000005 -0.1 0.0
2.070000000000005 -0.1 0.0
2.070000000000005 -0.1 0.0
2.070000000000005 -0.1 0.0
2.070000000000005 -0.1 0.0
2.070000000000005 -0.1 0.0
2.070000000000005 -0.1 0.0
2.070000000000005 -0.1 0.0
2.070000000000005 -0.1 0.0
2.070000000000005 -0.1 0.0
2.070000000000005 -0.1 0.0
2.070000000000005 -0.1 0.0
2.070000000000005 -0.1 0.0
2.070000000000005 -0.1 0.0
2.070000000000005 -0.1 0.0
2.070000000000005 -0.1 0.0
2.070000000000005 -0.1 0.0
2.070000000000005 -0.1 0.0
2.070000000000005 -0.1 0.0
2.070000000000005 -0.1 0.0
2.070000000000005 -0.1 0.0
2.070000000000005 -0.1 0.0
2.070000000000005 -0.1 0.0
2.070000000000005 -0.1 0.0
2.070000000000005 -0.1 0.0
2.070000000000005 -0.1 0.0
2.070000000000005 -0.1 0.0
2.070000000000005 -0.1 0.0
2.070000000000005 -0.1 0.0
2.070000000000005 -0.1 0.0
2.070000000000005 -0.1 0.0
2.070000000000005 -0.1 0.0
2.070000000000005 -0.1 0.0
2.070000000000005 -0.1 0.0
2.070000000000005 -0.1 0.0
2.070000000000005 -0.1 0.0
2.070000000000005 -0.1 0.0
2.070000000000005 -0.1 0.0
2.070000000000005 -0.1 0.0
2.070000000000005 -0.1 0.0
2.070000000000005 -0.1 0.0
2.070000000000005 -0.1 0.0
2.070000000000005 -0.1 0.0
2.070000000000005 -0.1 0.0
2.070000000000005 -0.1 0.0
2.070000000000005 -0.1 0.0
2.070000000000005 -0.1 0.0
2.070000000000005 -0.1 0.0
2.070000000000005 -0.1 0.0
2.070000000000005 -0.1 0.0
2.070000000000005 -0.1 0.0
2.070000000000005 -0.1 0.0
2.070000000000005 -0.1 0.0
2.070000000000005 -0.1 0.0
2.070000000000005 -0.1 0.0
2.070000000000005 -0.1 0.0
2.070000000000005 -0.1 0.0
2.070000000000005 -0.1 0.0
2.070000000000005 -0.1 0.0
2.070000000000005 -0.1 0.0
2.070000000000005 -0.1 0.0
2.070000000000005 -0.1 0.0
2.070000000000005 -0.1 0.0
2.070000000000005 -0.1 0.0
2.070000000000005 -0.1 0.0
2.070000000000005 -0.1 0.0
2.070000000000005 -0.1 0.0
2.070000000000005 -0.1 0.0
2.070000000000005 -0.1 0.0
2.070000000000005 -0.1 0.0
2.070000000000005 -0.1 0.0
2.070000000000005 -0.1 0.0
2.070000000000005 -0.1 0.0
2.070000000000005 -0.1 0.0
2.070000000000005 -0.1 0.0
2.070000000000005 -0.1 0.0
2.070000000000005 -0.1 0.0
2.070000000000005 -0.1 0.0
2.070000000000005 -0.1 0.0
2.070000000000005 -0.1 0.0
2.070000000000005 -0.1 0.0
2.070000000000005 -0.1 0.0
2.070000000000005 -0.1 0.0
2.070000000000005 -0.1 0.0
2.070000000000005 -0.1 0.0
2.070000000000005 -0.1 0.0
2.070000000000005 -0.1 0.0
2.070000000000005 -0.1 0.0
2.070000000000005 -0.1 0.0
2.070000000000005 -0.1 0.0
2.070000000000005 -0.1 0.0
2.070000000000005 -0.1 0.0
2.070000000000005 -0.1 0.0
2.070000000000005 -0.1 6.345356101624323e-05
2.070000000000005 -0.1 0.0002465106205747605
2.070000000000005 -0.1 0.0005384556434818824
2.070000000000005 -0.1 0.000928892961266139
2.070000000000005 -0.1 0.001407746772178259
2.070000000000005 -0.1 0.00196526114119117
2.070000000000005 -0.1 0.0025919999999999997
2.070000000000005 -0.1 0.003278847147022074
2.070000000000005 -0.1 0.004017006247396917
2.070000000000005 -0.1 0.004798000832986255
2.070000000000005 -0.1 0.00561367430237401
2.070000000000005 -0.1 0.006456189920866304
2.070000000000005 -0.1 0.007318030820491461
2.070000000000005 -0.1 0.008192
2.070000000000005 -0.1 0.00907122032486464
2.070000000000005 -0.1 0.009949134527280298
2.070000000000005 -0.1 0.010819505206164096
2.070000000000005 -0.1 0.01167641482715535
2.070000000000005 -0.1 0.012514265722615575
2.070000000000005 -0.1 0.013327780091628487
2.070000000000005 -0.1 0.014112
2.070000000000005 -0.1 0.014862287380258223
2.070000000000005 -0.1 0.015574324031653479
2.070000000000005 -0.1 0.016244111620158264
2.070000000000005 -0.1 0.016867971678467306
2.070000000000005 -0.1 0.0174425456059975
2.070000000000005 -0.1 0.01796479466888796
2.070000000000005 -0.1 0.018431999999999997
2.070000000000005 -0.1 0.01884176259891711
2.070000000000005 -0.1 0.019192003331945026
2.070000000000005 -0.1 0.01948096293211162
2.070000000000005 -0.1 0.019707201999167007
2.070000000000005 -0.1 0.0198696009995835
2.070000000000005 -0.1 0.019967360266555594
2.070000000000005 -0.1 0.01999999999999999
2.070000000000005 -0.1 0.0199673602665556
2.070000000000005 -0.1 0.0198696009995835
2.070000000000005 -0.1 0.019707201999167007
2.070000000000005 -0.1 0.0194809629321116
2.070000000000005 -0.1 0.019192003331945026
2.070000000000005 -0.1 0.018841762598917122
2.070000000000005 -0.1 0.018432000000000004
2.070000000000005 -0.1 0.01796479466888795
2.070000000000005 -0.1 0.017442545605997506
2.070000000000005 -0.1 0.01686797167846729
2.070000000000005 -0.1 0.016244111620158264
2.070000000000005 -0.1 0.015574324031653486
2.070000000000005 -0.1 0.014862287380258216
2.070000000000005 -0.1 0.014112000000000013
2.070000000000005 -0.1 0.013327780091628494
2.070000000000005 -0.1 0.012514265722615547
2.070000000000005 -0.1 0.01167641482715534
2.070000000000005 -0.1 0.01081950520616412
2.070000000000005 -0.1 0.009949134527280301
2.070000000000005 -0.1 0.009071220324864626
2.070000000000005 -0.1 0.008192000000000005
2.070000000000005 -0.1 0.007318030820491456
2.070000000000005 -0.1 0.006456189920866273
2.070000000000005 -0.1 0.005613674302374
2.070000000000005 -0.1 0.004798000832986288
2.070000000000005 -0.1 0.004017006247396898
2.070000000000005 -0.1 0.0032788471470220903
2.070000000000005 -0.1 0.0025920000000000387
2.070000000000005 -0.1 0.001965261141191166
2.070000000000005 -0.1 0.0014077467721782533
2.070000000000005 -0.1 0.0009288929612661367
2.070000000000005 -0.1 0.0005384556434818721
2.070000000000005 -0.1 0.00024651062057473583
2.070000000000005 -0.1 6.345356101622457e-05
2.070000000000005 -0.1 0.0
2.070000000000005 -0.1 0.0
2.070000000000005 -0.1 0.0
2.070000000000005 -0.1 0.0
2.070000000000005 -0.1 0.0
2.070000000000005 -0.1 0.0
2.070000000000005 -0.1 0.0
2.070000000000005 -0.1 0.0
2.070000000000005 -0.1 0.0
2.070000000000005 -0.1 0.0
2.070000000000005 -0.1 0.0
2.070000000000005 -0.1 0.0
2.070000000000005 -0.1 0.0
2.070000000000005 -0.1 0.0
2.070000000000005 -0.1 0.0
2.070000000000005 -0.1 0.0
2.070000000000005 -0.1 0.0
2.070000000000005 -0.1 0.0
2.070000000000005 -0.1 0.0
2.070000000000005 -0.1 0.0
2.070000000000005 -0.1 0.0
2.070000000000005 -0.1 0.0
2.070000000000005 -0.1 0.0
2.070000000000005 -0.1 0.0
2.070000000000005 -0.1 0.0
2.070000000000005 -0.1 0.0
2.070000000000005 -0.1 0.0
2.070000000000005 -0.1 0.0
2.070000000000005 -0.1 0.0
2.070000000000005 -0.1 0.0
