1.0310923973763693e-17
-0.1
0.0
end
1.0310923973763693e-17
0.1
0.0
end
0.14999927817223618
-0.0999997279653076
2.1314625164215882e-07
end
0.3199993415674759
0.10431261899864866
-0.003705500706032173
end
0.4642908106915731
-0.1099867311894283
1.9426581093101775e-05
end
0.6199916542968508
0.09000252733683661
-0.0030246543333997166
end
0.7500690760678471
-0.09996569357045046
-2.4046081080335696e-06
end
0.918083224103234
0.10597778520019642
-0.0003658612410541549
end
1.050013903996751
-0.10000856248105203
6.658105813000082e-07
end
1.2109170094564337
0.09596374017673656
-0.00044840217163998443
end
1.3500210754278914
-0.10000957104891338
1.669337660713721e-06
end
1.4800647199623929
0.10001522299315918
-1.1046336856352543e-06
end
1.610021088467832
-0.10000414092547952
4.269237721782702e-07
end
1.7436089549195843
0.09997187124303959
-0.0001015104389392588
end
1.8700141509025505
-0.10001249228443579
1.063443478188939e-06
end
1.9899996640380864
0.09000050810542683
-0.004991136422807752
end
2.070013454217794
-0.10002898114857477
2.881275104454996e-06
end
2.0700060646430223
0.09999927462697962
-2.984368013527744e-06
end
2.066272319510607
-0.10999956194069324
-0.0008457555799774553
end
2.070000000000005
0.1
0.0
end
