1.0310923973763693e-17 -0.10163857612916291 -1.3877787807814457e-17
1.0310923973763693e-17 -0.10163857612916291 -1.3877787807814457e-17
1.0310923973763693e-17 -0.10163857612916291 -1.3877787807814457e-17
1.0310923973763693e-17 -0.10163857612916291 -1.3877787807814457e-17
1.0310923973763693e-17 -0.10163857612916291 -1.3877787807814457e-17
1.0310923973763693e-17 -0.10163857612916291 -1.3877787807814457e-17
1.0310923973763693e-17 -0.10163857612916291 -1.3877787807814457e-17
1.0310923973763693e-17 -0.10163857612916291 -1.3877787807814457e-17
1.0310923973763693e-17 -0.10163857612916291 -1.3877787807814457e-17
1.0310923973763693e-17 -0.10163857612916291 -1.3877787807814457e-17
1.0310923973763693e-17 -0.10163857612916291 -1.3877787807814457e-17
1.0310923973763693e-17 -0.10163857612916291 -1.3877787807814457e-17
1.0310923973763693e-17 -0.10163857612916291 -1.3877787807814457e-17
1.0310923973763693e-17 -0.10163857612916291 -1.3877787807814457e-17
1.0310923973763693e-17 -0.10163857612916291 -1.3877787807814457e-17
1.0310923973763693e-17 -0.10163857612916291 -1.3877787807814457e-17
1.0310923973763693e-17 -0.10163857612916291 -1.3877787807814457e-17
1.0310923973763693e-17 -0.10163857612916291 -1.3877787807814457e-17
1.0310923973763693e-17 -0.10163857612916291 -1.3877787807814457e-17
1.0310923973763693e-17 -0.10163857612916291 -1.3877787807814457e-17
1.0310923973763693e-17 -0.10163857612916291 -1.3877787807814457e-17
1.0310923973763693e-17 -0.10163857612916291 -1.3877787807814457e-17
1.0310923973763693e-17 -0.10163857612916291 -1.3877787807814457e-17
1.0310923973763693e-17 -0.10163857612916291 -1.3877787807814457e-17
1.0310923973763693e-17 -0.10163857612916291 -1.3877787807814457e-17
1.0310923973763693e-17 -0.10163857612916291 -1.3877787807814457e-17
1.0310923973763693e-17 -0.10163857612916291 -1.3877787807814457e-17
1.0310923973763693e-17 -0.10163857612916291 -1.3877787807814457e-17
1.0310923973763693e-17 -0.10163857612916291 -1.3877787807814457e-17
1.0310923973763693e-17 -0.10163857612916291 -1.3877787807814457e-17
1.0310923973763693e-17 -0.10163857612916291 -1.3877787807814457e-17
1.0310923973763693e-17 -0.10163857612916291 -1.3877787807814457e-17
1.0310923973763693e-17 -0.10163857612916291 -1.3877787807814457e-17
1.0310923973763693e-17 -0.10163857612916291 -1.3877787807814457e-17
1.0310923973763693e-17 -0.10163857612916291 -1.3877787807814457e-17
1.0310923973763693e-17 -0.10163857612916291 -1.3877787807814457e-17
1.0310923973763693e-17 -0.10163857612916291 -1.3877787807814457e-17
1.0310923973763693e-17 -0.10163857612916291 -1.3877787807814457e-17
1.0310923973763693e-17 -0.10163857612916291 -1.3877787807814457e-17
1.0310923973763693e-17 -0.10163857612916291 -1.3877787807814457e-17
1.0310923973763693e-17 -0.10163857612916291 -1.3877787807814457e-17
1.0310923973763693e-17 -0.10163857612916291 -1.3877787807814457e-17
1.0310923973763693e-17 -0.10163857612916291 -1.3877787807814457e-17
1.0310923973763693e-17 -0.10163857612916291 -1.3877787807814457e-17
1.0310923973763693e-17 -0.10163857612916291 -1.3877787807814457e-17
1.0310923973763693e-17 -0.10163857612916291 -1.3877787807814457e-17
1.0310923973763693e-17 -0.10163857612916291 -1.3877787807814457e-17
1.0310923973763693e-17 -0.10163857612916291 -1.3877787807814457e-17
1.0310923973763693e-17 -0.10163857612916291 -1.3877787807814457e-17
1.0310923973763693e-17 -0.10163857612916291 -1.3877787807814457e-17
1.0310923973763693e-17 -0.10163857612916291 -1.3877787807814457e-17
1.0310923973763693e-17 -0.10163857612916291 -1.3877787807814457e-17
1.0310923973763693e-17 -0.10163857612916291 -1.3877787807814457e-17
1.0310923973763693e-17 -0.10163857612916291 -1.3877787807814457e-17
1.0310923973763693e-17 -0.10163857612916291 -1.3877787807814457e-17
1.0310923973763693e-17 -0.10163857612916291 -1.3877787807814457e-17
1.0310923973763693e-17 -0.10163857612916291 -1.3877787807814457e-17
1.0310923973763693e-17 -0.10163857612916291 -1.3877787807814457e-17
1.0310923973763693e-17 -0.10163857612916291 -1.3877787807814457e-17
1.0310923973763693e-17 -0.10163857612916291 -1.3877787807814457e-17
1.0310923973763693e-17 -0.10163857612916291 -1.3877787807814457e-17
1.0310923973763693e-17 -0.10163857612916291 -1.3877787807814457e-17
1.0310923973763693e-17 -0.10163857612916291 -1.3877787807814457e-17
1.0310923973763693e-17 -0.10163857612916291 -1.3877787807814457e-17
1.0310923973763693e-17 -0.10163857612916291 -1.3877787807814457e-17
1.0310923973763693e-17 -0.10163857612916291 -1.3877787807814457e-17
1.0310923973763693e-17 -0.10163857612916291 -1.3877787807814457e-17
1.0310923973763693e-17 -0.10163857612916291 -1.3877787807814457e-17
1.0310923973763693e-17 -0.10163857612916291 -1.3877787807814457e-17
1.0310923973763693e-17 -0.10163857612916291 -1.3877787807814457e-17
1.0310923973763693e-17 -0.10163857612916291 -1.3877787807814457e-17
1.0310923973763693e-17 -0.10163857612916291 -1.3877787807814457e-17
1.0310923973763693e-17 -0.10163857612916291 -1.3877787807814457e-17
1.0310923973763693e-17 -0.10163857612916291 -1.3877787807814457e-17
1.0310923973763693e-17 -0.10163857612916291 -1.3877787807814457e-17
1.0310923973763693e-17 -0.10163857612916291 -1.3877787807814457e-17
1.0310923973763693e-17 -0.10163857612916291 -1.3877787807814457e-17
1.0310923973763693e-17 -0.10163857612916291 -1.3877787807814457e-17
1.0310923973763693e-17 -0.10163857612916291 -1.3877787807814457e-17
1.0310923973763693e-17 -0.10163857612916291 -1.3877787807814457e-17
1.0310923973763693e-17 -0.10163857612916291 -1.3877787807814457e-17
1.0310923973763693e-17 -0.10163857612916291 -1.3877787807814457e-17
1.0310923973763693e-17 -0.10163857612916291 -1.3877787807814457e-17
1.0310923973763693e-17 -0.10163857612916291 -1.3877787807814457e-17
1.0310923973763693e-17 -0.10163857612916291 -1.3877787807814457e-17
1.0310923973763693e-17 -0.10163857612916291 -1.3877787807814457e-17
1.0310923973763693e-17 -0.10163857612916291 -1.3877787807814457e-17
1.0310923973763693e-17 -0.10163857612916291 -1.3877787807814457e-17
1.0310923973763693e-17 -0.10163857612916291 -1.3877787807814457e-17
1.0310923973763693e-17 -0.10163857612916291 -1.3877787807814457e-17
1.0310923973763693e-17 -0.10163857612916291 -1.3877787807814457e-17
1.0310923973763693e-17 -0.10163857612916291 -1.3877787807814457e-17
1.0310923973763693e-17 -0.10163857612916291 -1.3877787807814457e-17
1.0310923973763693e-17 -0.10163857612916291 -1.3877787807814457e-17
1.0310923973763693e-17 -0.10163857612916291 -1.3877787807814457e-17
1.0310923973763693e-17 -0.10163857612916291 -1.3877787807814457e-17
1.0310923973763693e-17 -0.10163857612916291 -1.3877787807814457e-17
1.0310923973763693e-17 -0.10163857612916291 -1.3877787807814457e-17
1.0310923973763693e-17 -0.10163857612916291 -1.3877787807814457e-17
1.0310923973763693e-17 -0.10163857612916291 -1.3877787807814457e-17
1.0310923973763693e-17 -0.10163857612916291 -1.3877787807814457e-17
1.0310923973763693e-17 -0.10163857612916291 -1.3877787807814457e-17
1.0310923973763693e-17 -0.10163857612916291 -1.3877787807814457e-17
1.0310923973763693e-17 -0.10163857612916291 -1.3877787807814457e-17
1.0310923973763693e-17 -0.10163857612916291 -1.3877787807814457e-17
1.0310923973763693e-17 -0.10163857612916291 -1.3877787807814457e-17
1.0310923973763693e-17 -0.10163857612916291 -1.3877787807814457e-17
1.0310923973763693e-17 -0.10163857612916291 -1.3877787807814457e-17
1.0310923973763693e-17 -0.10163857612916291 -1.3877787807814457e-17
1.0310923973763693e-17 -0.10163857612916291 -1.3877787807814457e-17
1.0310923973763693e-17 -0.10163857612916291 -1.3877787807814457e-17
1.0310923973763693e-17 -0.10163857612916291 -1.3877787807814457e-17
1.0310923973763693e-17 -0.10163857612916291 -1.3877787807814457e-17
1.0310923973763693e-17 -0.10163857612916291 -1.3877787807814457e-17
1.0310923973763693e-17 -0.10163857612916291 -1.3877787807814457e-17
1.0310923973763693e-17 -0.10163857612916291 -1.3877787807814457e-17
1.0310923973763693e-17 -0.10163857612916291 -1.3877787807814457e-17
1.0310923973763693e-17 -0.10163857612916291 -1.3877787807814457e-17
1.0310923973763693e-17 -0.10163857612916291 -1.3877787807814457e-17
1.0310923973763693e-17 -0.10163857612916291 -1.3877787807814457e-17
1.0310923973763693e-17 -0.10163857612916291 -1.3877787807814457e-17
1.0310923973763693e-17 -0.10163857612916291 -1.3877787807814457e-17
1.0310923973763693e-17 -0.10163857612916291 -1.3877787807814457e-17
1.0310923973763693e-17 -0.10163857612916291 -1.3877787807814457e-17
1.0310923973763693e-17 -0.10163857612916291 -1.3877787807814457e-17
1.0310923973763693e-17 -0.10163857612916291 -1.3877787807814457e-17
1.0310923973763693e-17 -0.10163857612916291 -1.3877787807814457e-17
1.0310923973763693e-17 -0.10163857612916291 -1.3877787807814457e-17
1.0310923973763693e-17 -0.10163857612916291 -1.3877787807814457e-17
1.0310923973763693e-17 -0.10163857612916291 -1.3877787807814457e-17
1.0310923973763693e-17 -0.10163857612916291 -1.3877787807814457e-17
1.0310923973763693e-17 -0.10163857612916291 -1.3877787807814457e-17
1.0310923973763693e-17 -0.10163857612916291 -1.3877787807814457e-17
1.0310923973763693e-17 -0.10163857612916291 -1.3877787807814457e-17
1.0310923973763693e-17 -0.10163857612916291 -1.3877787807814457e-17
1.0310923973763693e-17 -0.10163857612916291 -1.3877787807814457e-17
1.0310923973763693e-17 -0.10163857612916291 -1.3877787807814457e-17
1.0310923973763693e-17 -0.10163857612916291 -1.3877787807814457e-17
1.0310923973763693e-17 -0.10163857612916291 -1.3877787807814457e-17
1.0310923973763693e-17 -0.10163857612916291 -1.3877787807814457e-17
1.0310923973763693e-17 -0.10163857612916291 -1.3877787807814457e-17
1.0310923973763693e-17 -0.10163857612916291 -1.3877787807814457e-17
1.0310923973763693e-17 -0.10163857612916291 -1.3877787807814457e-17
1.0310923973763693e-17 -0.10163857612916291 -1.3877787807814457e-17
1.0310923973763693e-17 -0.10163857612916291 -1.3877787807814457e-17
1.0310923973763693e-17 -0.10163857612916291 -1.3877787807814457e-17
1.0310923973763693e-17 -0.10163857612916291 -1.3877787807814457e-17
1.0310923973763693e-17 -0.10163857612916291 -1.3877787807814457e-17
1.0310923973763693e-17 -0.10163857612916291 -1.3877787807814457e-17
1.0310923973763693e-17 -0.10163857612916291 -1.3877787807814457e-17
1.0310923973763693e-17 -0.10163857612916291 -1.3877787807814457e-17
1.0310923973763693e-17 -0.10163857612916291 -1.3877787807814457e-17
1.0310923973763693e-17 -0.10163857612916291 -1.3877787807814457e-17
1.0310923973763693e-17 -0.10163857612916291 -1.3877787807814457e-17
1.0310923973763693e-17 -0.10163857612916291 -1.3877787807814457e-17
1.0310923973763693e-17 -0.10163857612916291 -1.3877787807814457e-17
1.0310923973763693e-17 -0.10163857612916291 -1.3877787807814457e-17
1.0310923973763693e-17 -0.10163857612916291 -1.3877787807814457e-17
1.0310923973763693e-17 -0.10163857612916291 -1.3877787807814457e-17
1.0310923973763693e-17 -0.10163857612916291 -1.3877787807814457e-17
1.0310923973763693e-17 -0.10163857612916291 -1.3877787807814457e-17
1.0310923973763693e-17 -0.10163857612916291 -1.3877787807814457e-17
1.0310923973763693e-17 -0.10163857612916291 -1.3877787807814457e-17
1.0310923973763693e-17 -0.10163857612916291 -1.3877787807814457e-17
1.0310923973763693e-17 -0.10163857612916291 -1.3877787807814457e-17
1.0310923973763693e-17 -0.10163857612916291 -1.3877787807814457e-17
1.0310923973763693e-17 -0.10163857612916291 -1.3877787807814457e-17
1.0310923973763693e-17 -0.10163857612916291 -1.3877787807814457e-17
1.0310923973763693e-17 -0.10163857612916291 -1.3877787807814457e-17
1.0310923973763693e-17 -0.10163857612916291 -1.3877787807814457e-17
1.0310923973763693e-17 -0.10163857612916291 -1.3877787807814457e-17
1.0310923973763693e-17 -0.10163857612916291 -1.3877787807814457e-17
1.0310923973763693e-17 -0.10163857612916291 -1.3877787807814457e-17
1.0310923973763693e-17 -0.10163857612916291 -1.3877787807814457e-17
1.0310923973763693e-17 -0.10163857612916291 -1.3877787807814457e-17
1.0310923973763693e-17 -0.10163857612916291 -1.3877787807814457e-17
1.0310923973763693e-17 -0.10163857612916291 -1.3877787807814457e-17
1.0310923973763693e-17 -0.10163857612916291 -1.3877787807814457e-17
1.0310923973763693e-17 -0.10163857612916291 -1.3877787807814457e-17
1.0310923973763693e-17 -0.10163857612916291 -1.3877787807814457e-17
1.0310923973763693e-17 -0.10163857612916291 -1.3877787807814457e-17
1.0310923973763693e-17 -0.10163857612916291 -1.3877787807814457e-17
1.0310923973763693e-17 -0.10163857612916291 -1.3877787807814457e-17
1.0310923973763693e-17 -0.10163857612916291 -1.3877787807814457e-17
1.0310923973763693e-17 -0.10163857612916291 -1.3877787807814457e-17
1.0310923973763693e-17 -0.10163857612916291 -1.3877787807814457e-17
1.0310923973763693e-17 -0.10163857612916291 -1.3877787807814457e-17
1.0310923973763693e-17 -0.10163857612916291 -1.3877787807814457e-17
1.0310923973763693e-17 -0.10163857612916291 -1.3877787807814457e-17
1.0310923973763693e-17 -0.10163857612916291 -1.3877787807814457e-17
1.0310923973763693e-17 -0.10163857612916291 -1.3877787807814457e-17
1.0310923973763693e-17 -0.10163857612916291 -1.3877787807814457e-17
1.0310923973763693e-17 -0.10163857612916291 -1.3877787807814457e-17
1.0310923973763693e-17 -0.10163857612916291 -1.3877787807814457e-17
1.0310923973763693e-17 -0.10163857612916291 -1.3877787807814457e-17
1.0310923973763693e-17 -0.10163857612916291 -1.3877787807814457e-17
1.0310923973763693e-17 -0.10163857612916291 -1.3877787807814457e-17
1.0310923973763693e-17 -0.10163857612916291 -1.3877787807814457e-17
1.0310923973763693e-17 -0.10163857612916291 -1.3877787807814457e-17
1.0310923973763693e-17 -0.10163857612916291 -1.3877787807814457e-17
1.0310923973763693e-17 -0.1 0.0
1.0310923973763693e-17 -0.1 0.0
1.0310923973763693e-17 -0.1 0.0
1.0310923973763693e-17 -0.1 0.0
1.0310923973763693e-17 -0.1 0.0
1.0310923973763693e-17 -0.1 0.0
1.0310923973763693e-17 -0.1 0.0
1.0310923973763693e-17 -0.1 0.0
1.0310923973763693e-17 -0.1 0.0
1.0310923973763693e-17 -0.1 0.0
1.0310923973763693e-17 -0.1 0.0
1.0310923973763693e-17 -0.1 0.0
1.0310923973763693e-17 -0.1 0.0
1.0310923973763693e-17 -0.1 0.0
1.0310923973763693e-17 -0.1 0.0
1.0310923973763693e-17 -0.1 0.0
1.0310923973763693e-17 -0.1 0.0
1.0310923973763693e-17 -0.1 0.0
1.0310923973763693e-17 -0.1 0.0
1.0310923973763693e-17 -0.1 0.0
1.0310923973763693e-17 -0.1 0.0
1.0310923973763693e-17 -0.1 0.0
1.0310923973763693e-17 -0.1 0.0
1.0310923973763693e-17 -0.1 0.0
1.0310923973763693e-17 -0.1 0.0
1.0310923973763693e-17 -0.1 0.0
1.0310923973763693e-17 -0.1 0.0
1.0310923973763693e-17 -0.1 0.0
1.0310923973763693e-17 -0.1 0.0
1.0310923973763693e-17 -0.1 0.0
1.0310923973763693e-17 -0.1 0.0
1.0310923973763693e-17 -0.1 0.0
1.0310923973763693e-17 -0.1 0.0
1.0310923973763693e-17 -0.1 0.0
1.0310923973763693e-17 -0.1 0.0
1.0310923973763693e-17 -0.1 0.0
1.0310923973763693e-17 -0.1 0.0
1.0310923973763693e-17 -0.1 0.0
1.0310923973763693e-17 -0.1 0.0
1.0310923973763693e-17 -0.1 0.0
1.0310923973763693e-17 -0.1 0.0
1.0310923973763693e-17 -0.1 0.0
1.0310923973763693e-17 -0.1 0.0
1.0310923973763693e-17 -0.1 0.0
1.0310923973763693e-17 -0.1 0.0
1.0310923973763693e-17 -0.1 0.0
1.0310923973763693e-17 -0.1 0.0
1.0310923973763693e-17 -0.1 0.0
1.0310923973763693e-17 -0.1 0.0
1.0310923973763693e-17 -0.1 0.0
1.0310923973763693e-17 -0.1 0.0
1.0310923973763693e-17 -0.1 0.0
1.0310923973763693e-17 -0.1 0.0
1.0310923973763693e-17 -0.1 0.0
1.0310923973763693e-17 -0.1 0.0
1.0310923973763693e-17 -0.1 0.0
1.0310923973763693e-17 -0.1 0.0
1.0310923973763693e-17 -0.1 0.0
1.0310923973763693e-17 -0.1 0.0
1.0310923973763693e-17 -0.1 0.0
1.0310923973763693e-17 -0.1 0.0
1.0310923973763693e-17 -0.1 0.0
1.0310923973763693e-17 -0.1 0.0
1.0310923973763693e-17 -0.1 0.0
1.0310923973763693e-17 -0.1 0.0
1.0310923973763693e-17 -0.1 0.0
1.0310923973763693e-17 -0.1 0.0
1.0310923973763693e-17 -0.1 0.0
1.0310923973763693e-17 -0.1 0.0
1.0310923973763693e-17 -0.1 0.0
1.0310923973763693e-17 -0.1 0.0
1.0310923973763693e-17 -0.1 0.0
1.0310923973763693e-17 -0.1 0.0
1.0310923973763693e-17 -0.1 0.0
1.0310923973763693e-17 -0.1 0.0
1.0310923973763693e-17 -0.1 0.0
1.0310923973763693e-17 -0.1 0.0
1.0310923973763693e-17 -0.1 0.0
1.0310923973763693e-17 -0.1 0.0
1.0310923973763693e-17 -0.1 0.0
1.0310923973763693e-17 -0.1 0.0
1.0310923973763693e-17 -0.1 0.0
1.0310923973763693e-17 -0.1 0.0
1.0310923973763693e-17 -0.1 0.0
1.0310923973763693e-17 -0.1 0.0
1.0310923973763693e-17 -0.1 0.0
1.0310923973763693e-17 -0.1 0.0
1.0310923973763693e-17 -0.1 0.0
1.0310923973763693e-17 -0.1 0.0
1.0310923973763693e-17 -0.1 0.0
1.0310923973763693e-17 -0.1 0.0
1.0310923973763693e-17 -0.1 0.0
1.0310923973763693e-17 -0.1 0.0
1.0310923973763693e-17 -0.1 0.0
1.0310923973763693e-17 -0.1 0.0
1.0310923973763693e-17 -0.1 0.0
1.0310923973763693e-17 -0.1 0.0
1.0310923973763693e-17 -0.1 0.0
1.0310923973763693e-17 -0.1 0.0
1.0310923973763693e-17 -0.1 0.0
1.0310923973763693e-17 -0.1 0.0
0.00024256559766764897 -0.1 0.0006345356101624323
0.000960932944606425 -0.1 0.002465106205747605
0.0021411078717201285 -0.1 0.0053845564348188255
0.0037690962099125496 -0.1 0.009288929612661392
0.005830903790087478 -0.1 0.014077467721782592
0.008312536443148704 -0.1 0.019652611411911703
0.011200000000000017 -0.1 0.02592
0.01447930029154521 -0.1 0.03278847147022074
0.01813644314868807 -0.1 0.040170062473969176
0.022157434402332386 -0.1 0.04798000832986256
0.026528279883381953 -0.1 0.0561367430237401
0.031234985422740558 -0.1 0.06456189920866305
0.03626355685131199 -0.1 0.07318030820491461
0.04160000000000003 -0.1 0.08191999999999999
0.04723032069970849 -0.1 0.0907122032486464
0.05314052478134115 -0.1 0.099491345272803
0.05931661807580179 -0.1 0.10819505206164098
0.06574460641399422 -0.1 0.1167641482715535
0.07241049562682222 -0.1 0.12514265722615575
0.07930029154518958 -0.1 0.1332778009162849
0.08640000000000006 -0.1 0.14111999999999997
0.09369562682215753 -0.1 0.14862287380258224
0.1011731778425657 -0.1 0.15574324031653478
0.10881865889212837 -0.1 0.16244111620158266
0.11661807580174935 -0.1 0.16867971678467306
0.12455743440233247 -0.1 0.174425456059975
0.13262274052478143 -0.1 0.17964794668887962
0.1408000000000001 -0.1 0.18431999999999998
0.14907521865889223 -0.1 0.18841762598917122
0.1574344023323616 -0.1 0.19192003331945023
0.16586355685131204 -0.1 0.19480962932111612
0.17434868804664733 -0.1 0.19707201999167012
0.1828758017492713 -0.1 0.19869600999583503
0.19143090379008756 -0.1 0.199673602665556
0.20000000000000015 -0.1 0.19999999999999996
0.20856909620991268 -0.1 0.1996736026655559
0.21712419825072898 -0.1 0.19869600999583503
0.22565131195335292 -0.1 0.19707201999167012
0.23413644314868823 -0.1 0.19480962932111623
0.2425655976676387 -0.1 0.1919200333194504
0.25092478134110807 -0.1 0.188417625989171
0.25920000000000015 -0.1 0.18431999999999982
0.26737725947521884 -0.1 0.1796479466888794
0.27544256559766783 -0.1 0.17442545605997495
0.28338192419825087 -0.1 0.1686797167846732
0.29118134110787197 -0.1 0.16244111620158241
0.29882682215743456 -0.1 0.15574324031653486
0.3063043731778428 -0.1 0.14862287380258232
0.3136000000000002 -0.1 0.1411199999999999
0.32069970845481066 -0.1 0.13327780091628494
0.327589504373178 -0.1 0.1251426572261558
0.33425539358600603 -0.1 0.11676414827155357
0.34068338192419845 -0.1 0.10819505206164082
0.3468594752186591 -0.1 0.09949134527280279
0.3527696793002918 -0.1 0.09071220324864604
0.3584000000000002 -0.1 0.08191999999999977
0.36373644314868836 -0.1 0.07318030820491472
0.36876501457725963 -0.1 0.0645618992086634
0.3734717201166182 -0.1 0.056136743023740276
0.3778425655976678 -0.1 0.04798000832986249
0.38186355685131207 -0.1 0.04017006247396937
0.38552069970845504 -0.1 0.03278847147022024
0.3888000000000002 -0.1 0.02591999999999972
0.3916874635568515 -0.1 0.019652611411911547
0.39416909620991275 -0.1 0.014077467721782533
0.3962309037900878 -0.1 0.009288929612661256
0.3978588921282802 -0.1 0.005384556434818943
0.39903906705539377 -0.1 0.0024651062057476913
0.3997574344023325 -0.1 0.0006345356101622457
0.4000000000000003 -0.1 0.0
0.4000000000000003 -0.1 0.0
0.4000000000000003 -0.1 0.0
0.4000000000000003 -0.1 0.0
0.4000000000000003 -0.1 0.0
0.4000000000000003 -0.1 0.0
0.4000000000000003 -0.1 0.0
0.4000000000000003 -0.1 0.0
0.4000000000000003 -0.1 0.0
0.4000000000000003 -0.1 0.0
0.4000000000000003 -0.1 0.0
0.4000000000000003 -0.1 0.0
0.4000000000000003 -0.1 0.0
0.4000000000000003 -0.1 0.0
0.4000000000000003 -0.1 0.0
0.4000000000000003 -0.1 0.0
0.4000000000000003 -0.1 0.0
0.4000000000000003 -0.1 0.0
0.4000000000000003 -0.1 0.0
0.4000000000000003 -0.1 0.0
0.4000000000000003 -0.1 0.0
0.4000000000000003 -0.1 0.0
0.4000000000000003 -0.1 0.0
0.4000000000000003 -0.1 0.0
0.4000000000000003 -0.1 0.0
0.4000000000000003 -0.1 0.0
0.4000000000000003 -0.1 0.0
0.4000000000000003 -0.1 0.0
0.4000000000000003 -0.1 0.0
0.4000000000000003 -0.1 0.0
0.4000000000000003 -0.1 0.0
0.4000000000000003 -0.1 0.0
0.4000000000000003 -0.1 0.0
0.4000000000000003 -0.1 0.0
0.4000000000000003 -0.1 0.0
0.4000000000000003 -0.1 0.0
0.4000000000000003 -0.1 0.0
0.4000000000000003 -0.1 0.0
0.4000000000000003 -0.1 0.0
0.4000000000000003 -0.1 0.0
0.4000000000000003 -0.1 0.0
0.4000000000000003 -0.1 0.0
0.4000000000000003 -0.1 0.0
0.4000000000000003 -0.1 0.0
0.4000000000000003 -0.1 0.0
0.4000000000000003 -0.1 0.0
0.4000000000000003 -0.1 0.0
0.4000000000000003 -0.1 0.0
0.4000000000000003 -0.1 0.0
0.4000000000000003 -0.1 0.0
0.4000000000000003 -0.1 0.0
0.4000000000000003 -0.1 0.0
0.4000000000000003 -0.1 0.0
0.4000000000000003 -0.1 0.0
0.4000000000000003 -0.1 0.0
0.4000000000000003 -0.1 0.0
0.4000000000000003 -0.1 0.0
0.4000000000000003 -0.1 0.0
0.4000000000000003 -0.1 0.0
0.4000000000000003 -0.1 0.0
0.4000000000000003 -0.1 0.0
0.4000000000000003 -0.1 0.0
0.4000000000000003 -0.1 0.0
0.4000000000000003 -0.1 0.0
0.4000000000000003 -0.1 0.0
0.4000000000000003 -0.1 0.0
0.4000000000000003 -0.1 0.0
0.4000000000000003 -0.1 0.0
0.4000000000000003 -0.1 0.0
0.4000000000000003 -0.1 0.0
0.4000000000000003 -0.1 0.0
0.4000000000000003 -0.1 0.0
0.4000000000000003 -0.1 0.0
0.4000000000000003 -0.1 0.0
0.4000000000000003 -0.1 0.0
0.4000000000000003 -0.1 0.0
0.4000000000000003 -0.1 0.0
0.4000000000000003 -0.1 0.0
0.4000000000000003 -0.1 0.0
0.4000000000000003 -0.1 0.0
0.4000000000000003 -0.1 0.0
0.4000000000000003 -0.1 0.0
0.4000000000000003 -0.1 0.0
0.4000000000000003 -0.1 0.0
0.4000000000000003 -0.1 0.0
0.4000000000000003 -0.1 0.0
0.4000000000000003 -0.1 0.0
0.4000000000000003 -0.1 0.0
0.4000000000000003 -0.1 0.0
0.4000000000000003 -0.1 0.0
0.4000000000000003 -0.1 0.0
0.4000000000000003 -0.1 0.0
0.4000000000000003 -0.1 0.0
0.4000000000000003 -0.1 0.0
0.4000000000000003 -0.1 0.0
0.4000000000000003 -0.1 0.0
0.4000000000000003 -0.1 0.0
0.4000000000000003 -0.1 0.0
0.4000000000000003 -0.1 0.0
0.4000000000000003 -0.1 0.0
0.4000000000000003 -0.1 0.0
0.4000000000000003 -0.1 0.0
0.4000000000000003 -0.1 0.0
0.4000000000000003 -0.1 0.0
0.4000000000000003 -0.1 0.0
0.4000000000000003 -0.1 0.0
0.4000000000000003 -0.1 0.0
0.4000000000000003 -0.1 0.0
0.4000000000000003 -0.1 0.0
0.4000000000000003 -0.1 0.0
0.4000000000000003 -0.1 0.0
0.4000000000000003 -0.1 0.0
0.4000000000000003 -0.1 0.0
0.4000000000000003 -0.1 0.0
0.4000000000000003 -0.1 0.0
0.4000000000000003 -0.1 0.0
0.4000000000000003 -0.1 0.0
0.4000000000000003 -0.1 0.0
0.4000000000000003 -0.1 0.0
0.4000000000000003 -0.1 0.0
0.4000000000000003 -0.1 0.0
0.4000000000000003 -0.1 0.0
0.4000000000000003 -0.1 0.0
0.4000000000000003 -0.1 0.0
0.4000000000000003 -0.1 0.0
0.4000000000000003 -0.1 0.0
0.4000000000000003 -0.1 0.0
0.4000000000000003 -0.1 0.0
0.4000000000000003 -0.1 0.0
0.4000000000000003 -0.1 0.0
0.4000000000000003 -0.1 0.0
0.4003032069970848 -0.1 0.0006345356101624323
0.4012011661807583 -0.1 0.002465106205747605
0.40267638483965046 -0.1 0.0053845564348188255
0.40471137026239096 -0.1 0.009288929612661392
0.40728862973760965 -0.1 0.014077467721782592
0.4103906705539362 -0.1 0.019652611411911703
0.4140000000000003 -0.1 0.02592
0.4180991253644318 -0.1 0.03278847147022074
0.4226705539358604 -0.1 0.040170062473969176
0.4276967930029158 -0.1 0.04798000832986256
0.43316034985422774 -0.1 0.0561367430237401
0.439043731778426 -0.1 0.06456189920866305
0.44532944606414027 -0.1 0.07318030820491461
0.45200000000000035 -0.1 0.08191999999999999
0.4590379008746359 -0.1 0.0907122032486464
0.46642565597667673 -0.1 0.099491345272803
0.47414577259475255 -0.1 0.10819505206164098
0.48218075801749305 -0.1 0.1167641482715535
0.49051311953352805 -0.1 0.12514265722615575
0.49912536443148725 -0.1 0.1332778009162849
0.5080000000000003 -0.1 0.14111999999999997
0.5171195335276972 -0.1 0.14862287380258224
0.5264664723032074 -0.1 0.15574324031653478
0.5360233236151608 -0.1 0.16244111620158266
0.545772594752187 -0.1 0.16867971678467306
0.5556967930029159 -0.1 0.174425456059975
0.5657784256559771 -0.1 0.17964794668887962
0.5760000000000005 -0.1 0.18431999999999998
0.5863440233236156 -0.1 0.18841762598917122
0.5967930029154523 -0.1 0.19192003331945023
0.6073294460641404 -0.1 0.19480962932111612
0.6179358600583095 -0.1 0.19707201999167012
0.6285947521865894 -0.1 0.19869600999583503
0.6392886297376098 -0.1 0.199673602665556
0.6500000000000006 -0.1 0.19999999999999996
0.6607113702623912 -0.1 0.1996736026655559
0.6714052478134116 -0.1 0.19869600999583503
0.6820641399416916 -0.1 0.19707201999167012
0.6926705539358606 -0.1 0.19480962932111623
0.7032069970845487 -0.1 0.1919200333194504
0.7136559766763855 -0.1 0.188417625989171
0.7240000000000005 -0.1 0.18431999999999982
0.7342215743440239 -0.1 0.1796479466888794
0.7443032069970852 -0.1 0.17442545605997495
0.754227405247814 -0.1 0.1686797167846732
0.7639766763848403 -0.1 0.16244111620158241
0.7735335276967936 -0.1 0.15574324031653486
0.7828804664723039 -0.1 0.14862287380258232
0.7920000000000006 -0.1 0.1411199999999999
0.8008746355685137 -0.1 0.13327780091628494
0.809486880466473 -0.1 0.1251426572261558
0.8178192419825079 -0.1 0.11676414827155357
0.8258542274052485 -0.1 0.10819505206164082
0.8335743440233243 -0.1 0.09949134527280279
0.840962099125365 -0.1 0.09071220324864604
0.8480000000000006 -0.1 0.08191999999999977
0.8546705539358608 -0.1 0.07318030820491472
0.8609562682215749 -0.1 0.0645618992086634
0.8668396501457731 -0.1 0.056136743023740276
0.8723032069970851 -0.1 0.04798000832986249
0.8773294460641405 -0.1 0.04017006247396937
0.8819008746355692 -0.1 0.03278847147022024
0.8860000000000006 -0.1 0.02591999999999972
0.8896093294460647 -0.1 0.019652611411911547
0.8927113702623912 -0.1 0.014077467721782533
0.8952886297376101 -0.1 0.009288929612661256
0.8973236151603505 -0.1 0.005384556434818943
0.8987988338192425 -0.1 0.0024651062057476913
0.899696793002916 -0.1 0.0006345356101622457
0.9000000000000007 -0.1 0.0
0.9000000000000007 -0.1 0.0
0.9000000000000007 -0.1 0.0
0.9000000000000007 -0.1 0.0
0.9000000000000007 -0.1 0.0
0.9000000000000007 -0.1 0.0
0.9000000000000007 -0.1 0.0
0.9000000000000007 -0.1 0.0
0.9000000000000007 -0.1 0.0
0.9000000000000007 -0.1 0.0
0.9000000000000007 -0.1 0.0
0.9000000000000007 -0.1 0.0
0.9000000000000007 -0.1 0.0
0.9000000000000007 -0.1 0.0
0.9000000000000007 -0.1 0.0
0.9000000000000007 -0.1 0.0
0.9000000000000007 -0.1 0.0
0.9000000000000007 -0.1 0.0
0.9000000000000007 -0.1 0.0
0.9000000000000007 -0.1 0.0
0.9000000000000007 -0.1 0.0
0.9000000000000007 -0.1 0.0
0.9000000000000007 -0.1 0.0
0.9000000000000007 -0.1 0.0
0.9000000000000007 -0.1 0.0
0.9000000000000007 -0.1 0.0
0.9000000000000007 -0.1 0.0
0.9000000000000007 -0.1 0.0
0.9000000000000007 -0.1 0.0
0.9000000000000007 -0.1 0.0
0.9000000000000007 -0.1 0.0
0.9000000000000007 -0.1 0.0
0.9000000000000007 -0.1 0.0
0.9000000000000007 -0.1 0.0
0.9000000000000007 -0.1 0.0
0.9000000000000007 -0.1 0.0
0.9000000000000007 -0.1 0.0
0.9000000000000007 -0.1 0.0
0.9000000000000007 -0.1 0.0
0.9000000000000007 -0.1 0.0
0.9000000000000007 -0.1 0.0
0.9000000000000007 -0.1 0.0
0.9000000000000007 -0.1 0.0
0.9000000000000007 -0.1 0.0
0.9000000000000007 -0.1 0.0
0.9000000000000007 -0.1 0.0
0.9000000000000007 -0.1 0.0
0.9000000000000007 -0.1 0.0
0.9000000000000007 -0.1 0.0
0.9000000000000007 -0.1 0.0
0.9000000000000007 -0.1 0.0
0.9000000000000007 -0.1 0.0
0.9000000000000007 -0.1 0.0
0.9000000000000007 -0.1 0.0
0.9000000000000007 -0.1 0.0
0.9000000000000007 -0.1 0.0
0.9000000000000007 -0.1 0.0
0.9000000000000007 -0.1 0.0
0.9000000000000007 -0.1 0.0
0.9000000000000007 -0.1 0.0
0.9000000000000007 -0.1 0.0
0.9000000000000007 -0.1 0.0
0.9000000000000007 -0.1 0.0
0.9000000000000007 -0.1 0.0
0.9000000000000007 -0.1 0.0
0.9000000000000007 -0.1 0.0
0.9000000000000007 -0.1 0.0
0.9000000000000007 -0.1 0.0
0.9000000000000007 -0.1 0.0
0.9000000000000007 -0.1 0.0
0.9000000000000007 -0.1 0.0
0.9000000000000007 -0.1 0.0
0.9000000000000007 -0.1 0.0
0.9000000000000007 -0.1 0.0
0.9000000000000007 -0.1 0.0
0.9000000000000007 -0.1 0.0
0.9000000000000007 -0.1 0.0
0.9000000000000007 -0.1 0.0
0.9000000000000007 -0.1 0.0
0.9000000000000007 -0.1 0.0
0.9000000000000007 -0.1 0.0
0.9000000000000007 -0.1 0.0
0.9000000000000007 -0.1 0.0
0.9000000000000007 -0.1 0.0
0.9000000000000007 -0.1 0.0
0.9000000000000007 -0.1 0.0
0.9000000000000007 -0.1 0.0
0.9000000000000007 -0.1 0.0
0.9000000000000007 -0.1 0.0
0.9000000000000007 -0.1 0.0
0.9000000000000007 -0.1 0.0
0.9000000000000007 -0.1 0.0
0.9000000000000007 -0.1 0.0
0.9000000000000007 -0.1 0.0
0.9000000000000007 -0.1 0.0
0.9000000000000007 -0.1 0.0
0.9000000000000007 -0.1 0.0
0.9000000000000007 -0.1 0.0
0.9000000000000007 -0.1 0.0
0.9000000000000007 -0.1 0.0
0.9000000000000007 -0.1 0.0
0.9000000000000007 -0.1 0.0
0.9000000000000007 -0.1 0.0
0.9000000000000007 -0.1 0.0
0.9000000000000007 -0.1 0.0
0.9000000000000007 -0.1 0.0
0.9000000000000007 -0.1 0.0
0.9000000000000007 -0.1 0.0
0.9000000000000007 -0.1 0.0
0.9000000000000007 -0.1 0.0
0.9000000000000007 -0.1 0.0
0.9000000000000007 -0.1 0.0
0.9000000000000007 -0.1 0.0
0.9000000000000007 -0.1 0.0
0.9000000000000007 -0.1 0.0
0.9000000000000007 -0.1 0.0
0.9000000000000007 -0.1 0.0
0.9000000000000007 -0.1 0.0
0.9000000000000007 -0.1 0.0
0.9000000000000007 -0.1 0.0
0.9000000000000007 -0.1 0.0
0.9000000000000007 -0.1 0.0
0.9000000000000007 -0.1 0.0
0.9000000000000007 -0.1 0.0
0.9000000000000007 -0.1 0.0
0.9000000000000007 -0.1 0.0
0.9000000000000007 -0.1 0.0
0.9000000000000007 -0.1 0.0
0.9000000000000007 -0.1 0.0
0.9000000000000007 -0.1 0.0
0.9000000000000007 -0.1 0.0
0.9003638483965022 -0.1 0.0006345356101624323
0.9014413994169103 -0.1 0.002465106205747605
0.9032116618075807 -0.1 0.0053845564348188255
0.9056536443148693 -0.1 0.009288929612661392
0.9087463556851316 -0.1 0.014077467721782592
0.9124688046647234 -0.1 0.019652611411911703
0.9168000000000002 -0.1 0.02592
0.9217189504373178 -0.1 0.03278847147022074
0.927204664723032 -0.1 0.040170062473969176
0.9332361516034983 -0.1 0.04798000832986256
0.9397924198250723 -0.1 0.0561367430237401
0.9468524781341101 -0.1 0.06456189920866305
0.954395335276967 -0.1 0.07318030820491461
0.9623999999999988 -0.1 0.08191999999999999
0.9708454810495613 -0.1 0.0907122032486464
0.97971078717201 -0.1 0.099491345272803
0.9889749271137006 -0.1 0.10819505206164098
0.9986169096209889 -0.1 0.1167641482715535
1.0086157434402307 -0.1 0.12514265722615575
1.0189504373177813 -0.1 0.1332778009162849
1.0295999999999967 -0.1 0.14111999999999997
1.0405434402332325 -0.1 0.14862287380258224
1.0517597667638445 -0.1 0.15574324031653478
1.063227988338188 -0.1 0.16244111620158266
1.0749271137026193 -0.1 0.16867971678467306
1.0868361516034937 -0.1 0.174425456059975
1.0989341107871666 -0.1 0.17964794668887962
1.1111999999999944 -0.1 0.18431999999999998
1.1236128279883322 -0.1 0.18841762598917122
1.136151603498536 -0.1 0.19192003331945023
1.148795335276961 -0.1 0.19480962932111612
1.1615230320699637 -0.1 0.19707201999167012
1.1743137026238992 -0.1 0.19869600999583503
1.1871463556851232 -0.1 0.199673602665556
1.1999999999999917 -0.1 0.19999999999999996
1.21285364431486 -0.1 0.1996736026655559
1.2256862973760843 -0.1 0.19869600999583503
1.2384769679300196 -0.1 0.19707201999167012
1.2512046647230222 -0.1 0.19480962932111623
1.2638483965014475 -0.1 0.1919200333194504
1.2763871720116513 -0.1 0.188417625989171
1.288799999999989 -0.1 0.18431999999999982
1.3010658892128166 -0.1 0.1796479466888794
1.3131638483964898 -0.1 0.17442545605997495
1.325072886297364 -0.1 0.1686797167846732
1.3367720116617952 -0.1 0.16244111620158241
1.3482402332361387 -0.1 0.15574324031653486
1.3594565597667507 -0.1 0.14862287380258232
1.3703999999999865 -0.1 0.1411199999999999
1.381049562682202 -0.1 0.13327780091628494
1.3913842565597525 -0.1 0.1251426572261558
1.4013830903789941 -0.1 0.11676414827155357
1.4110250728862828 -0.1 0.10819505206164082
1.4202892128279734 -0.1 0.09949134527280279
1.4291545189504222 -0.1 0.09071220324864604
1.4375999999999844 -0.1 0.08191999999999977
1.4456046647230165 -0.1 0.07318030820491472
1.4531475218658731 -0.1 0.0645618992086634
1.4602075801749108 -0.1 0.056136743023740276
1.4667638483964849 -0.1 0.04798000832986249
1.4727953352769512 -0.1 0.04017006247396937
1.4782810495626655 -0.1 0.03278847147022024
1.4831999999999832 -0.1 0.02591999999999972
1.48753119533526 -0.1 0.019652611411911547
1.4912536443148516 -0.1 0.014077467721782533
1.494346355685114 -0.1 0.009288929612661256
1.4967883381924025 -0.1 0.005384556434818943
1.4985586005830729 -0.1 0.0024651062057476913
1.499636151603481 -0.1 0.0006345356101622457
1.4999999999999827 -0.1 0.0
1.4999999999999827 -0.1 0.0
1.4999999999999827 -0.1 0.0
1.4999999999999827 -0.1 0.0
1.4999999999999827 -0.1 0.0
1.4999999999999827 -0.1 0.0
1.4999999999999827 -0.1 0.0
1.4999999999999827 -0.1 0.0
1.4999999999999827 -0.1 0.0
1.4999999999999827 -0.1 0.0
1.4999999999999827 -0.1 0.0
1.4999999999999827 -0.1 0.0
1.4999999999999827 -0.1 0.0
1.4999999999999827 -0.1 0.0
1.4999999999999827 -0.1 0.0
1.4999999999999827 -0.1 0.0
1.4999999999999827 -0.1 0.0
1.4999999999999827 -0.1 0.0
1.4999999999999827 -0.1 0.0
1.4999999999999827 -0.1 0.0
1.4999999999999827 -0.1 0.0
1.4999999999999827 -0.1 0.0
1.4999999999999827 -0.1 0.0
1.4999999999999827 -0.1 0.0
1.4999999999999827 -0.1 0.0
1.4999999999999827 -0.1 0.0
1.4999999999999827 -0.1 0.0
1.4999999999999827 -0.1 0.0
1.4999999999999827 -0.1 0.0
1.4999999999999827 -0.1 0.0
1.4999999999999827 -0.1 0.0
1.4999999999999827 -0.1 0.0
1.4999999999999827 -0.1 0.0
1.4999999999999827 -0.1 0.0
1.4999999999999827 -0.1 0.0
1.4999999999999827 -0.1 0.0
1.4999999999999827 -0.1 0.0
1.4999999999999827 -0.1 0.0
1.4999999999999827 -0.1 0.0
1.4999999999999827 -0.1 0.0
1.4999999999999827 -0.1 0.0
1.4999999999999827 -0.1 0.0
1.4999999999999827 -0.1 0.0
1.4999999999999827 -0.1 0.0
1.4999999999999827 -0.1 0.0
1.4999999999999827 -0.1 0.0
1.4999999999999827 -0.1 0.0
1.4999999999999827 -0.1 0.0
1.4999999999999827 -0.1 0.0
1.4999999999999827 -0.1 0.0
1.4999999999999827 -0.1 0.0
1.4999999999999827 -0.1 0.0
1.4999999999999827 -0.1 0.0
1.4999999999999827 -0.1 0.0
1.4999999999999827 -0.1 0.0
1.4999999999999827 -0.1 0.0
1.4999999999999827 -0.1 0.0
1.4999999999999827 -0.1 0.0
1.4999999999999827 -0.1 0.0
1.4999999999999827 -0.1 0.0
1.4999999999999827 -0.1 0.0
1.4999999999999827 -0.1 0.0
1.4999999999999827 -0.1 0.0
1.4999999999999827 -0.1 0.0
1.4999999999999827 -0.1 0.0
1.4999999999999827 -0.1 0.0
1.4999999999999827 -0.1 0.0
1.4999999999999827 -0.1 0.0
1.4999999999999827 -0.1 0.0
1.4999999999999827 -0.1 0.0
1.4999999999999827 -0.1 0.0
1.4999999999999827 -0.1 0.0
1.4999999999999827 -0.1 0.0
1.4999999999999827 -0.1 0.0
1.4999999999999827 -0.1 0.0
1.4999999999999827 -0.1 0.0
1.4999999999999827 -0.1 0.0
1.4999999999999827 -0.1 0.0
1.4999999999999827 -0.1 0.0
1.4999999999999827 -0.1 0.0
1.4999999999999827 -0.1 0.0
1.4999999999999827 -0.1 0.0
1.4999999999999827 -0.1 0.0
1.4999999999999827 -0.1 0.0
1.4999999999999827 -0.1 0.0
1.4999999999999827 -0.1 0.0
1.4999999999999827 -0.1 0.0
1.4999999999999827 -0.1 0.0
1.4999999999999827 -0.1 0.0
1.4999999999999827 -0.1 0.0
1.4999999999999827 -0.1 0.0
1.4999999999999827 -0.1 0.0
1.4999999999999827 -0.1 0.0
1.4999999999999827 -0.1 0.0
1.4999999999999827 -0.1 0.0
1.4999999999999827 -0.1 0.0
1.4999999999999827 -0.1 0.0
1.4999999999999827 -0.1 0.0
1.4999999999999827 -0.1 0.0
1.4999999999999827 -0.1 0.0
1.4999999999999827 -0.1 0.0
1.4999999999999827 -0.1 0.0
1.4999999999999827 -0.1 0.0
1.4999999999999827 -0.1 0.0
1.4999999999999827 -0.1 0.0
1.4999999999999827 -0.1 0.0
1.4999999999999827 -0.1 0.0
1.4999999999999827 -0.1 0.0
1.4999999999999827 -0.1 0.0
1.4999999999999827 -0.1 0.0
1.4999999999999827 -0.1 0.0
1.4999999999999827 -0.1 0.0
1.4999999999999827 -0.1 0.0
1.4999999999999827 -0.1 0.0
1.4999999999999827 -0.1 0.0
1.4999999999999827 -0.1 0.0
1.4999999999999827 -0.1 0.0
1.4999999999999827 -0.1 0.0
1.4999999999999827 -0.1 0.0
1.4999999999999827 -0.1 0.0
1.4999999999999827 -0.1 0.0
1.4999999999999827 -0.1 0.0
1.4999999999999827 -0.1 0.0
1.4999999999999827 -0.1 0.0
1.4999999999999827 -0.1 0.0
1.4999999999999827 -0.1 0.0
1.4999999999999827 -0.1 0.0
1.4999999999999827 -0.1 0.0
1.4999999999999827 -0.1 0.0
1.4999999999999827 -0.1 0.0
1.4999999999999827 -0.1 0.0
1.500363848396484 -0.1 0.0006345356101624323
1.5014413994168923 -0.1 0.002465106205747605
1.5032116618075628 -0.1 0.0053845564348188255
1.5056536443148514 -0.1 0.009288929612661392
1.5087463556851137 -0.1 0.014077467721782592
1.5124688046647055 -0.1 0.019652611411911703
1.5167999999999824 -0.1 0.02592
1.5217189504372999 -0.1 0.03278847147022074
1.5272046647230142 -0.1 0.040170062473969176
1.5332361516034805 -0.1 0.04798000832986256
1.5397924198250545 -0.1 0.0561367430237401
1.5468524781340924 -0.1 0.06456189920866305
1.5543953352769493 -0.1 0.07318030820491461
1.5623999999999811 -0.1 0.08191999999999999
1.5708454810495436 -0.1 0.0907122032486464
1.5797107871719924 -0.1 0.099491345272803
1.5889749271136833 -0.1 0.10819505206164098
1.5986169096209717 -0.1 0.1167641482715535
1.6086157434402133 -0.1 0.12514265722615575
1.6189504373177641 -0.1 0.1332778009162849
1.6295999999999795 -0.1 0.14111999999999997
1.6405434402332155 -0.1 0.14862287380258224
1.6517597667638275 -0.1 0.15574324031653478
1.6632279883381713 -0.1 0.16244111620158266
1.6749271137026025 -0.1 0.16867971678467306
1.6868361516034769 -0.1 0.174425456059975
1.69893411078715 -0.1 0.17964794668887962
1.7111999999999776 -0.1 0.18431999999999998
1.7236128279883156 -0.1 0.18841762598917122
1.7361516034985194 -0.1 0.19192003331945023
1.7487953352769448 -0.1 0.19480962932111612
1.7615230320699473 -0.1 0.19707201999167012
1.7743137026238829 -0.1 0.19869600999583503
1.787146355685107 -0.1 0.199673602665556
1.7999999999999756 -0.1 0.19999999999999996
1.8128536443148442 -0.1 0.1996736026655559
1.8256862973760684 -0.1 0.19869600999583503
1.8384769679300037 -0.1 0.19707201999167012
1.8512046647230065 -0.1 0.19480962932111623
1.8638483965014319 -0.1 0.1919200333194504
1.8763871720116356 -0.1 0.188417625989171
1.8887999999999736 -0.1 0.18431999999999982
1.9010658892128012 -0.1 0.1796479466888794
1.9131638483964744 -0.1 0.17442545605997495
1.9250728862973487 -0.1 0.1686797167846732
1.93677201166178 -0.1 0.16244111620158241
1.9482402332361237 -0.1 0.15574324031653486
1.9594565597667357 -0.1 0.14862287380258232
1.9703999999999715 -0.1 0.1411199999999999
1.9810495626821871 -0.1 0.13327780091628494
1.991384256559738 -0.1 0.1251426572261558
2.0013830903789795 -0.1 0.11676414827155357
2.0110250728862678 -0.1 0.10819505206164082
2.020289212827959 -0.1 0.09949134527280279
2.029154518950407 -0.1 0.09071220324864604
2.03759999999997 -0.1 0.08191999999999977
2.045604664723002 -0.1 0.07318030820491472
2.0531475218658586 -0.1 0.0645618992086634
2.0602075801748967 -0.1 0.056136743023740276
2.0667638483964708 -0.1 0.04798000832986249
2.072795335276937 -0.1 0.04017006247396937
2.0782810495626514 -0.1 0.03278847147022024
2.0831999999999686 -0.1 0.02591999999999972
2.0875311953352456 -0.1 0.019652611411911547
2.0912536443148375 -0.1 0.014077467721782533
2.0943463556851 -0.1 0.009288929612661256
2.0967883381923884 -0.1 0.005384556434818943
2.0985586005830585 -0.1 0.0024651062057476913
2.099636151603467 -0.1 0.0006345356101622457
2.0999999999999686 -0.1 0.0
2.0999999999999686 -0.1 0.0
2.0999999999999686 -0.1 0.0
2.0999999999999686 -0.1 0.0
2.0999999999999686 -0.1 0.0
2.0999999999999686 -0.1 0.0
2.0999999999999686 -0.1 0.0
2.0999999999999686 -0.1 0.0
2.0999999999999686 -0.1 0.0
2.0999999999999686 -0.1 0.0
2.0999999999999686 -0.1 0.0
2.0999999999999686 -0.1 0.0
2.0999999999999686 -0.1 0.0
2.0999999999999686 -0.1 0.0
2.0999999999999686 -0.1 0.0
2.0999999999999686 -0.1 0.0
2.0999999999999686 -0.1 0.0
2.0999999999999686 -0.1 0.0
2.0999999999999686 -0.1 0.0
2.0999999999999686 -0.1 0.0
2.0999999999999686 -0.1 0.0
2.0999999999999686 -0.1 0.0
2.0999999999999686 -0.1 0.0
2.0999999999999686 -0.1 0.0
2.0999999999999686 -0.1 0.0
2.0999999999999686 -0.1 0.0
2.0999999999999686 -0.1 0.0
2.0999999999999686 -0.1 0.0
2.0999999999999686 -0.1 0.0
2.0999999999999686 -0.1 0.0
2.0999999999999686 -0.1 0.0
2.0999999999999686 -0.1 0.0
2.0999999999999686 -0.1 0.0
2.0999999999999686 -0.1 0.0
2.0999999999999686 -0.1 0.0
2.0999999999999686 -0.1 0.0
2.0999999999999686 -0.1 0.0
2.0999999999999686 -0.1 0.0
2.0999999999999686 -0.1 0.0
2.0999999999999686 -0.1 0.0
2.0999999999999686 -0.1 0.0
2.0999999999999686 -0.1 0.0
2.0999999999999686 -0.1 0.0
2.0999999999999686 -0.1 0.0
2.0999999999999686 -0.1 0.0
2.0999999999999686 -0.1 0.0
2.0999999999999686 -0.1 0.0
2.0999999999999686 -0.1 0.0
2.0999999999999686 -0.1 0.0
2.0999999999999686 -0.1 0.0
2.0999999999999686 -0.1 0.0
2.0999999999999686 -0.1 0.0
2.0999999999999686 -0.1 0.0
2.0999999999999686 -0.1 0.0
2.0999999999999686 -0.1 0.0
2.0999999999999686 -0.1 0.0
2.0999999999999686 -0.1 0.0
2.0999999999999686 -0.1 0.0
2.0999999999999686 -0.1 0.0
2.0999999999999686 -0.1 0.0
2.0999999999999686 -0.1 0.0
2.0999999999999686 -0.1 0.0
2.0999999999999686 -0.1 0.0
2.0999999999999686 -0.1 0.0
2.0999999999999686 -0.1 0.0
2.0999999999999686 -0.1 0.0
2.0999999999999686 -0.1 0.0
2.0999999999999686 -0.1 0.0
2.0999999999999686 -0.1 0.0
2.0999999999999686 -0.1 0.0
2.0999999999999686 -0.1 0.0
2.0999999999999686 -0.1 0.0
2.0999999999999686 -0.1 0.0
2.0999999999999686 -0.1 0.0
2.0999999999999686 -0.1 0.0
2.0999999999999686 -0.1 0.0
2.0999999999999686 -0.1 0.0
2.0999999999999686 -0.1 0.0
2.0999999999999686 -0.1 0.0
2.0999999999999686 -0.1 0.0
2.0999999999999686 -0.1 0.0
2.0999999999999686 -0.1 0.0
2.0999999999999686 -0.1 0.0
2.0999999999999686 -0.1 0.0
2.0999999999999686 -0.1 0.0
2.0999999999999686 -0.1 0.0
2.0999999999999686 -0.1 0.0
2.0999999999999686 -0.1 0.0
2.0999999999999686 -0.1 0.0
2.0999999999999686 -0.1 0.0
2.0999999999999686 -0.1 0.0
2.0999999999999686 -0.1 0.0
2.0999999999999686 -0.1 0.0
2.0999999999999686 -0.1 0.0
2.0999999999999686 -0.1 0.0
2.0999999999999686 -0.1 0.0
2.0999999999999686 -0.1 0.0
2.0999999999999686 -0.1 0.0
2.0999999999999686 -0.1 0.0
2.0999999999999686 -0.1 0.0
2.0999999999999686 -0.1 0.0
2.0999999999999686 -0.1 0.0
2.0999999999999686 -0.1 0.0
2.0999999999999686 -0.1 0.0
2.0999999999999686 -0.1 0.0
2.0999999999999686 -0.1 0.0
2.0999999999999686 -0.1 0.0
2.0999999999999686 -0.1 0.0
2.0999999999999686 -0.1 0.0
2.0999999999999686 -0.1 0.0
2.0999999999999686 -0.1 0.0
2.0999999999999686 -0.1 0.0
2.0999999999999686 -0.1 0.0
2.0999999999999686 -0.1 0.0
2.0999999999999686 -0.1 0.0
2.0999999999999686 -0.1 0.0
2.0999999999999686 -0.1 0.0
2.0999999999999686 -0.1 0.0
2.0999999999999686 -0.1 0.0
2.0999999999999686 -0.1 0.0
2.0999999999999686 -0.1 0.0
2.0999999999999686 -0.1 0.0
2.0999999999999686 -0.1 0.0
2.0999999999999686 -0.1 0.0
2.0999999999999686 -0.1 0.0
2.0999999999999686 -0.1 0.0
2.0999999999999686 -0.1 0.0
2.0999999999999686 -0.1 0.0
2.0999999999999686 -0.1 0.0
2.0999999999999686 -0.1 0.0
2.0999999999999686 -0.1 0.0
2.10036384839647 -0.1 0.0006345356101624323
2.101441399416878 -0.1 0.002465106205747605
2.1032116618075487 -0.1 0.0053845564348188255
2.1056536443148377 -0.1 0.009288929612661392
2.1087463556851 -0.1 0.014077467721782592
2.112468804664692 -0.1 0.019652611411911703
2.1167999999999694 -0.1 0.02592
2.121718950437287 -0.1 0.03278847147022074
2.127204664723002 -0.1 0.040170062473969176
2.1332361516034686 -0.1 0.04798000832986256
2.139792419825043 -0.1 0.0561367430237401
2.146852478134081 -0.1 0.06456189920866305
2.1543953352769387 -0.1 0.07318030820491461
2.162399999999971 -0.1 0.08191999999999999
2.170845481049534 -0.1 0.0907122032486464
2.179710787171983 -0.1 0.099491345272803
2.1889749271136747 -0.1 0.10819505206164098
2.1986169096209633 -0.1 0.1167641482715535
2.208615743440206 -0.1 0.12514265722615575
2.2189504373177575 -0.1 0.1332778009162849
2.2295999999999734 -0.1 0.14111999999999997
2.24054344023321 -0.1 0.14862287380258224
2.251759766763823 -0.1 0.15574324031653478
2.263227988338167 -0.1 0.16244111620158266
2.2749271137025993 -0.1 0.16867971678467306
2.2868361516034743 -0.1 0.174425456059975
2.298934110787148 -0.1 0.17964794668887962
2.3111999999999764 -0.1 0.18431999999999998
2.323612827988315 -0.1 0.18841762598917122
2.3361516034985197 -0.1 0.19192003331945023
2.3487953352769457 -0.1 0.19480962932111612
2.3615230320699494 -0.1 0.19707201999167012
2.3743137026238856 -0.1 0.19869600999583503
2.3871463556851107 -0.1 0.199673602665556
2.39999999999998 -0.1 0.19999999999999996
2.412853644314849 -0.1 0.1996736026655559
2.425686297376074 -0.1 0.19869600999583503
2.4384769679300105 -0.1 0.19707201999167012
2.451204664723014 -0.1 0.19480962932111623
2.46384839650144 -0.1 0.1919200333194504
2.476387172011645 -0.1 0.188417625989171
2.4887999999999835 -0.1 0.18431999999999982
2.5010658892128115 -0.1 0.1796479466888794
2.5131638483964855 -0.1 0.17442545605997495
2.5250728862973606 -0.1 0.1686797167846732
2.536772011661793 -0.1 0.16244111620158241
2.548240233236137 -0.1 0.15574324031653486
2.55945655976675 -0.1 0.14862287380258232
2.5703999999999865 -0.1 0.1411199999999999
2.5810495626822023 -0.1 0.13327780091628494
2.591384256559754 -0.1 0.1251426572261558
2.601383090378996 -0.1 0.11676414827155357
2.611025072886285 -0.1 0.10819505206164082
2.6202892128279767 -0.1 0.09949134527280279
2.629154518950426 -0.1 0.09071220324864604
2.637599999999989 -0.1 0.08191999999999977
2.645604664723021 -0.1 0.07318030820491472
2.6531475218658787 -0.1 0.0645618992086634
2.6602075801749168 -0.1 0.056136743023740276
2.6667638483964913 -0.1 0.04798000832986249
2.672795335276958 -0.1 0.04017006247396937
2.6782810495626723 -0.1 0.03278847147022024
2.6831999999999905 -0.1 0.02591999999999972
2.687531195335268 -0.1 0.019652611411911547
2.69125364431486 -0.1 0.014077467721782533
2.694346355685122 -0.1 0.009288929612661256
2.696788338192411 -0.1 0.005384556434818943
2.6985586005830813 -0.1 0.0024651062057476913
2.6996361516034897 -0.1 0.0006345356101622457
2.6999999999999913 -0.1 0.0
2.6999999999999913 -0.1 0.0
2.6999999999999913 -0.1 0.0
2.6999999999999913 -0.1 0.0
2.6999999999999913 -0.1 0.0
2.6999999999999913 -0.1 0.0
2.6999999999999913 -0.1 0.0
2.6999999999999913 -0.1 0.0
2.6999999999999913 -0.1 0.0
2.6999999999999913 -0.1 0.0
2.6999999999999913 -0.1 0.0
2.6999999999999913 -0.1 0.0
2.6999999999999913 -0.1 0.0
2.6999999999999913 -0.1 0.0
2.6999999999999913 -0.1 0.0
2.6999999999999913 -0.1 0.0
2.6999999999999913 -0.1 0.0
2.6999999999999913 -0.1 0.0
2.6999999999999913 -0.1 0.0
2.6999999999999913 -0.1 0.0
2.6999999999999913 -0.1 0.0
2.6999999999999913 -0.1 0.0
2.6999999999999913 -0.1 0.0
2.6999999999999913 -0.1 0.0
2.6999999999999913 -0.1 0.0
2.6999999999999913 -0.1 0.0
2.6999999999999913 -0.1 0.0
2.6999999999999913 -0.1 0.0
2.6999999999999913 -0.1 0.0
2.6999999999999913 -0.1 0.0
2.6999999999999913 -0.1 0.0
2.6999999999999913 -0.1 0.0
2.6999999999999913 -0.1 0.0
2.6999999999999913 -0.1 0.0
2.6999999999999913 -0.1 0.0
2.6999999999999913 -0.1 0.0
2.6999999999999913 -0.1 0.0
2.6999999999999913 -0.1 0.0
2.6999999999999913 -0.1 0.0
2.6999999999999913 -0.1 0.0
2.6999999999999913 -0.1 0.0
2.6999999999999913 -0.1 0.0
2.6999999999999913 -0.1 0.0
2.6999999999999913 -0.1 0.0
2.6999999999999913 -0.1 0.0
2.6999999999999913 -0.1 0.0
2.6999999999999913 -0.1 0.0
2.6999999999999913 -0.1 0.0
2.6999999999999913 -0.1 0.0
2.6999999999999913 -0.1 0.0
2.6999999999999913 -0.1 0.0
2.6999999999999913 -0.1 0.0
2.6999999999999913 -0.1 0.0
2.6999999999999913 -0.1 0.0
2.6999999999999913 -0.1 0.0
2.6999999999999913 -0.1 0.0
2.6999999999999913 -0.1 0.0
2.6999999999999913 -0.1 0.0
2.6999999999999913 -0.1 0.0
2.6999999999999913 -0.1 0.0
2.6999999999999913 -0.1 0.0
2.6999999999999913 -0.1 0.0
2.6999999999999913 -0.1 0.0
2.6999999999999913 -0.1 0.0
2.6999999999999913 -0.1 0.0
2.6999999999999913 -0.1 0.0
2.6999999999999913 -0.1 0.0
2.6999999999999913 -0.1 0.0
2.6999999999999913 -0.1 0.0
2.6999999999999913 -0.1 0.0
2.6999999999999913 -0.1 0.0
2.6999999999999913 -0.1 0.0
2.6999999999999913 -0.1 0.0
2.6999999999999913 -0.1 0.0
2.6999999999999913 -0.1 0.0
2.6999999999999913 -0.1 0.0
2.6999999999999913 -0.1 0.0
2.6999999999999913 -0.1 0.0
2.6999999999999913 -0.1 0.0
2.6999999999999913 -0.1 0.0
2.6999999999999913 -0.1 0.0
2.6999999999999913 -0.1 0.0
2.6999999999999913 -0.1 0.0
2.6999999999999913 -0.1 0.0
2.6999999999999913 -0.1 0.0
2.6999999999999913 -0.1 0.0
2.6999999999999913 -0.1 0.0
2.6999999999999913 -0.1 0.0
2.6999999999999913 -0.1 0.0
2.6999999999999913 -0.1 0.0
2.6999999999999913 -0.1 0.0
2.6999999999999913 -0.1 0.0
2.6999999999999913 -0.1 0.0
2.6999999999999913 -0.1 0.0
2.6999999999999913 -0.1 0.0
2.6999999999999913 -0.1 0.0
2.6999999999999913 -0.1 0.0
2.6999999999999913 -0.1 0.0
2.6999999999999913 -0.1 0.0
2.6999999999999913 -0.1 0.0
2.6999999999999913 -0.1 0.0
2.6999999999999913 -0.1 0.0
2.6999999999999913 -0.1 0.0
2.6999999999999913 -0.1 0.0
2.6999999999999913 -0.1 0.0
2.6999999999999913 -0.1 0.0
2.6999999999999913 -0.1 0.0
2.6999999999999913 -0.1 0.0
2.6999999999999913 -0.1 0.0
2.6999999999999913 -0.1 0.0
2.6999999999999913 -0.1 0.0
2.6999999999999913 -0.1 0.0
2.6999999999999913 -0.1 0.0
2.6999999999999913 -0.1 0.0
2.6999999999999913 -0.1 0.0
2.6999999999999913 -0.1 0.0
2.6999999999999913 -0.1 0.0
2.6999999999999913 -0.1 0.0
2.6999999999999913 -0.1 0.0
2.6999999999999913 -0.1 0.0
2.6999999999999913 -0.1 0.0
2.6999999999999913 -0.1 0.0
2.6999999999999913 -0.1 0.0
2.6999999999999913 -0.1 0.0
2.6999999999999913 -0.1 0.0
2.6999999999999913 -0.1 0.0
2.6999999999999913 -0.1 0.0
2.6999999999999913 -0.1 0.0
2.6999999999999913 -0.1 0.0
2.6999999999999913 -0.1 0.0
2.6999999999999913 -0.1 0.0
2.700363848396493 -0.1 0.0006345356101624323
2.701441399416901 -0.1 0.002465106205747605
2.7032116618075714 -0.1 0.0053845564348188255
2.7056536443148604 -0.1 0.009288929612661392
2.708746355685123 -0.1 0.014077467721782592
2.7124688046647147 -0.1 0.019652611411911703
2.716799999999992 -0.1 0.02592
2.72171895043731 -0.1 0.03278847147022074
2.7272046647230246 -0.1 0.040170062473969176
2.7332361516034913 -0.1 0.04798000832986256
2.739792419825066 -0.1 0.0561367430237401
2.746852478134104 -0.1 0.06456189920866305
2.7543953352769615 -0.1 0.07318030820491461
2.7623999999999937 -0.1 0.08191999999999999
2.7708454810495566 -0.1 0.0907122032486464
2.779710787172006 -0.1 0.099491345272803
2.7889749271136974 -0.1 0.10819505206164098
2.798616909620986 -0.1 0.1167641482715535
2.8086157434402286 -0.1 0.12514265722615575
2.8189504373177803 -0.1 0.1332778009162849
2.829599999999996 -0.1 0.14111999999999997
2.840543440233233 -0.1 0.14862287380258224
2.8517597667638457 -0.1 0.15574324031653478
2.8632279883381897 -0.1 0.16244111620158266
2.874927113702622 -0.1 0.16867971678467306
2.886836151603497 -0.1 0.174425456059975
2.8989341107871707 -0.1 0.17964794668887962
2.911199999999999 -0.1 0.18431999999999998
2.9236128279883378 -0.1 0.18841762598917122
2.9361516034985424 -0.1 0.19192003331945023
2.9487953352769685 -0.1 0.19480962932111612
2.961523032069972 -0.1 0.19707201999167012
2.9743137026239084 -0.1 0.19869600999583503
2.9871463556851334 -0.1 0.199673602665556
3.0000000000000027 -0.1 0.19999999999999996
3.012853644314872 -0.1 0.1996736026655559
3.025686297376097 -0.1 0.19869600999583503
3.038476967930033 -0.1 0.19707201999167012
3.051204664723037 -0.1 0.19480962932111623
3.063848396501463 -0.1 0.1919200333194504
3.0763871720116676 -0.1 0.188417625989171
3.088800000000006 -0.1 0.18431999999999982
3.101065889212834 -0.1 0.1796479466888794
3.1131638483965083 -0.1 0.17442545605997495
3.1250728862973833 -0.1 0.1686797167846732
3.1367720116618156 -0.1 0.16244111620158241
3.1482402332361596 -0.1 0.15574324031653486
3.1594565597667725 -0.1 0.14862287380258232
3.170400000000009 -0.1 0.1411199999999999
3.181049562682225 -0.1 0.13327780091628494
3.1913842565597768 -0.1 0.1251426572261558
3.201383090379019 -0.1 0.11676414827155357
3.211025072886308 -0.1 0.10819505206164082
3.2202892128279994 -0.1 0.09949134527280279
3.2291545189504487 -0.1 0.09071220324864604
3.2376000000000116 -0.1 0.08191999999999977
3.245604664723044 -0.1 0.07318030820491472
3.2531475218659014 -0.1 0.0645618992086634
3.2602075801749395 -0.1 0.056136743023740276
3.266763848396514 -0.1 0.04798000832986249
3.2727953352769807 -0.1 0.04017006247396937
3.278281049562695 -0.1 0.03278847147022024
3.283200000000013 -0.1 0.02591999999999972
3.2875311953352906 -0.1 0.019652611411911547
3.2912536443148825 -0.1 0.014077467721782533
3.294346355685145 -0.1 0.009288929612661256
3.296788338192434 -0.1 0.005384556434818943
3.298558600583104 -0.1 0.0024651062057476913
3.2996361516035124 -0.1 0.0006345356101622457
3.300000000000014 -0.1 0.0
3.300000000000014 -0.1 0.0
3.300000000000014 -0.1 0.0
3.300000000000014 -0.1 0.0
3.300000000000014 -0.1 0.0
3.300000000000014 -0.1 0.0
3.300000000000014 -0.1 0.0
3.300000000000014 -0.1 0.0
3.300000000000014 -0.1 0.0
3.300000000000014 -0.1 0.0
3.300000000000014 -0.1 0.0
3.300000000000014 -0.1 0.0
3.300000000000014 -0.1 0.0
3.300000000000014 -0.1 0.0
3.300000000000014 -0.1 0.0
3.300000000000014 -0.1 0.0
3.300000000000014 -0.1 0.0
3.300000000000014 -0.1 0.0
3.300000000000014 -0.1 0.0
3.300000000000014 -0.1 0.0
3.300000000000014 -0.1 0.0
3.300000000000014 -0.1 0.0
3.300000000000014 -0.1 0.0
3.300000000000014 -0.1 0.0
3.300000000000014 -0.1 0.0
3.300000000000014 -0.1 0.0
3.300000000000014 -0.1 0.0
3.300000000000014 -0.1 0.0
3.300000000000014 -0.1 0.0
3.300000000000014 -0.1 0.0
3.300000000000014 -0.1 0.0
3.300000000000014 -0.1 0.0
3.300000000000014 -0.1 0.0
3.300000000000014 -0.1 0.0
3.300000000000014 -0.1 0.0
3.300000000000014 -0.1 0.0
3.300000000000014 -0.1 0.0
3.300000000000014 -0.1 0.0
3.300000000000014 -0.1 0.0
3.300000000000014 -0.1 0.0
3.300000000000014 -0.1 0.0
3.300000000000014 -0.1 0.0
3.300000000000014 -0.1 0.0
3.300000000000014 -0.1 0.0
3.300000000000014 -0.1 0.0
3.300000000000014 -0.1 0.0
3.300000000000014 -0.1 0.0
3.300000000000014 -0.1 0.0
3.300000000000014 -0.1 0.0
3.300000000000014 -0.1 0.0
3.300000000000014 -0.1 0.0
3.300000000000014 -0.1 0.0
3.300000000000014 -0.1 0.0
3.300000000000014 -0.1 0.0
3.300000000000014 -0.1 0.0
3.300000000000014 -0.1 0.0
3.300000000000014 -0.1 0.0
3.300000000000014 -0.1 0.0
3.300000000000014 -0.1 0.0
3.300000000000014 -0.1 0.0
3.300000000000014 -0.1 0.0
3.300000000000014 -0.1 0.0
3.300000000000014 -0.1 0.0
3.300000000000014 -0.1 0.0
3.300000000000014 -0.1 0.0
3.300000000000014 -0.1 0.0
3.300000000000014 -0.1 0.0
3.300000000000014 -0.1 0.0
3.300000000000014 -0.1 0.0
3.300000000000014 -0.1 0.0
3.300000000000014 -0.1 0.0
3.300000000000014 -0.1 0.0
3.300000000000014 -0.1 0.0
3.300000000000014 -0.1 0.0
3.300000000000014 -0.1 0.0
3.300000000000014 -0.1 0.0
3.300000000000014 -0.1 0.0
3.300000000000014 -0.1 0.0
3.300000000000014 -0.1 0.0
3.300000000000014 -0.1 0.0
3.300000000000014 -0.1 0.0
3.300000000000014 -0.1 0.0
3.300000000000014 -0.1 0.0
3.300000000000014 -0.1 0.0
3.300000000000014 -0.1 0.0
3.300000000000014 -0.1 0.0
3.300000000000014 -0.1 0.0
3.300000000000014 -0.1 0.0
3.300000000000014 -0.1 0.0
3.300000000000014 -0.1 0.0
3.300000000000014 -0.1 0.0
3.300000000000014 -0.1 0.0
3.300000000000014 -0.1 0.0
3.300000000000014 -0.1 0.0
3.300000000000014 -0.1 0.0
3.300000000000014 -0.1 0.0
3.300000000000014 -0.1 0.0
3.300000000000014 -0.1 0.0
3.300000000000014 -0.1 0.0
3.300000000000014 -0.1 0.0
3.300000000000014 -0.1 0.0
3.300000000000014 -0.1 0.0
3.300000000000014 -0.1 0.0
3.300000000000014 -0.1 0.0
3.300000000000014 -0.1 0.0
3.300000000000014 -0.1 0.0
3.300000000000014 -0.1 0.0
3.300000000000014 -0.1 0.0
3.300000000000014 -0.1 0.0
3.300000000000014 -0.1 0.0
3.300000000000014 -0.1 0.0
3.300000000000014 -0.1 0.0
3.300000000000014 -0.1 0.0
3.300000000000014 -0.1 0.0
3.300000000000014 -0.1 0.0
3.300000000000014 -0.1 0.0
3.300000000000014 -0.1 0.0
3.300000000000014 -0.1 0.0
3.300000000000014 -0.1 0.0
3.300000000000014 -0.1 0.0
3.300000000000014 -0.1 0.0
3.300000000000014 -0.1 0.0
3.300000000000014 -0.1 0.0
3.300000000000014 -0.1 0.0
3.300000000000014 -0.1 0.0
3.300000000000014 -0.1 0.0
3.300000000000014 -0.1 0.0
3.300000000000014 -0.1 0.0
3.300000000000014 -0.1 0.0
3.300000000000014 -0.1 0.0
3.300000000000014 -0.1 0.0
3.3003032069970986 -0.1 0.0006345356101624323
3.301201166180772 -0.1 0.002465106205747605
3.302676384839664 -0.1 0.0053845564348188255
3.3047113702624045 -0.1 0.009288929612661392
3.307288629737623 -0.1 0.014077467721782592
3.3103906705539496 -0.1 0.019652611411911703
3.314000000000014 -0.1 0.02592
3.318099125364445 -0.1 0.03278847147022074
3.3226705539358736 -0.1 0.040170062473969176
3.327696793002929 -0.1 0.04798000832986256
3.3331603498542406 -0.1 0.0561367430237401
3.339043731778439 -0.1 0.06456189920866305
3.345329446064153 -0.1 0.07318030820491461
3.3520000000000127 -0.1 0.08191999999999999
3.3590379008746485 -0.1 0.0907122032486464
3.366425655976689 -0.1 0.099491345272803
3.3741457725947646 -0.1 0.10819505206164098
3.382180758017505 -0.1 0.1167641482715535
3.39051311953354 -0.1 0.12514265722615575
3.399125364431499 -0.1 0.1332778009162849
3.408000000000012 -0.1 0.14111999999999997
3.4171195335277083 -0.1 0.14862287380258224
3.4264664723032183 -0.1 0.15574324031653478
3.4360233236151716 -0.1 0.16244111620158266
3.4457725947521975 -0.1 0.16867971678467306
3.455696793002926 -0.1 0.174425456059975
3.465778425655987 -0.1 0.17964794668887962
3.47600000000001 -0.1 0.18431999999999998
3.486344023323625 -0.1 0.18841762598917122
3.496793002915462 -0.1 0.19192003331945023
3.5073294460641495 -0.1 0.19480962932111612
3.5179358600583184 -0.1 0.19707201999167012
3.528594752186598 -0.1 0.19869600999583503
3.539288629737618 -0.1 0.199673602665556
3.5500000000000087 -0.1 0.19999999999999996
3.560711370262399 -0.1 0.1996736026655559
3.571405247813419 -0.1 0.19869600999583503
3.582064139941699 -0.1 0.19707201999167012
3.592670553935868 -0.1 0.19480962932111623
3.6032069970845555 -0.1 0.1919200333194504
3.6136559766763923 -0.1 0.188417625989171
3.624000000000007 -0.1 0.18431999999999982
3.6342215743440303 -0.1 0.1796479466888794
3.6443032069970913 -0.1 0.17442545605997495
3.65422740524782 -0.1 0.1686797167846732
3.663976676384846 -0.1 0.16244111620158241
3.673533527696799 -0.1 0.15574324031653486
3.682880466472309 -0.1 0.14862287380258232
3.6920000000000055 -0.1 0.1411199999999999
3.7008746355685185 -0.1 0.13327780091628494
3.7094868804664776 -0.1 0.1251426572261558
3.7178192419825122 -0.1 0.11676414827155357
3.725854227405253 -0.1 0.10819505206164082
3.7335743440233284 -0.1 0.09949134527280279
3.740962099125369 -0.1 0.09071220324864604
3.7480000000000047 -0.1 0.08191999999999977
3.7546705539358642 -0.1 0.07318030820491472
3.7609562682215785 -0.1 0.0645618992086634
3.7668396501457764 -0.1 0.056136743023740276
3.7723032069970883 -0.1 0.04798000832986249
3.777329446064144 -0.1 0.04017006247396937
3.7819008746355722 -0.1 0.03278847147022024
3.7860000000000036 -0.1 0.02591999999999972
3.7896093294460678 -0.1 0.019652611411911547
3.7927113702623942 -0.1 0.014077467721782533
3.795288629737613 -0.1 0.009288929612661256
3.7973236151603533 -0.1 0.005384556434818943
3.7987988338192453 -0.1 0.0024651062057476913
3.7996967930029184 -0.1 0.0006345356101622457
3.8000000000000034 -0.1 0.0
3.8000000000000034 -0.1 0.0
3.8000000000000034 -0.1 0.0
3.8000000000000034 -0.1 0.0
3.8000000000000034 -0.1 0.0
3.8000000000000034 -0.1 0.0
3.8000000000000034 -0.1 0.0
3.8000000000000034 -0.1 0.0
3.8000000000000034 -0.1 0.0
3.8000000000000034 -0.1 0.0
3.8000000000000034 -0.1 0.0
3.8000000000000034 -0.1 0.0
3.8000000000000034 -0.1 0.0
3.8000000000000034 -0.1 0.0
3.8000000000000034 -0.1 0.0
3.8000000000000034 -0.1 0.0
3.8000000000000034 -0.1 0.0
3.8000000000000034 -0.1 0.0
3.8000000000000034 -0.1 0.0
3.8000000000000034 -0.1 0.0
3.8000000000000034 -0.1 0.0
3.8000000000000034 -0.1 0.0
3.8000000000000034 -0.1 0.0
3.8000000000000034 -0.1 0.0
3.8000000000000034 -0.1 0.0
3.8000000000000034 -0.1 0.0
3.8000000000000034 -0.1 0.0
3.8000000000000034 -0.1 0.0
3.8000000000000034 -0.1 0.0
3.8000000000000034 -0.1 0.0
3.8000000000000034 -0.1 0.0
3.8000000000000034 -0.1 0.0
3.8000000000000034 -0.1 0.0
3.8000000000000034 -0.1 0.0
3.8000000000000034 -0.1 0.0
3.8000000000000034 -0.1 0.0
3.8000000000000034 -0.1 0.0
3.8000000000000034 -0.1 0.0
3.8000000000000034 -0.1 0.0
3.8000000000000034 -0.1 0.0
3.8000000000000034 -0.1 0.0
3.8000000000000034 -0.1 0.0
3.8000000000000034 -0.1 0.0
3.8000000000000034 -0.1 0.0
3.8000000000000034 -0.1 0.0
3.8000000000000034 -0.1 0.0
3.8000000000000034 -0.1 0.0
3.8000000000000034 -0.1 0.0
3.8000000000000034 -0.1 0.0
3.8000000000000034 -0.1 0.0
3.8000000000000034 -0.1 0.0
3.8000000000000034 -0.1 0.0
3.8000000000000034 -0.1 0.0
3.8000000000000034 -0.1 0.0
3.8000000000000034 -0.1 0.0
3.8000000000000034 -0.1 0.0
3.8000000000000034 -0.1 0.0
3.8000000000000034 -0.1 0.0
3.8000000000000034 -0.1 0.0
3.8000000000000034 -0.1 0.0
3.8000000000000034 -0.1 0.0
3.8000000000000034 -0.1 0.0
3.8000000000000034 -0.1 0.0
3.8000000000000034 -0.1 0.0
3.8000000000000034 -0.1 0.0
3.8000000000000034 -0.1 0.0
3.8000000000000034 -0.1 0.0
3.8000000000000034 -0.1 0.0
3.8000000000000034 -0.1 0.0
3.8000000000000034 -0.1 0.0
3.8000000000000034 -0.1 0.0
3.8000000000000034 -0.1 0.0
3.8000000000000034 -0.1 0.0
3.8000000000000034 -0.1 0.0
3.8000000000000034 -0.1 0.0
3.8000000000000034 -0.1 0.0
3.8000000000000034 -0.1 0.0
3.8000000000000034 -0.1 0.0
3.8000000000000034 -0.1 0.0
3.8000000000000034 -0.1 0.0
3.8000000000000034 -0.1 0.0
3.8000000000000034 -0.1 0.0
3.8000000000000034 -0.1 0.0
3.8000000000000034 -0.1 0.0
3.8000000000000034 -0.1 0.0
3.8000000000000034 -0.1 0.0
3.8000000000000034 -0.1 0.0
3.8000000000000034 -0.1 0.0
3.8000000000000034 -0.1 0.0
3.8000000000000034 -0.1 0.0
3.8000000000000034 -0.1 0.0
3.8000000000000034 -0.1 0.0
3.8000000000000034 -0.1 0.0
3.8000000000000034 -0.1 0.0
3.8000000000000034 -0.1 0.0
3.8000000000000034 -0.1 0.0
3.8000000000000034 -0.1 0.0
3.8000000000000034 -0.1 0.0
3.8000000000000034 -0.1 0.0
3.8000000000000034 -0.1 0.0
3.8000000000000034 -0.1 0.0
3.8000000000000034 -0.1 0.0
3.8000000000000034 -0.1 0.0
3.8000000000000034 -0.1 0.0
3.8000000000000034 -0.1 0.0
3.8000000000000034 -0.1 0.0
3.8000000000000034 -0.1 0.0
3.8000000000000034 -0.1 0.0
3.8000000000000034 -0.1 0.0
3.8000000000000034 -0.1 0.0
3.8000000000000034 -0.1 0.0
3.8000000000000034 -0.1 0.0
3.8000000000000034 -0.1 0.0
3.8000000000000034 -0.1 0.0
3.8000000000000034 -0.1 0.0
3.8000000000000034 -0.1 0.0
3.8000000000000034 -0.1 0.0
3.8000000000000034 -0.1 0.0
3.8000000000000034 -0.1 0.0
3.8000000000000034 -0.1 0.0
3.8000000000000034 -0.1 0.0
3.8000000000000034 -0.1 0.0
3.8000000000000034 -0.1 0.0
3.8000000000000034 -0.1 0.0
3.8000000000000034 -0.1 0.0
3.8000000000000034 -0.1 0.0
3.8000000000000034 -0.1 0.0
3.8000000000000034 -0.1 0.0
3.8000000000000034 -0.1 0.0
3.8000000000000034 -0.1 0.0
3.8000000000000034 -0.1 0.0
3.800242565597671 -0.1 0.0006345356101624323
3.80096093294461 -0.1 0.002465106205747605
3.8021411078717233 -0.1 0.0053845564348188255
3.8037690962099155 -0.1 0.009288929612661392
3.80583090379009 -0.1 0.014077467721782592
3.808312536443151 -0.1 0.019652611411911703
3.811200000000002 -0.1 0.02592
3.814479300291547 -0.1 0.03278847147022074
3.8181364431486893 -0.1 0.040170062473969176
3.8221574344023335 -0.1 0.04798000832986256
3.8265282798833824 -0.1 0.0561367430237401
3.8312349854227405 -0.1 0.06456189920866305
3.8362635568513115 -0.1 0.07318030820491461
3.841599999999999 -0.1 0.08191999999999999
3.8472303206997065 -0.1 0.0907122032486464
3.8531405247813386 -0.1 0.099491345272803
3.8593166180757987 -0.1 0.10819505206164098
3.8657446064139904 -0.1 0.1167641482715535
3.8724104956268177 -0.1 0.12514265722615575
3.879300291545184 -0.1 0.1332778009162849
3.886399999999994 -0.1 0.14111999999999997
3.8936956268221503 -0.1 0.14862287380258224
3.901173177842558 -0.1 0.15574324031653478
3.9088186588921197 -0.1 0.16244111620158266
3.9166180758017397 -0.1 0.16867971678467306
3.924557434402322 -0.1 0.174425456059975
3.9326227405247702 -0.1 0.17964794668887962
3.940799999999988 -0.1 0.18431999999999998
3.949075218658879 -0.1 0.18841762598917122
3.9574344023323476 -0.1 0.19192003331945023
3.965863556851297 -0.1 0.19480962932111612
3.974348688046631 -0.1 0.19707201999167012
3.9828758017492545 -0.1 0.19869600999583503
3.9914309037900697 -0.1 0.199673602665556
3.9999999999999813 -0.1 0.19999999999999996
4.008569096209893 -0.1 0.1996736026655559
4.017124198250708 -0.1 0.19869600999583503
4.0256513119533315 -0.1 0.19707201999167012
4.0341364431486655 -0.1 0.19480962932111623
4.042565597667616 -0.1 0.1919200333194504
4.050924781341084 -0.1 0.188417625989171
4.059199999999975 -0.1 0.18431999999999982
4.067377259475193 -0.1 0.1796479466888794
4.0754425655976405 -0.1 0.17442545605997495
4.083381924198223 -0.1 0.1686797167846732
4.091181341107843 -0.1 0.16244111620158241
4.098826822157405 -0.1 0.15574324031653486
4.106304373177812 -0.1 0.14862287380258232
4.113599999999969 -0.1 0.1411199999999999
4.1206997084547785 -0.1 0.13327780091628494
4.127589504373145 -0.1 0.1251426572261558
4.134255393585972 -0.1 0.11676414827155357
4.140683381924164 -0.1 0.10819505206164082
4.146859475218624 -0.1 0.09949134527280279
4.152769679300256 -0.1 0.09071220324864604
4.158399999999964 -0.1 0.08191999999999977
4.163736443148651 -0.1 0.07318030820491472
4.168765014577222 -0.1 0.0645618992086634
4.17347172011658 -0.1 0.056136743023740276
4.177842565597629 -0.1 0.04798000832986249
4.181863556851273 -0.1 0.04017006247396937
4.185520699708416 -0.1 0.03278847147022024
4.1887999999999606 -0.1 0.02591999999999972
4.1916874635568115 -0.1 0.019652611411911547
4.1941690962098725 -0.1 0.014077467721782533
4.196230903790047 -0.1 0.009288929612661256
4.19785889212824 -0.1 0.005384556434818943
4.199039067055353 -0.1 0.0024651062057476913
4.199757434402292 -0.1 0.0006345356101622457
4.199999999999959 -0.1 0.0
4.199999999999959 -0.1 0.0
4.199999999999959 -0.1 0.0
4.199999999999959 -0.1 0.0
4.199999999999959 -0.1 0.0
4.199999999999959 -0.1 0.0
4.199999999999959 -0.1 0.0
4.199999999999959 -0.1 0.0
4.199999999999959 -0.1 0.0
4.199999999999959 -0.1 0.0
4.199999999999959 -0.1 0.0
4.199999999999959 -0.1 0.0
4.199999999999959 -0.1 0.0
4.199999999999959 -0.1 0.0
4.199999999999959 -0.1 0.0
4.199999999999959 -0.1 0.0
4.199999999999959 -0.1 0.0
4.199999999999959 -0.1 0.0
4.199999999999959 -0.1 0.0
4.199999999999959 -0.1 0.0
4.199999999999959 -0.1 0.0
4.199999999999959 -0.1 0.0
4.199999999999959 -0.1 0.0
4.199999999999959 -0.1 0.0
4.199999999999959 -0.1 0.0
4.199999999999959 -0.1 0.0
4.199999999999959 -0.1 0.0
4.199999999999959 -0.1 0.0
4.199999999999959 -0.1 0.0
4.199999999999959 -0.1 0.0
4.199999999999959 -0.1 0.0
4.199999999999959 -0.1 0.0
4.199999999999959 -0.1 0.0
4.199999999999959 -0.1 0.0
4.199999999999959 -0.1 0.0
4.199999999999959 -0.1 0.0
4.199999999999959 -0.1 0.0
4.199999999999959 -0.1 0.0
4.199999999999959 -0.1 0.0
4.199999999999959 -0.1 0.0
4.199999999999959 -0.1 0.0
4.199999999999959 -0.1 0.0
4.199999999999959 -0.1 0.0
4.199999999999959 -0.1 0.0
4.199999999999959 -0.1 0.0
4.199999999999959 -0.1 0.0
4.199999999999959 -0.1 0.0
4.199999999999959 -0.1 0.0
4.199999999999959 -0.1 0.0
4.199999999999959 -0.1 0.0
4.199999999999959 -0.1 0.0
4.199999999999959 -0.1 0.0
4.199999999999959 -0.1 0.0
4.199999999999959 -0.1 0.0
4.199999999999959 -0.1 0.0
4.199999999999959 -0.1 0.0
4.199999999999959 -0.1 0.0
4.199999999999959 -0.1 0.0
4.199999999999959 -0.1 0.0
4.199999999999959 -0.1 0.0
4.199999999999959 -0.1 0.0
4.199999999999959 -0.1 0.0
4.199999999999959 -0.1 0.0
4.199999999999959 -0.1 0.0
4.199999999999959 -0.1 0.0
4.199999999999959 -0.1 0.0
4.199999999999959 -0.1 0.0
4.199999999999959 -0.1 0.0
4.199999999999959 -0.1 0.0
4.199999999999959 -0.1 0.0
4.199999999999959 -0.1 0.0
4.199999999999959 -0.1 0.0
4.199999999999959 -0.1 0.0
4.199999999999959 -0.1 0.0
4.199999999999959 -0.1 0.0
4.199999999999959 -0.1 0.0
4.199999999999959 -0.1 0.0
4.199999999999959 -0.1 0.0
4.199999999999959 -0.1 0.0
4.199999999999959 -0.1 0.0
4.199999999999959 -0.1 0.0
4.199999999999959 -0.1 0.0
4.199999999999959 -0.1 0.0
4.199999999999959 -0.1 0.0
4.199999999999959 -0.1 0.0
4.199999999999959 -0.1 0.0
4.199999999999959 -0.1 0.0
4.199999999999959 -0.1 0.0
4.199999999999959 -0.1 0.0
4.199999999999959 -0.1 0.0
4.199999999999959 -0.1 0.0
4.199999999999959 -0.1 0.0
4.199999999999959 -0.1 0.0
4.199999999999959 -0.1 0.0
4.199999999999959 -0.1 0.0
4.199999999999959 -0.1 0.0
4.199999999999959 -0.1 0.0
4.199999999999959 -0.1 0.0
4.199999999999959 -0.1 0.0
4.199999999999959 -0.1 0.0
4.199999999999959 -0.1 0.0
4.199999999999959 -0.1 0.0
4.199999999999959 -0.1 0.0
4.199999999999959 -0.1 0.0
4.199999999999959 -0.1 0.0
4.199999999999959 -0.1 0.0
4.199999999999959 -0.1 0.0
4.199999999999959 -0.1 0.0
4.199999999999959 -0.1 0.0
4.199999999999959 -0.1 0.0
4.199999999999959 -0.1 0.0
4.199999999999959 -0.1 0.0
4.199999999999959 -0.1 0.0
4.199999999999959 -0.1 0.0
4.199999999999959 -0.1 0.0
4.199999999999959 -0.1 0.0
4.199999999999959 -0.1 0.0
4.199999999999959 -0.1 0.0
4.199999999999959 -0.1 0.0
4.199999999999959 -0.1 0.0
4.199999999999959 -0.1 0.0
4.199999999999959 -0.1 0.0
4.199999999999959 -0.1 0.0
4.199999999999959 -0.1 0.0
4.199999999999959 -0.1 0.0
4.199999999999959 -0.1 0.0
4.199999999999959 -0.1 0.0
4.199999999999959 -0.1 0.0
4.199999999999959 -0.1 0.0
4.199999999999959 -0.1 0.0
4.199999999999959 -0.1 0.0
4.200242565597627 -0.1 0.0006345356101624323
4.200960932944565 -0.1 0.002465106205747605
4.202141107871679 -0.1 0.0053845564348188255
4.2037690962098715 -0.1 0.009288929612661392
4.205830903790046 -0.1 0.014077467721782592
4.208312536443107 -0.1 0.019652611411911703
4.211199999999958 -0.1 0.02592
4.214479300291503 -0.1 0.03278847147022074
4.218136443148645 -0.1 0.040170062473969176
4.222157434402289 -0.1 0.04798000832986256
4.226528279883338 -0.1 0.0561367430237401
4.231234985422696 -0.1 0.06456189920866305
4.236263556851267 -0.1 0.07318030820491461
4.241599999999955 -0.1 0.08191999999999999
4.247230320699662 -0.1 0.0907122032486464
4.253140524781295 -0.1 0.099491345272803
4.259316618075754 -0.1 0.10819505206164098
4.265744606413946 -0.1 0.1167641482715535
4.272410495626773 -0.1 0.12514265722615575
4.27930029154514 -0.1 0.1332778009162849
4.28639999999995 -0.1 0.14111999999999997
4.293695626822107 -0.1 0.14862287380258224
4.3011731778425135 -0.1 0.15574324031653478
4.308818658892076 -0.1 0.16244111620158266
4.316618075801696 -0.1 0.16867971678467306
4.324557434402278 -0.1 0.174425456059975
4.332622740524726 -0.1 0.17964794668887962
4.340799999999944 -0.1 0.18431999999999998
4.349075218658835 -0.1 0.18841762598917122
4.357434402332303 -0.1 0.19192003331945023
4.365863556851253 -0.1 0.19480962932111612
4.374348688046587 -0.1 0.19707201999167012
4.38287580174921 -0.1 0.19869600999583503
4.391430903790026 -0.1 0.199673602665556
4.399999999999937 -0.1 0.19999999999999996
4.408569096209849 -0.1 0.1996736026655559
4.417124198250664 -0.1 0.19869600999583503
4.425651311953287 -0.1 0.19707201999167012
4.434136443148621 -0.1 0.19480962932111623
4.4425655976675715 -0.1 0.1919200333194504
4.4509247813410395 -0.1 0.188417625989171
4.459199999999931 -0.1 0.18431999999999982
4.467377259475149 -0.1 0.1796479466888794
4.4754425655975965 -0.1 0.17442545605997495
4.483381924198179 -0.1 0.1686797167846732
4.491181341107799 -0.1 0.16244111620158241
4.498826822157361 -0.1 0.15574324031653486
4.506304373177768 -0.1 0.14862287380258232
4.513599999999925 -0.1 0.1411199999999999
4.5206997084547345 -0.1 0.13327780091628494
4.527589504373101 -0.1 0.1251426572261558
4.534255393585928 -0.1 0.11676414827155357
4.54068338192412 -0.1 0.10819505206164082
4.54685947521858 -0.1 0.09949134527280279
4.552769679300212 -0.1 0.09071220324864604
4.55839999999992 -0.1 0.08191999999999977
4.563736443148607 -0.1 0.07318030820491472
4.568765014577178 -0.1 0.0645618992086634
4.573471720116536 -0.1 0.056136743023740276
4.577842565597585 -0.1 0.04798000832986249
4.581863556851229 -0.1 0.04017006247396937
4.585520699708372 -0.1 0.03278847147022024
4.5887999999999165 -0.1 0.02591999999999972
4.5916874635567675 -0.1 0.019652611411911547
4.5941690962098285 -0.1 0.014077467721782533
4.596230903790003 -0.1 0.009288929612661256
4.597858892128196 -0.1 0.005384556434818943
4.599039067055309 -0.1 0.0024651062057476913
4.599757434402248 -0.1 0.0006345356101622457
4.599999999999915 -0.1 0.0
4.599999999999915 -0.1 0.0
4.599999999999915 -0.1 0.0
4.599999999999915 -0.1 0.0
4.599999999999915 -0.1 0.0
4.599999999999915 -0.1 0.0
4.599999999999915 -0.1 0.0
4.599999999999915 -0.1 0.0
4.599999999999915 -0.1 0.0
4.599999999999915 -0.1 0.0
4.599999999999915 -0.1 0.0
4.599999999999915 -0.1 0.0
4.599999999999915 -0.1 0.0
4.599999999999915 -0.1 0.0
4.599999999999915 -0.1 0.0
4.599999999999915 -0.1 0.0
4.599999999999915 -0.1 0.0
4.599999999999915 -0.1 0.0
4.599999999999915 -0.1 0.0
4.599999999999915 -0.1 0.0
4.599999999999915 -0.1 0.0
4.599999999999915 -0.1 0.0
4.599999999999915 -0.1 0.0
4.599999999999915 -0.1 0.0
4.599999999999915 -0.1 0.0
4.599999999999915 -0.1 0.0
4.599999999999915 -0.1 0.0
4.599999999999915 -0.1 0.0
4.599999999999915 -0.1 0.0
4.599999999999915 -0.1 0.0
4.599999999999915 -0.1 0.0
4.599999999999915 -0.1 0.0
4.599999999999915 -0.1 0.0
4.599999999999915 -0.1 0.0
4.599999999999915 -0.1 0.0
4.599999999999915 -0.1 0.0
4.599999999999915 -0.1 0.0
4.599999999999915 -0.1 0.0
4.599999999999915 -0.1 0.0
4.599999999999915 -0.1 0.0
4.599999999999915 -0.1 0.0
4.599999999999915 -0.1 0.0
4.599999999999915 -0.1 0.0
4.599999999999915 -0.1 0.0
4.599999999999915 -0.1 0.0
4.599999999999915 -0.1 0.0
4.599999999999915 -0.1 0.0
4.599999999999915 -0.1 0.0
4.599999999999915 -0.1 0.0
4.599999999999915 -0.1 0.0
4.599999999999915 -0.1 0.0
4.599999999999915 -0.1 0.0
4.599999999999915 -0.1 0.0
4.599999999999915 -0.1 0.0
4.599999999999915 -0.1 0.0
4.599999999999915 -0.1 0.0
4.599999999999915 -0.1 0.0
4.599999999999915 -0.1 0.0
4.599999999999915 -0.1 0.0
4.599999999999915 -0.1 0.0
4.599999999999915 -0.1 0.0
4.599999999999915 -0.1 0.0
4.599999999999915 -0.1 0.0
4.599999999999915 -0.1 0.0
4.599999999999915 -0.1 0.0
4.599999999999915 -0.1 0.0
4.599999999999915 -0.1 0.0
4.599999999999915 -0.1 0.0
4.599999999999915 -0.1 0.0
4.599999999999915 -0.1 0.0
4.599999999999915 -0.1 0.0
4.599999999999915 -0.1 0.0
4.599999999999915 -0.1 0.0
4.599999999999915 -0.1 0.0
4.599999999999915 -0.1 0.0
4.599999999999915 -0.1 0.0
4.599999999999915 -0.1 0.0
4.599999999999915 -0.1 0.0
4.599999999999915 -0.1 0.0
4.599999999999915 -0.1 0.0
4.599999999999915 -0.1 0.0
4.599999999999915 -0.1 0.0
4.599999999999915 -0.1 0.0
4.599999999999915 -0.1 0.0
4.599999999999915 -0.1 0.0
4.599999999999915 -0.1 0.0
4.599999999999915 -0.1 0.0
4.599999999999915 -0.1 0.0
4.599999999999915 -0.1 0.0
4.599999999999915 -0.1 0.0
4.599999999999915 -0.1 0.0
4.599999999999915 -0.1 0.0
4.599999999999915 -0.1 0.0
4.599999999999915 -0.1 0.0
4.599999999999915 -0.1 0.0
4.599999999999915 -0.1 0.0
4.599999999999915 -0.1 0.0
4.599999999999915 -0.1 0.0
4.599999999999915 -0.1 0.0
4.599999999999915 -0.1 0.0
4.599999999999915 -0.1 0.0
4.599999999999915 -0.1 0.0
4.599999999999915 -0.1 0.0
4.599999999999915 -0.1 0.0
4.599999999999915 -0.1 0.0
4.599999999999915 -0.1 0.0
4.599999999999915 -0.1 0.0
4.599999999999915 -0.1 0.0
4.599999999999915 -0.1 0.0
4.599999999999915 -0.1 0.0
4.599999999999915 -0.1 0.0
4.599999999999915 -0.1 0.0
4.599999999999915 -0.1 0.0
4.599999999999915 -0.1 0.0
4.599999999999915 -0.1 0.0
4.599999999999915 -0.1 0.0
4.599999999999915 -0.1 0.0
4.599999999999915 -0.1 0.0
4.599999999999915 -0.1 0.0
4.599999999999915 -0.1 0.0
4.599999999999915 -0.1 0.0
4.599999999999915 -0.1 0.0
4.599999999999915 -0.1 0.0
4.599999999999915 -0.1 0.0
4.599999999999915 -0.1 0.0
4.599999999999915 -0.1 0.0
4.599999999999915 -0.1 0.0
4.599999999999915 -0.1 0.0
4.599999999999915 -0.1 0.0
4.599999999999915 -0.1 0.0
4.599999999999915 -0.1 0.0
4.600242565597583 -0.1 0.0006345356101624323
4.600960932944521 -0.1 0.002465106205747605
4.602141107871635 -0.1 0.0053845564348188255
4.603769096209827 -0.1 0.009288929612661392
4.605830903790002 -0.1 0.014077467721782592
4.608312536443063 -0.1 0.019652611411911703
4.611199999999914 -0.1 0.02592
4.614479300291459 -0.1 0.03278847147022074
4.618136443148601 -0.1 0.040170062473969176
4.622157434402245 -0.1 0.04798000832986256
4.626528279883294 -0.1 0.0561367430237401
4.631234985422652 -0.1 0.06456189920866305
4.636263556851223 -0.1 0.07318030820491461
4.641599999999911 -0.1 0.08191999999999999
4.647230320699618 -0.1 0.0907122032486464
4.653140524781251 -0.1 0.099491345272803
4.65931661807571 -0.1 0.10819505206164098
4.665744606413902 -0.1 0.1167641482715535
4.672410495626729 -0.1 0.12514265722615575
4.679300291545096 -0.1 0.1332778009162849
4.686399999999906 -0.1 0.14111999999999997
4.693695626822063 -0.1 0.14862287380258224
4.7011731778424695 -0.1 0.15574324031653478
4.7088186588920316 -0.1 0.16244111620158266
4.716618075801652 -0.1 0.16867971678467306
4.724557434402234 -0.1 0.174425456059975
4.732622740524682 -0.1 0.17964794668887962
4.7407999999999 -0.1 0.18431999999999998
4.749075218658791 -0.1 0.18841762598917122
4.757434402332259 -0.1 0.19192003331945023
4.765863556851209 -0.1 0.19480962932111612
4.774348688046543 -0.1 0.19707201999167012
4.782875801749166 -0.1 0.19869600999583503
4.791430903789982 -0.1 0.199673602665556
4.799999999999893 -0.1 0.19999999999999996
4.808569096209805 -0.1 0.1996736026655559
4.81712419825062 -0.1 0.19869600999583503
4.825651311953243 -0.1 0.19707201999167012
4.834136443148577 -0.1 0.19480962932111623
4.8425655976675275 -0.1 0.1919200333194504
4.8509247813409955 -0.1 0.188417625989171
4.859199999999887 -0.1 0.18431999999999982
4.867377259475105 -0.1 0.1796479466888794
4.875442565597552 -0.1 0.17442545605997495
4.883381924198135 -0.1 0.1686797167846732
4.891181341107755 -0.1 0.16244111620158241
4.898826822157317 -0.1 0.15574324031653486
4.906304373177724 -0.1 0.14862287380258232
4.913599999999881 -0.1 0.1411199999999999
4.92069970845469 -0.1 0.13327780091628494
4.927589504373057 -0.1 0.1251426572261558
4.934255393585884 -0.1 0.11676414827155357
4.940683381924076 -0.1 0.10819505206164082
4.9468594752185355 -0.1 0.09949134527280279
4.952769679300168 -0.1 0.09071220324864604
4.958399999999876 -0.1 0.08191999999999977
4.963736443148563 -0.1 0.07318030820491472
4.968765014577134 -0.1 0.0645618992086634
4.973471720116492 -0.1 0.056136743023740276
4.977842565597541 -0.1 0.04798000832986249
4.981863556851185 -0.1 0.04017006247396937
4.985520699708328 -0.1 0.03278847147022024
4.9887999999998724 -0.1 0.02591999999999972
4.991687463556723 -0.1 0.019652611411911547
4.994169096209784 -0.1 0.014077467721782533
4.996230903789959 -0.1 0.009288929612661256
4.997858892128152 -0.1 0.005384556434818943
4.999039067055265 -0.1 0.0024651062057476913
4.999757434402204 -0.1 0.0006345356101622457
4.999999999999871 -0.1 0.0
4.999999999999871 -0.1 0.0
4.999999999999871 -0.1 0.0
4.999999999999871 -0.1 0.0
4.999999999999871 -0.1 0.0
4.999999999999871 -0.1 0.0
4.999999999999871 -0.1 0.0
4.999999999999871 -0.1 0.0
4.999999999999871 -0.1 0.0
4.999999999999871 -0.1 0.0
4.999999999999871 -0.1 0.0
4.999999999999871 -0.1 0.0
4.999999999999871 -0.1 0.0
4.999999999999871 -0.1 0.0
4.999999999999871 -0.1 0.0
4.999999999999871 -0.1 0.0
4.999999999999871 -0.1 0.0
4.999999999999871 -0.1 0.0
4.999999999999871 -0.1 0.0
4.999999999999871 -0.1 0.0
4.999999999999871 -0.1 0.0
4.999999999999871 -0.1 0.0
4.999999999999871 -0.1 0.0
4.999999999999871 -0.1 0.0
4.999999999999871 -0.1 0.0
4.999999999999871 -0.1 0.0
4.999999999999871 -0.1 0.0
4.999999999999871 -0.1 0.0
4.999999999999871 -0.1 0.0
4.999999999999871 -0.1 0.0
4.999999999999871 -0.1 0.0
4.999999999999871 -0.1 0.0
4.999999999999871 -0.1 0.0
4.999999999999871 -0.1 0.0
4.999999999999871 -0.1 0.0
4.999999999999871 -0.1 0.0
4.999999999999871 -0.1 0.0
4.999999999999871 -0.1 0.0
4.999999999999871 -0.1 0.0
4.999999999999871 -0.1 0.0
4.999999999999871 -0.1 0.0
4.999999999999871 -0.1 0.0
4.999999999999871 -0.1 0.0
4.999999999999871 -0.1 0.0
4.999999999999871 -0.1 0.0
4.999999999999871 -0.1 0.0
4.999999999999871 -0.1 0.0
4.999999999999871 -0.1 0.0
4.999999999999871 -0.1 0.0
4.999999999999871 -0.1 0.0
4.999999999999871 -0.1 0.0
4.999999999999871 -0.1 0.0
4.999999999999871 -0.1 0.0
4.999999999999871 -0.1 0.0
4.999999999999871 -0.1 0.0
4.999999999999871 -0.1 0.0
4.999999999999871 -0.1 0.0
4.999999999999871 -0.1 0.0
4.999999999999871 -0.1 0.0
4.999999999999871 -0.1 0.0
4.999999999999871 -0.1 0.0
4.999999999999871 -0.1 0.0
4.999999999999871 -0.1 0.0
4.999999999999871 -0.1 0.0
4.999999999999871 -0.1 0.0
4.999999999999871 -0.1 0.0
4.999999999999871 -0.1 0.0
4.999999999999871 -0.1 0.0
4.999999999999871 -0.1 0.0
4.999999999999871 -0.1 0.0
4.999999999999871 -0.1 0.0
4.999999999999871 -0.1 0.0
4.999999999999871 -0.1 0.0
4.999999999999871 -0.1 0.0
4.999999999999871 -0.1 0.0
4.999999999999871 -0.1 0.0
4.999999999999871 -0.1 0.0
4.999999999999871 -0.1 0.0
4.999999999999871 -0.1 0.0
4.999999999999871 -0.1 0.0
4.999999999999871 -0.1 0.0
4.999999999999871 -0.1 0.0
4.999999999999871 -0.1 0.0
4.999999999999871 -0.1 0.0
4.999999999999871 -0.1 0.0
4.999999999999871 -0.1 0.0
4.999999999999871 -0.1 0.0
4.999999999999871 -0.1 0.0
4.999999999999871 -0.1 0.0
4.999999999999871 -0.1 0.0
4.999999999999871 -0.1 0.0
4.999999999999871 -0.1 0.0
4.999999999999871 -0.1 0.0
4.999999999999871 -0.1 0.0
4.999999999999871 -0.1 0.0
4.999999999999871 -0.1 0.0
4.999999999999871 -0.1 0.0
4.999999999999871 -0.1 0.0
4.999999999999871 -0.1 0.0
4.999999999999871 -0.1 0.0
4.999999999999871 -0.1 0.0
4.999999999999871 -0.1 0.0
4.999999999999871 -0.1 0.0
4.999999999999871 -0.1 0.0
4.999999999999871 -0.1 0.0
4.999999999999871 -0.1 0.0
4.999999999999871 -0.1 0.0
4.999999999999871 -0.1 0.0
4.999999999999871 -0.1 0.0
4.999999999999871 -0.1 0.0
4.999999999999871 -0.1 0.0
4.999999999999871 -0.1 0.0
4.999999999999871 -0.1 0.0
4.999999999999871 -0.1 0.0
4.999999999999871 -0.1 0.0
4.999999999999871 -0.1 0.0
4.999999999999871 -0.1 0.0
4.999999999999871 -0.1 0.0
4.999999999999871 -0.1 0.0
4.999999999999871 -0.1 0.0
4.999999999999871 -0.1 0.0
4.999999999999871 -0.1 0.0
4.999999999999871 -0.1 0.0
4.999999999999871 -0.1 0.0
4.999999999999871 -0.1 0.0
4.999999999999871 -0.1 0.0
4.999999999999871 -0.1 0.0
4.999999999999871 -0.1 0.0
4.999999999999871 -0.1 0.0
4.999999999999871 -0.1 0.0
4.999999999999871 -0.1 0.0
5.000242565597539 -0.1 0.0006345356101624323
5.000960932944477 -0.1 0.002465106205747605
5.002141107871591 -0.1 0.0053845564348188255
5.003769096209783 -0.1 0.009288929612661392
5.005830903789958 -0.1 0.014077467721782592
5.008312536443019 -0.1 0.019652611411911703
5.01119999999987 -0.1 0.02592
5.0144793002914145 -0.1 0.03278847147022074
5.018136443148557 -0.1 0.040170062473969176
5.022157434402201 -0.1 0.04798000832986256
5.02652827988325 -0.1 0.0561367430237401
5.031234985422608 -0.1 0.06456189920866305
5.036263556851179 -0.1 0.07318030820491461
5.041599999999867 -0.1 0.08191999999999999
5.047230320699574 -0.1 0.0907122032486464
5.053140524781207 -0.1 0.099491345272803
5.059316618075666 -0.1 0.10819505206164098
5.065744606413858 -0.1 0.1167641482715535
5.072410495626685 -0.1 0.12514265722615575
5.079300291545052 -0.1 0.1332778009162849
5.086399999999862 -0.1 0.14111999999999997
5.093695626822019 -0.1 0.14862287380258224
5.101173177842425 -0.1 0.15574324031653478
5.1088186588919875 -0.1 0.16244111620158266
5.1166180758016075 -0.1 0.16867971678467306
5.12455743440219 -0.1 0.174425456059975
5.132622740524638 -0.1 0.17964794668887962
5.140799999999856 -0.1 0.18431999999999998
5.149075218658747 -0.1 0.18841762598917122
5.157434402332215 -0.1 0.19192003331945023
5.165863556851165 -0.1 0.19480962932111612
5.174348688046499 -0.1 0.19707201999167012
5.182875801749122 -0.1 0.19869600999583503
5.1914309037899375 -0.1 0.199673602665556
5.199999999999849 -0.1 0.19999999999999996
5.208569096209761 -0.1 0.1996736026655559
5.217124198250576 -0.1 0.19869600999583503
5.225651311953199 -0.1 0.19707201999167012
5.234136443148533 -0.1 0.19480962932111623
5.242565597667483 -0.1 0.1919200333194504
5.250924781340951 -0.1 0.188417625989171
5.259199999999843 -0.1 0.18431999999999982
5.267377259475061 -0.1 0.1796479466888794
5.275442565597508 -0.1 0.17442545605997495
5.283381924198091 -0.1 0.1686797167846732
5.291181341107711 -0.1 0.16244111620158241
5.298826822157273 -0.1 0.15574324031653486
5.30630437317768 -0.1 0.14862287380258232
5.313599999999837 -0.1 0.1411199999999999
5.320699708454646 -0.1 0.13327780091628494
5.327589504373013 -0.1 0.1251426572261558
5.33425539358584 -0.1 0.11676414827155357
5.340683381924032 -0.1 0.10819505206164082
5.3468594752184915 -0.1 0.09949134527280279
5.352769679300124 -0.1 0.09071220324864604
5.358399999999832 -0.1 0.08191999999999977
5.363736443148519 -0.1 0.07318030820491472
5.3687650145770895 -0.1 0.0645618992086634
5.373471720116448 -0.1 0.056136743023740276
5.377842565597497 -0.1 0.04798000832986249
5.381863556851141 -0.1 0.04017006247396937
5.385520699708284 -0.1 0.03278847147022024
5.388799999999828 -0.1 0.02591999999999972
5.391687463556679 -0.1 0.019652611411911547
5.39416909620974 -0.1 0.014077467721782533
5.396230903789915 -0.1 0.009288929612661256
5.397858892128108 -0.1 0.005384556434818943
5.399039067055221 -0.1 0.0024651062057476913
5.39975743440216 -0.1 0.0006345356101622457
5.399999999999827 -0.1 0.0
5.399999999999827 -0.1 0.0
5.399999999999827 -0.1 0.0
5.399999999999827 -0.1 0.0
5.399999999999827 -0.1 0.0
5.399999999999827 -0.1 0.0
5.399999999999827 -0.1 0.0
5.399999999999827 -0.1 0.0
5.399999999999827 -0.1 0.0
5.399999999999827 -0.1 0.0
5.399999999999827 -0.1 0.0
5.399999999999827 -0.1 0.0
5.399999999999827 -0.1 0.0
5.399999999999827 -0.1 0.0
5.399999999999827 -0.1 0.0
5.399999999999827 -0.1 0.0
5.399999999999827 -0.1 0.0
5.399999999999827 -0.1 0.0
5.399999999999827 -0.1 0.0
5.399999999999827 -0.1 0.0
5.399999999999827 -0.1 0.0
5.399999999999827 -0.1 0.0
5.399999999999827 -0.1 0.0
5.399999999999827 -0.1 0.0
5.399999999999827 -0.1 0.0
5.399999999999827 -0.1 0.0
5.399999999999827 -0.1 0.0
5.399999999999827 -0.1 0.0
5.399999999999827 -0.1 0.0
5.399999999999827 -0.1 0.0
5.399999999999827 -0.1 0.0
5.399999999999827 -0.1 0.0
5.399999999999827 -0.1 0.0
5.399999999999827 -0.1 0.0
5.399999999999827 -0.1 0.0
5.399999999999827 -0.1 0.0
5.399999999999827 -0.1 0.0
5.399999999999827 -0.1 0.0
5.399999999999827 -0.1 0.0
5.399999999999827 -0.1 0.0
5.399999999999827 -0.1 0.0
5.399999999999827 -0.1 0.0
5.399999999999827 -0.1 0.0
5.399999999999827 -0.1 0.0
5.399999999999827 -0.1 0.0
5.399999999999827 -0.1 0.0
5.399999999999827 -0.1 0.0
5.399999999999827 -0.1 0.0
5.399999999999827 -0.1 0.0
5.399999999999827 -0.1 0.0
5.399999999999827 -0.1 0.0
5.399999999999827 -0.1 0.0
5.399999999999827 -0.1 0.0
5.399999999999827 -0.1 0.0
5.399999999999827 -0.1 0.0
5.399999999999827 -0.1 0.0
5.399999999999827 -0.1 0.0
5.399999999999827 -0.1 0.0
5.399999999999827 -0.1 0.0
5.399999999999827 -0.1 0.0
5.399999999999827 -0.1 0.0
5.399999999999827 -0.1 0.0
5.399999999999827 -0.1 0.0
5.399999999999827 -0.1 0.0
5.399999999999827 -0.1 0.0
5.399999999999827 -0.1 0.0
5.399999999999827 -0.1 0.0
5.399999999999827 -0.1 0.0
5.399999999999827 -0.1 0.0
5.399999999999827 -0.1 0.0
5.399999999999827 -0.1 0.0
5.399999999999827 -0.1 0.0
5.399999999999827 -0.1 0.0
5.399999999999827 -0.1 0.0
5.399999999999827 -0.1 0.0
5.399999999999827 -0.1 0.0
5.399999999999827 -0.1 0.0
5.399999999999827 -0.1 0.0
5.399999999999827 -0.1 0.0
5.399999999999827 -0.1 0.0
5.399999999999827 -0.1 0.0
5.399999999999827 -0.1 0.0
5.399999999999827 -0.1 0.0
5.399999999999827 -0.1 0.0
5.399999999999827 -0.1 0.0
5.399999999999827 -0.1 0.0
5.399999999999827 -0.1 0.0
5.399999999999827 -0.1 0.0
5.399999999999827 -0.1 0.0
5.399999999999827 -0.1 0.0
5.399999999999827 -0.1 0.0
5.399999999999827 -0.1 0.0
5.399999999999827 -0.1 0.0
5.399999999999827 -0.1 0.0
5.399999999999827 -0.1 0.0
5.399999999999827 -0.1 0.0
5.399999999999827 -0.1 0.0
5.399999999999827 -0.1 0.0
5.399999999999827 -0.1 0.0
5.399999999999827 -0.1 0.0
5.399999999999827 -0.1 0.0
5.399999999999827 -0.1 0.0
5.399999999999827 -0.1 0.0
5.399999999999827 -0.1 0.0
5.399999999999827 -0.1 0.0
5.399999999999827 -0.1 0.0
5.399999999999827 -0.1 0.0
5.399999999999827 -0.1 0.0
5.399999999999827 -0.1 0.0
5.399999999999827 -0.1 0.0
5.399999999999827 -0.1 0.0
5.399999999999827 -0.1 0.0
5.399999999999827 -0.1 0.0
5.399999999999827 -0.1 0.0
5.399999999999827 -0.1 0.0
5.399999999999827 -0.1 0.0
5.399999999999827 -0.1 0.0
5.399999999999827 -0.1 0.0
5.399999999999827 -0.1 0.0
5.399999999999827 -0.1 0.0
5.399999999999827 -0.1 0.0
5.399999999999827 -0.1 0.0
5.399999999999827 -0.1 0.0
5.399999999999827 -0.1 0.0
5.399999999999827 -0.1 0.0
5.399999999999827 -0.1 0.0
5.399999999999827 -0.1 0.0
5.399999999999827 -0.1 0.0
5.399999999999827 -0.1 0.0
5.399999999999827 -0.1 0.0
