1.0310923973763693e-17 0.10163857612916291 -1.3877787807814457e-17
1.0310923973763693e-17 0.10163857612916291 -1.3877787807814457e-17
1.0310923973763693e-17 0.10163857612916291 -1.3877787807814457e-17
1.0310923973763693e-17 0.10163857612916291 -1.3877787807814457e-17
1.0310923973763693e-17 0.10163857612916291 -1.3877787807814457e-17
1.0310923973763693e-17 0.10163857612916291 -1.3877787807814457e-17
1.0310923973763693e-17 0.10163857612916291 -1.3877787807814457e-17
1.0310923973763693e-17 0.10163857612916291 -1.3877787807814457e-17
1.0310923973763693e-17 0.10163857612916291 -1.3877787807814457e-17
1.0310923973763693e-17 0.10163857612916291 -1.3877787807814457e-17
1.0310923973763693e-17 0.10163857612916291 -1.3877787807814457e-17
1.0310923973763693e-17 0.10163857612916291 -1.3877787807814457e-17
1.0310923973763693e-17 0.10163857612916291 -1.3877787807814457e-17
1.0310923973763693e-17 0.10163857612916291 -1.3877787807814457e-17
1.0310923973763693e-17 0.10163857612916291 -1.3877787807814457e-17
1.0310923973763693e-17 0.10163857612916291 -1.3877787807814457e-17
1.0310923973763693e-17 0.10163857612916291 -1.3877787807814457e-17
1.0310923973763693e-17 0.10163857612916291 -1.3877787807814457e-17
1.0310923973763693e-17 0.10163857612916291 -1.3877787807814457e-17
1.0310923973763693e-17 0.10163857612916291 -1.3877787807814457e-17
1.0310923973763693e-17 0.10163857612916291 -1.3877787807814457e-17
1.0310923973763693e-17 0.10163857612916291 -1.3877787807814457e-17
1.0310923973763693e-17 0.10163857612916291 -1.3877787807814457e-17
1.0310923973763693e-17 0.10163857612916291 -1.3877787807814457e-17
1.0310923973763693e-17 0.10163857612916291 -1.3877787807814457e-17
1.0310923973763693e-17 0.10163857612916291 -1.3877787807814457e-17
1.0310923973763693e-17 0.10163857612916291 -1.3877787807814457e-17
1.0310923973763693e-17 0.10163857612916291 -1.3877787807814457e-17
1.0310923973763693e-17 0.10163857612916291 -1.3877787807814457e-17
1.0310923973763693e-17 0.10163857612916291 -1.3877787807814457e-17
1.0310923973763693e-17 0.10163857612916291 -1.3877787807814457e-17
1.0310923973763693e-17 0.10163857612916291 -1.3877787807814457e-17
1.0310923973763693e-17 0.10163857612916291 -1.3877787807814457e-17
1.0310923973763693e-17 0.10163857612916291 -1.3877787807814457e-17
1.0310923973763693e-17 0.10163857612916291 -1.3877787807814457e-17
1.0310923973763693e-17 0.10163857612916291 -1.3877787807814457e-17
1.0310923973763693e-17 0.10163857612916291 -1.3877787807814457e-17
1.0310923973763693e-17 0.10163857612916291 -1.3877787807814457e-17
1.0310923973763693e-17 0.10163857612916291 -1.3877787807814457e-17
1.0310923973763693e-17 0.10163857612916291 -1.3877787807814457e-17
1.0310923973763693e-17 0.10163857612916291 -1.3877787807814457e-17
1.0310923973763693e-17 0.10163857612916291 -1.3877787807814457e-17
1.0310923973763693e-17 0.10163857612916291 -1.3877787807814457e-17
1.0310923973763693e-17 0.10163857612916291 -1.3877787807814457e-17
1.0310923973763693e-17 0.10163857612916291 -1.3877787807814457e-17
1.0310923973763693e-17 0.10163857612916291 -1.3877787807814457e-17
1.0310923973763693e-17 0.10163857612916291 -1.3877787807814457e-17
1.0310923973763693e-17 0.10163857612916291 -1.3877787807814457e-17
1.0310923973763693e-17 0.10163857612916291 -1.3877787807814457e-17
1.0310923973763693e-17 0.10163857612916291 -1.3877787807814457e-17
1.0310923973763693e-17 0.10163857612916291 -1.3877787807814457e-17
1.0310923973763693e-17 0.10163857612916291 -1.3877787807814457e-17
1.0310923973763693e-17 0.10163857612916291 -1.3877787807814457e-17
1.0310923973763693e-17 0.10163857612916291 -1.3877787807814457e-17
1.0310923973763693e-17 0.10163857612916291 -1.3877787807814457e-17
1.0310923973763693e-17 0.10163857612916291 -1.3877787807814457e-17
1.0310923973763693e-17 0.10163857612916291 -1.3877787807814457e-17
1.0310923973763693e-17 0.10163857612916291 -1.3877787807814457e-17
1.0310923973763693e-17 0.10163857612916291 -1.3877787807814457e-17
1.0310923973763693e-17 0.10163857612916291 -1.3877787807814457e-17
1.0310923973763693e-17 0.10163857612916291 -1.3877787807814457e-17
1.0310923973763693e-17 0.10163857612916291 -1.3877787807814457e-17
1.0310923973763693e-17 0.10163857612916291 -1.3877787807814457e-17
1.0310923973763693e-17 0.10163857612916291 -1.3877787807814457e-17
1.0310923973763693e-17 0.10163857612916291 -1.3877787807814457e-17
1.0310923973763693e-17 0.10163857612916291 -1.3877787807814457e-17
1.0310923973763693e-17 0.10163857612916291 -1.3877787807814457e-17
1.0310923973763693e-17 0.10163857612916291 -1.3877787807814457e-17
1.0310923973763693e-17 0.10163857612916291 -1.3877787807814457e-17
1.0310923973763693e-17 0.10163857612916291 -1.3877787807814457e-17
1.0310923973763693e-17 0.10163857612916291 -1.3877787807814457e-17
1.0310923973763693e-17 0.10163857612916291 -1.3877787807814457e-17
1.0310923973763693e-17 0.10163857612916291 -1.3877787807814457e-17
1.0310923973763693e-17 0.10163857612916291 -1.3877787807814457e-17
1.0310923973763693e-17 0.10163857612916291 -1.3877787807814457e-17
1.0310923973763693e-17 0.10163857612916291 -1.3877787807814457e-17
1.0310923973763693e-17 0.10163857612916291 -1.3877787807814457e-17
1.0310923973763693e-17 0.10163857612916291 -1.3877787807814457e-17
1.0310923973763693e-17 0.10163857612916291 -1.3877787807814457e-17
1.0310923973763693e-17 0.10163857612916291 -1.3877787807814457e-17
1.0310923973763693e-17 0.10163857612916291 -1.3877787807814457e-17
1.0310923973763693e-17 0.10163857612916291 -1.3877787807814457e-17
1.0310923973763693e-17 0.10163857612916291 -1.3877787807814457e-17
1.0310923973763693e-17 0.10163857612916291 -1.3877787807814457e-17
1.0310923973763693e-17 0.10163857612916291 -1.3877787807814457e-17
1.0310923973763693e-17 0.10163857612916291 -1.3877787807814457e-17
1.0310923973763693e-17 0.10163857612916291 -1.3877787807814457e-17
1.0310923973763693e-17 0.10163857612916291 -1.3877787807814457e-17
1.0310923973763693e-17 0.10163857612916291 -1.3877787807814457e-17
1.0310923973763693e-17 0.10163857612916291 -1.3877787807814457e-17
1.0310923973763693e-17 0.10163857612916291 -1.3877787807814457e-17
1.0310923973763693e-17 0.10163857612916291 -1.3877787807814457e-17
1.0310923973763693e-17 0.10163857612916291 -1.3877787807814457e-17
1.0310923973763693e-17 0.10163857612916291 -1.3877787807814457e-17
1.0310923973763693e-17 0.10163857612916291 -1.3877787807814457e-17
1.0310923973763693e-17 0.10163857612916291 -1.3877787807814457e-17
1.0310923973763693e-17 0.10163857612916291 -1.3877787807814457e-17
1.0310923973763693e-17 0.10163857612916291 -1.3877787807814457e-17
1.0310923973763693e-17 0.10163857612916291 -1.3877787807814457e-17
1.0310923973763693e-17 0.10163857612916291 -1.3877787807814457e-17
1.0310923973763693e-17 0.10163857612916291 -1.3877787807814457e-17
1.0310923973763693e-17 0.10163857612916291 -1.3877787807814457e-17
1.0310923973763693e-17 0.10163857612916291 -1.3877787807814457e-17
1.0310923973763693e-17 0.10163857612916291 -1.3877787807814457e-17
1.0310923973763693e-17 0.10163857612916291 -1.3877787807814457e-17
1.0310923973763693e-17 0.10163857612916291 -1.3877787807814457e-17
1.0310923973763693e-17 0.10163857612916291 -1.3877787807814457e-17
1.0310923973763693e-17 0.10163857612916291 -1.3877787807814457e-17
1.0310923973763693e-17 0.10163857612916291 -1.3877787807814457e-17
1.0310923973763693e-17 0.10163857612916291 -1.3877787807814457e-17
1.0310923973763693e-17 0.10163857612916291 -1.3877787807814457e-17
1.0310923973763693e-17 0.10163857612916291 -1.3877787807814457e-17
1.0310923973763693e-17 0.10163857612916291 -1.3877787807814457e-17
1.0310923973763693e-17 0.10163857612916291 -1.3877787807814457e-17
1.0310923973763693e-17 0.10163857612916291 -1.3877787807814457e-17
1.0310923973763693e-17 0.10163857612916291 -1.3877787807814457e-17
1.0310923973763693e-17 0.10163857612916291 -1.3877787807814457e-17
1.0310923973763693e-17 0.10163857612916291 -1.3877787807814457e-17
1.0310923973763693e-17 0.10163857612916291 -1.3877787807814457e-17
1.0310923973763693e-17 0.10163857612916291 -1.3877787807814457e-17
1.0310923973763693e-17 0.10163857612916291 -1.3877787807814457e-17
1.0310923973763693e-17 0.10163857612916291 -1.3877787807814457e-17
1.0310923973763693e-17 0.10163857612916291 -1.3877787807814457e-17
1.0310923973763693e-17 0.10163857612916291 -1.3877787807814457e-17
1.0310923973763693e-17 0.10163857612916291 -1.3877787807814457e-17
1.0310923973763693e-17 0.10163857612916291 -1.3877787807814457e-17
1.0310923973763693e-17 0.10163857612916291 -1.3877787807814457e-17
1.0310923973763693e-17 0.10163857612916291 -1.3877787807814457e-17
1.0310923973763693e-17 0.10163857612916291 -1.3877787807814457e-17
1.0310923973763693e-17 0.10163857612916291 -1.3877787807814457e-17
1.0310923973763693e-17 0.10163857612916291 -1.3877787807814457e-17
1.0310923973763693e-17 0.10163857612916291 -1.3877787807814457e-17
1.0310923973763693e-17 0.10163857612916291 -1.3877787807814457e-17
1.0310923973763693e-17 0.10163857612916291 -1.3877787807814457e-17
1.0310923973763693e-17 0.10163857612916291 -1.3877787807814457e-17
1.0310923973763693e-17 0.10163857612916291 -1.3877787807814457e-17
1.0310923973763693e-17 0.10163857612916291 -1.3877787807814457e-17
1.0310923973763693e-17 0.10163857612916291 -1.3877787807814457e-17
1.0310923973763693e-17 0.10163857612916291 -1.3877787807814457e-17
1.0310923973763693e-17 0.10163857612916291 -1.3877787807814457e-17
1.0310923973763693e-17 0.10163857612916291 -1.3877787807814457e-17
1.0310923973763693e-17 0.10163857612916291 -1.3877787807814457e-17
1.0310923973763693e-17 0.10163857612916291 -1.3877787807814457e-17
1.0310923973763693e-17 0.10163857612916291 -1.3877787807814457e-17
1.0310923973763693e-17 0.10163857612916291 -1.3877787807814457e-17
1.0310923973763693e-17 0.10163857612916291 -1.3877787807814457e-17
1.0310923973763693e-17 0.10163857612916291 -1.3877787807814457e-17
1.0310923973763693e-17 0.10163857612916291 -1.3877787807814457e-17
1.0310923973763693e-17 0.10163857612916291 -1.3877787807814457e-17
1.0310923973763693e-17 0.10163857612916291 -1.3877787807814457e-17
1.0310923973763693e-17 0.10163857612916291 -1.3877787807814457e-17
1.0310923973763693e-17 0.10163857612916291 -1.3877787807814457e-17
1.0310923973763693e-17 0.10163857612916291 -1.3877787807814457e-17
1.0310923973763693e-17 0.10163857612916291 -1.3877787807814457e-17
1.0310923973763693e-17 0.10163857612916291 -1.3877787807814457e-17
1.0310923973763693e-17 0.10163857612916291 -1.3877787807814457e-17
1.0310923973763693e-17 0.10163857612916291 -1.3877787807814457e-17
1.0310923973763693e-17 0.10163857612916291 -1.3877787807814457e-17
1.0310923973763693e-17 0.10163857612916291 -1.3877787807814457e-17
1.0310923973763693e-17 0.10163857612916291 -1.3877787807814457e-17
1.0310923973763693e-17 0.10163857612916291 -1.3877787807814457e-17
1.0310923973763693e-17 0.10163857612916291 -1.3877787807814457e-17
1.0310923973763693e-17 0.10163857612916291 -1.3877787807814457e-17
1.0310923973763693e-17 0.10163857612916291 -1.3877787807814457e-17
1.0310923973763693e-17 0.10163857612916291 -1.3877787807814457e-17
1.0310923973763693e-17 0.10163857612916291 -1.3877787807814457e-17
1.0310923973763693e-17 0.10163857612916291 -1.3877787807814457e-17
1.0310923973763693e-17 0.10163857612916291 -1.3877787807814457e-17
1.0310923973763693e-17 0.10163857612916291 -1.3877787807814457e-17
1.0310923973763693e-17 0.10163857612916291 -1.3877787807814457e-17
1.0310923973763693e-17 0.10163857612916291 -1.3877787807814457e-17
1.0310923973763693e-17 0.10163857612916291 -1.3877787807814457e-17
1.0310923973763693e-17 0.10163857612916291 -1.3877787807814457e-17
1.0310923973763693e-17 0.10163857612916291 -1.3877787807814457e-17
1.0310923973763693e-17 0.10163857612916291 -1.3877787807814457e-17
1.0310923973763693e-17 0.10163857612916291 -1.3877787807814457e-17
1.0310923973763693e-17 0.10163857612916291 -1.3877787807814457e-17
1.0310923973763693e-17 0.10163857612916291 -1.3877787807814457e-17
1.0310923973763693e-17 0.10163857612916291 -1.3877787807814457e-17
1.0310923973763693e-17 0.10163857612916291 -1.3877787807814457e-17
1.0310923973763693e-17 0.10163857612916291 -1.3877787807814457e-17
1.0310923973763693e-17 0.10163857612916291 -1.3877787807814457e-17
1.0310923973763693e-17 0.10163857612916291 -1.3877787807814457e-17
1.0310923973763693e-17 0.10163857612916291 -1.3877787807814457e-17
1.0310923973763693e-17 0.10163857612916291 -1.3877787807814457e-17
1.0310923973763693e-17 0.10163857612916291 -1.3877787807814457e-17
1.0310923973763693e-17 0.10163857612916291 -1.3877787807814457e-17
1.0310923973763693e-17 0.10163857612916291 -1.3877787807814457e-17
1.0310923973763693e-17 0.10163857612916291 -1.3877787807814457e-17
1.0310923973763693e-17 0.10163857612916291 -1.3877787807814457e-17
1.0310923973763693e-17 0.10163857612916291 -1.3877787807814457e-17
1.0310923973763693e-17 0.10163857612916291 -1.3877787807814457e-17
1.0310923973763693e-17 0.10163857612916291 -1.3877787807814457e-17
1.0310923973763693e-17 0.10163857612916291 -1.3877787807814457e-17
1.0310923973763693e-17 0.10163857612916291 -1.3877787807814457e-17
1.0310923973763693e-17 0.10163857612916291 -1.3877787807814457e-17
1.0310923973763693e-17 0.10163857612916291 -1.3877787807814457e-17
1.0310923973763693e-17 0.10163857612916291 -1.3877787807814457e-17
1.0310923973763693e-17 0.10163857612916291 -1.3877787807814457e-17
1.0310923973763693e-17 0.10163857612916291 -1.3877787807814457e-17
1.0310923973763693e-17 0.1 0.0
0.00012128279883382965 0.1 0.0006345356101624323
0.00048046647230321767 0.1 0.002465106205747605
0.0010705539358600695 0.1 0.0053845564348188255
0.00188454810495628 0.1 0.009288929612661392
0.0029154518950437443 0.1 0.014077467721782592
0.004156268221574357 0.1 0.019652611411911703
0.005600000000000014 0.1 0.02592
0.00723965014577261 0.1 0.03278847147022074
0.00906822157434404 0.1 0.040170062473969176
0.011078717201166198 0.1 0.04798000832986256
0.013264139941690982 0.1 0.0561367430237401
0.015617492711370284 0.1 0.06456189920866305
0.018131778425656 0.1 0.07318030820491461
0.020800000000000023 0.1 0.08191999999999999
0.023615160349854253 0.1 0.0907122032486464
0.026570262390670583 0.1 0.099491345272803
0.029658309037900902 0.1 0.10819505206164098
0.03287230320699711 0.1 0.1167641482715535
0.03620524781341111 0.1 0.12514265722615575
0.03965014577259479 0.1 0.1332778009162849
0.04320000000000003 0.1 0.14111999999999997
0.04684781341107876 0.1 0.14862287380258224
0.05058658892128285 0.1 0.15574324031653478
0.054409329446064185 0.1 0.16244111620158266
0.058309037900874675 0.1 0.16867971678467306
0.062278717201166234 0.1 0.174425456059975
0.06631137026239073 0.1 0.17964794668887962
0.07040000000000006 0.1 0.18431999999999998
0.07453760932944613 0.1 0.18841762598917122
0.07871720116618082 0.1 0.19192003331945023
0.08293177842565604 0.1 0.19480962932111612
0.08717434402332368 0.1 0.19707201999167012
0.09143790087463566 0.1 0.19869600999583503
0.0957154518950438 0.1 0.199673602665556
0.10000000000000009 0.1 0.19999999999999996
0.10428454810495635 0.1 0.1996736026655559
0.1085620991253645 0.1 0.19869600999583503
0.11282565597667647 0.1 0.19707201999167012
0.11706822157434413 0.1 0.19480962932111623
0.12128279883381936 0.1 0.1919200333194504
0.12546239067055404 0.1 0.188417625989171
0.12960000000000008 0.1 0.18431999999999982
0.13368862973760942 0.1 0.1796479466888794
0.13772128279883392 0.1 0.17442545605997495
0.14169096209912543 0.1 0.1686797167846732
0.14559067055393599 0.1 0.16244111620158241
0.14941341107871728 0.1 0.15574324031653486
0.1531521865889214 0.1 0.14862287380258232
0.1568000000000001 0.1 0.1411199999999999
0.16034985422740533 0.1 0.13327780091628494
0.163794752186589 0.1 0.1251426572261558
0.16712769679300302 0.1 0.11676414827155357
0.17034169096209922 0.1 0.10819505206164082
0.17342973760932956 0.1 0.09949134527280279
0.1763848396501459 0.1 0.09071220324864604
0.1792000000000001 0.1 0.08191999999999977
0.18186822157434418 0.1 0.07318030820491472
0.18438250728862982 0.1 0.0645618992086634
0.1867358600583091 0.1 0.056136743023740276
0.1889212827988339 0.1 0.04798000832986249
0.19093177842565603 0.1 0.04017006247396937
0.19276034985422752 0.1 0.03278847147022024
0.1944000000000001 0.1 0.02591999999999972
0.19584373177842576 0.1 0.019652611411911547
0.19708454810495638 0.1 0.014077467721782533
0.1981154518950439 0.1 0.009288929612661256
0.1989294460641401 0.1 0.005384556434818943
0.19951953352769689 0.1 0.0024651062057476913
0.19987871720116626 0.1 0.0006345356101622457
0.20000000000000015 0.1 0.0
0.20000000000000015 0.1 0.0
0.20000000000000015 0.1 0.0
0.20000000000000015 0.1 0.0
0.20000000000000015 0.1 0.0
0.20000000000000015 0.1 0.0
0.20000000000000015 0.1 0.0
0.20000000000000015 0.1 0.0
0.20000000000000015 0.1 0.0
0.20000000000000015 0.1 0.0
0.20000000000000015 0.1 0.0
0.20000000000000015 0.1 0.0
0.20000000000000015 0.1 0.0
0.20000000000000015 0.1 0.0
0.20000000000000015 0.1 0.0
0.20000000000000015 0.1 0.0
0.20000000000000015 0.1 0.0
0.20000000000000015 0.1 0.0
0.20000000000000015 0.1 0.0
0.20000000000000015 0.1 0.0
0.20000000000000015 0.1 0.0
0.20000000000000015 0.1 0.0
0.20000000000000015 0.1 0.0
0.20000000000000015 0.1 0.0
0.20000000000000015 0.1 0.0
0.20000000000000015 0.1 0.0
0.20000000000000015 0.1 0.0
0.20000000000000015 0.1 0.0
0.20000000000000015 0.1 0.0
0.20000000000000015 0.1 0.0
0.20000000000000015 0.1 0.0
0.20000000000000015 0.1 0.0
0.20000000000000015 0.1 0.0
0.20000000000000015 0.1 0.0
0.20000000000000015 0.1 0.0
0.20000000000000015 0.1 0.0
0.20000000000000015 0.1 0.0
0.20000000000000015 0.1 0.0
0.20000000000000015 0.1 0.0
0.20000000000000015 0.1 0.0
0.20000000000000015 0.1 0.0
0.20000000000000015 0.1 0.0
0.20000000000000015 0.1 0.0
0.20000000000000015 0.1 0.0
0.20000000000000015 0.1 0.0
0.20000000000000015 0.1 0.0
0.20000000000000015 0.1 0.0
0.20000000000000015 0.1 0.0
0.20000000000000015 0.1 0.0
0.20000000000000015 0.1 0.0
0.20000000000000015 0.1 0.0
0.20000000000000015 0.1 0.0
0.20000000000000015 0.1 0.0
0.20000000000000015 0.1 0.0
0.20000000000000015 0.1 0.0
0.20000000000000015 0.1 0.0
0.20000000000000015 0.1 0.0
0.20000000000000015 0.1 0.0
0.20000000000000015 0.1 0.0
0.20000000000000015 0.1 0.0
0.20000000000000015 0.1 0.0
0.20000000000000015 0.1 0.0
0.20000000000000015 0.1 0.0
0.20000000000000015 0.1 0.0
0.20000000000000015 0.1 0.0
0.20000000000000015 0.1 0.0
0.20000000000000015 0.1 0.0
0.20000000000000015 0.1 0.0
0.20000000000000015 0.1 0.0
0.20000000000000015 0.1 0.0
0.20000000000000015 0.1 0.0
0.20000000000000015 0.1 0.0
0.20000000000000015 0.1 0.0
0.20000000000000015 0.1 0.0
0.20000000000000015 0.1 0.0
0.20000000000000015 0.1 0.0
0.20000000000000015 0.1 0.0
0.20000000000000015 0.1 0.0
0.20000000000000015 0.1 0.0
0.20000000000000015 0.1 0.0
0.20000000000000015 0.1 0.0
0.20000000000000015 0.1 0.0
0.20000000000000015 0.1 0.0
0.20000000000000015 0.1 0.0
0.20000000000000015 0.1 0.0
0.20000000000000015 0.1 0.0
0.20000000000000015 0.1 0.0
0.20000000000000015 0.1 0.0
0.20000000000000015 0.1 0.0
0.20000000000000015 0.1 0.0
0.20000000000000015 0.1 0.0
0.20000000000000015 0.1 0.0
0.20000000000000015 0.1 0.0
0.20000000000000015 0.1 0.0
0.20000000000000015 0.1 0.0
0.20000000000000015 0.1 0.0
0.20000000000000015 0.1 0.0
0.20000000000000015 0.1 0.0
0.20000000000000015 0.1 0.0
0.20000000000000015 0.1 0.0
0.20000000000000015 0.1 0.0
0.20000000000000015 0.1 0.0
0.20000000000000015 0.1 0.0
0.20000000000000015 0.1 0.0
0.20000000000000015 0.1 0.0
0.20000000000000015 0.1 0.0
0.20000000000000015 0.1 0.0
0.20000000000000015 0.1 0.0
0.20000000000000015 0.1 0.0
0.20000000000000015 0.1 0.0
0.20000000000000015 0.1 0.0
0.20000000000000015 0.1 0.0
0.20000000000000015 0.1 0.0
0.20000000000000015 0.1 0.0
0.20000000000000015 0.1 0.0
0.20000000000000015 0.1 0.0
0.20000000000000015 0.1 0.0
0.20000000000000015 0.1 0.0
0.20000000000000015 0.1 0.0
0.20000000000000015 0.1 0.0
0.20000000000000015 0.1 0.0
0.20000000000000015 0.1 0.0
0.20000000000000015 0.1 0.0
0.20000000000000015 0.1 0.0
0.20000000000000015 0.1 0.0
0.20000000000000015 0.1 0.0
0.20000000000000015 0.1 0.0
0.20000000000000015 0.1 0.0
0.20000000000000015 0.1 0.0
0.20000000000000015 0.1 0.0
0.20000000000000015 0.1 0.0
0.2002425655976678 0.1 0.0006345356101624323
0.20096093294460657 0.1 0.002465106205747605
0.20214110787172027 0.1 0.0053845564348188255
0.20376909620991268 0.1 0.009288929612661392
0.20583090379008762 0.1 0.014077467721782592
0.20831253644314884 0.1 0.019652611411911703
0.21120000000000017 0.1 0.02592
0.21447930029154536 0.1 0.03278847147022074
0.2181364431486882 0.1 0.040170062473969176
0.22215743440233252 0.1 0.04798000832986256
0.2265282798833821 0.1 0.0561367430237401
0.23123498542274068 0.1 0.06456189920866305
0.23626355685131212 0.1 0.07318030820491461
0.24160000000000018 0.1 0.08191999999999999
0.24723032069970863 0.1 0.0907122032486464
0.2531405247813413 0.1 0.099491345272803
0.2593166180758019 0.1 0.10819505206164098
0.26574460641399433 0.1 0.1167641482715535
0.27241049562682235 0.1 0.12514265722615575
0.2793002915451897 0.1 0.1332778009162849
0.2864000000000002 0.1 0.14111999999999997
0.29369562682215766 0.1 0.14862287380258224
0.3011731778425658 0.1 0.15574324031653478
0.3088186588921285 0.1 0.16244111620158266
0.3166180758017495 0.1 0.16867971678467306
0.3245574344023326 0.1 0.174425456059975
0.3326227405247816 0.1 0.17964794668887962
0.3408000000000002 0.1 0.18431999999999998
0.34907521865889235 0.1 0.18841762598917122
0.35743440233236173 0.1 0.19192003331945023
0.3658635568513122 0.1 0.19480962932111612
0.37434868804664745 0.1 0.19707201999167012
0.3828758017492714 0.1 0.19869600999583503
0.3914309037900877 0.1 0.199673602665556
0.40000000000000024 0.1 0.19999999999999996
0.4085690962099128 0.1 0.1996736026655559
0.4171241982507291 0.1 0.19869600999583503
0.42565131195335304 0.1 0.19707201999167012
0.4341364431486884 0.1 0.19480962932111623
0.4425655976676388 0.1 0.1919200333194504
0.45092478134110814 0.1 0.188417625989171
0.4592000000000003 0.1 0.18431999999999982
0.4673772594752189 0.1 0.1796479466888794
0.47544256559766795 0.1 0.17442545605997495
0.483381924198251 0.1 0.1686797167846732
0.49118134110787204 0.1 0.16244111620158241
0.4988268221574347 0.1 0.15574324031653486
0.5063043731778429 0.1 0.14862287380258232
0.5136000000000003 0.1 0.1411199999999999
0.5206997084548108 0.1 0.13327780091628494
0.5275895043731782 0.1 0.1251426572261558
0.5342553935860062 0.1 0.11676414827155357
0.5406833819241985 0.1 0.10819505206164082
0.5468594752186592 0.1 0.09949134527280279
0.5527696793002919 0.1 0.09071220324864604
0.5584000000000003 0.1 0.08191999999999977
0.5637364431486884 0.1 0.07318030820491472
0.5687650145772597 0.1 0.0645618992086634
0.5734717201166183 0.1 0.056136743023740276
0.5778425655976679 0.1 0.04798000832986249
0.5818635568513122 0.1 0.04017006247396937
0.5855206997084551 0.1 0.03278847147022024
0.5888000000000003 0.1 0.02591999999999972
0.5916874635568516 0.1 0.019652611411911547
0.5941690962099129 0.1 0.014077467721782533
0.5962309037900879 0.1 0.009288929612661256
0.5978588921282803 0.1 0.005384556434818943
0.5990390670553939 0.1 0.0024651062057476913
0.5997574344023326 0.1 0.0006345356101622457
0.6000000000000004 0.1 0.0
0.6000000000000004 0.1 0.0
0.6000000000000004 0.1 0.0
0.6000000000000004 0.1 0.0
0.6000000000000004 0.1 0.0
0.6000000000000004 0.1 0.0
0.6000000000000004 0.1 0.0
0.6000000000000004 0.1 0.0
0.6000000000000004 0.1 0.0
0.6000000000000004 0.1 0.0
0.6000000000000004 0.1 0.0
0.6000000000000004 0.1 0.0
0.6000000000000004 0.1 0.0
0.6000000000000004 0.1 0.0
0.6000000000000004 0.1 0.0
0.6000000000000004 0.1 0.0
0.6000000000000004 0.1 0.0
0.6000000000000004 0.1 0.0
0.6000000000000004 0.1 0.0
0.6000000000000004 0.1 0.0
0.6000000000000004 0.1 0.0
0.6000000000000004 0.1 0.0
0.6000000000000004 0.1 0.0
0.6000000000000004 0.1 0.0
0.6000000000000004 0.1 0.0
0.6000000000000004 0.1 0.0
0.6000000000000004 0.1 0.0
0.6000000000000004 0.1 0.0
0.6000000000000004 0.1 0.0
0.6000000000000004 0.1 0.0
0.6000000000000004 0.1 0.0
0.6000000000000004 0.1 0.0
0.6000000000000004 0.1 0.0
0.6000000000000004 0.1 0.0
0.6000000000000004 0.1 0.0
0.6000000000000004 0.1 0.0
0.6000000000000004 0.1 0.0
0.6000000000000004 0.1 0.0
0.6000000000000004 0.1 0.0
0.6000000000000004 0.1 0.0
0.6000000000000004 0.1 0.0
0.6000000000000004 0.1 0.0
0.6000000000000004 0.1 0.0
0.6000000000000004 0.1 0.0
0.6000000000000004 0.1 0.0
0.6000000000000004 0.1 0.0
0.6000000000000004 0.1 0.0
0.6000000000000004 0.1 0.0
0.6000000000000004 0.1 0.0
0.6000000000000004 0.1 0.0
0.6000000000000004 0.1 0.0
0.6000000000000004 0.1 0.0
0.6000000000000004 0.1 0.0
0.6000000000000004 0.1 0.0
0.6000000000000004 0.1 0.0
0.6000000000000004 0.1 0.0
0.6000000000000004 0.1 0.0
0.6000000000000004 0.1 0.0
0.6000000000000004 0.1 0.0
0.6000000000000004 0.1 0.0
0.6000000000000004 0.1 0.0
0.6000000000000004 0.1 0.0
0.6000000000000004 0.1 0.0
0.6000000000000004 0.1 0.0
0.6000000000000004 0.1 0.0
0.6000000000000004 0.1 0.0
0.6000000000000004 0.1 0.0
0.6000000000000004 0.1 0.0
0.6000000000000004 0.1 0.0
0.6000000000000004 0.1 0.0
0.6000000000000004 0.1 0.0
0.6000000000000004 0.1 0.0
0.6000000000000004 0.1 0.0
0.6000000000000004 0.1 0.0
0.6000000000000004 0.1 0.0
0.6000000000000004 0.1 0.0
0.6000000000000004 0.1 0.0
0.6000000000000004 0.1 0.0
0.6000000000000004 0.1 0.0
0.6000000000000004 0.1 0.0
0.6000000000000004 0.1 0.0
0.6000000000000004 0.1 0.0
0.6000000000000004 0.1 0.0
0.6000000000000004 0.1 0.0
0.6000000000000004 0.1 0.0
0.6000000000000004 0.1 0.0
0.6000000000000004 0.1 0.0
0.6000000000000004 0.1 0.0
0.6000000000000004 0.1 0.0
0.6000000000000004 0.1 0.0
0.6000000000000004 0.1 0.0
0.6000000000000004 0.1 0.0
0.6000000000000004 0.1 0.0
0.6000000000000004 0.1 0.0
0.6000000000000004 0.1 0.0
0.6000000000000004 0.1 0.0
0.6000000000000004 0.1 0.0
0.6000000000000004 0.1 0.0
0.6000000000000004 0.1 0.0
0.6000000000000004 0.1 0.0
0.6000000000000004 0.1 0.0
0.6000000000000004 0.1 0.0
0.6000000000000004 0.1 0.0
0.6000000000000004 0.1 0.0
0.6000000000000004 0.1 0.0
0.6000000000000004 0.1 0.0
0.6000000000000004 0.1 0.0
0.6000000000000004 0.1 0.0
0.6000000000000004 0.1 0.0
0.6000000000000004 0.1 0.0
0.6000000000000004 0.1 0.0
0.6000000000000004 0.1 0.0
0.6000000000000004 0.1 0.0
0.6000000000000004 0.1 0.0
0.6000000000000004 0.1 0.0
0.6000000000000004 0.1 0.0
0.6000000000000004 0.1 0.0
0.6000000000000004 0.1 0.0
0.6000000000000004 0.1 0.0
0.6000000000000004 0.1 0.0
0.6000000000000004 0.1 0.0
0.6000000000000004 0.1 0.0
0.6000000000000004 0.1 0.0
0.6000000000000004 0.1 0.0
0.6000000000000004 0.1 0.0
0.6000000000000004 0.1 0.0
0.6000000000000004 0.1 0.0
0.6000000000000004 0.1 0.0
0.6000000000000004 0.1 0.0
0.6000000000000004 0.1 0.0
0.6000000000000004 0.1 0.0
0.6003638483965019 0.1 0.0006345356101624323
0.60144139941691 0.1 0.002465106205747605
0.6032116618075806 0.1 0.0053845564348188255
0.6056536443148691 0.1 0.009288929612661392
0.6087463556851315 0.1 0.014077467721782592
0.6124688046647233 0.1 0.019652611411911703
0.6168000000000002 0.1 0.02592
0.621718950437318 0.1 0.03278847147022074
0.6272046647230322 0.1 0.040170062473969176
0.6332361516034986 0.1 0.04798000832986256
0.6397924198250728 0.1 0.0561367430237401
0.6468524781341106 0.1 0.06456189920866305
0.6543953352769677 0.1 0.07318030820491461
0.6623999999999997 0.1 0.08191999999999999
0.6708454810495623 0.1 0.0907122032486464
0.6797107871720112 0.1 0.099491345272803
0.688974927113702 0.1 0.10819505206164098
0.6986169096209905 0.1 0.1167641482715535
0.7086157434402324 0.1 0.12514265722615575
0.7189504373177833 0.1 0.1332778009162849
0.7295999999999989 0.1 0.14111999999999997
0.7405434402332349 0.1 0.14862287380258224
0.7517597667638471 0.1 0.15574324031653478
0.7632279883381909 0.1 0.16244111620158266
0.7749271137026223 0.1 0.16867971678467306
0.7868361516034968 0.1 0.174425456059975
0.7989341107871701 0.1 0.17964794668887962
0.8111999999999979 0.1 0.18431999999999998
0.823612827988336 0.1 0.18841762598917122
0.8361516034985399 0.1 0.19192003331945023
0.8487953352769655 0.1 0.19480962932111612
0.8615230320699683 0.1 0.19707201999167012
0.874313702623904 0.1 0.19869600999583503
0.8871463556851282 0.1 0.199673602665556
0.899999999999997 0.1 0.19999999999999996
0.9128536443148656 0.1 0.1996736026655559
0.9256862973760899 0.1 0.19869600999583503
0.9384769679300257 0.1 0.19707201999167012
0.9512046647230284 0.1 0.19480962932111623
0.9638483965014539 0.1 0.1919200333194504
0.9763871720116579 0.1 0.188417625989171
0.9887999999999959 0.1 0.18431999999999982
1.0010658892128237 0.1 0.1796479466888794
1.013163848396497 0.1 0.17442545605997495
1.0250728862973715 0.1 0.1686797167846732
1.036772011661803 0.1 0.16244111620158241
1.0482402332361467 0.1 0.15574324031653486
1.0594565597667591 0.1 0.14862287380258232
1.070399999999995 0.1 0.1411199999999999
1.0810495626822105 0.1 0.13327780091628494
1.0913842565597616 0.1 0.1251426572261558
1.1013830903790032 0.1 0.11676414827155357
1.1110250728862918 0.1 0.10819505206164082
1.1202892128279827 0.1 0.09949134527280279
1.1291545189504317 0.1 0.09071220324864604
1.1375999999999942 0.1 0.08191999999999977
1.1456046647230262 0.1 0.07318030820491472
1.153147521865883 0.1 0.0645618992086634
1.1602075801749208 0.1 0.056136743023740276
1.1667638483964953 0.1 0.04798000832986249
1.1727953352769616 0.1 0.04017006247396937
1.1782810495626759 0.1 0.03278847147022024
1.1831999999999936 0.1 0.02591999999999972
1.1875311953352705 0.1 0.019652611411911547
1.1912536443148622 0.1 0.014077467721782533
1.1943463556851248 0.1 0.009288929612661256
1.1967883381924134 0.1 0.005384556434818943
1.1985586005830837 0.1 0.0024651062057476913
1.199636151603492 0.1 0.0006345356101622457
1.1999999999999935 0.1 0.0
1.1999999999999935 0.1 0.0
1.1999999999999935 0.1 0.0
1.1999999999999935 0.1 0.0
1.1999999999999935 0.1 0.0
1.1999999999999935 0.1 0.0
1.1999999999999935 0.1 0.0
1.1999999999999935 0.1 0.0
1.1999999999999935 0.1 0.0
1.1999999999999935 0.1 0.0
1.1999999999999935 0.1 0.0
1.1999999999999935 0.1 0.0
1.1999999999999935 0.1 0.0
1.1999999999999935 0.1 0.0
1.1999999999999935 0.1 0.0
1.1999999999999935 0.1 0.0
1.1999999999999935 0.1 0.0
1.1999999999999935 0.1 0.0
1.1999999999999935 0.1 0.0
1.1999999999999935 0.1 0.0
1.1999999999999935 0.1 0.0
1.1999999999999935 0.1 0.0
1.1999999999999935 0.1 0.0
1.1999999999999935 0.1 0.0
1.1999999999999935 0.1 0.0
1.1999999999999935 0.1 0.0
1.1999999999999935 0.1 0.0
1.1999999999999935 0.1 0.0
1.1999999999999935 0.1 0.0
1.1999999999999935 0.1 0.0
1.1999999999999935 0.1 0.0
1.1999999999999935 0.1 0.0
1.1999999999999935 0.1 0.0
1.1999999999999935 0.1 0.0
1.1999999999999935 0.1 0.0
1.1999999999999935 0.1 0.0
1.1999999999999935 0.1 0.0
1.1999999999999935 0.1 0.0
1.1999999999999935 0.1 0.0
1.1999999999999935 0.1 0.0
1.1999999999999935 0.1 0.0
1.1999999999999935 0.1 0.0
1.1999999999999935 0.1 0.0
1.1999999999999935 0.1 0.0
1.1999999999999935 0.1 0.0
1.1999999999999935 0.1 0.0
1.1999999999999935 0.1 0.0
1.1999999999999935 0.1 0.0
1.1999999999999935 0.1 0.0
1.1999999999999935 0.1 0.0
1.1999999999999935 0.1 0.0
1.1999999999999935 0.1 0.0
1.1999999999999935 0.1 0.0
1.1999999999999935 0.1 0.0
1.1999999999999935 0.1 0.0
1.1999999999999935 0.1 0.0
1.1999999999999935 0.1 0.0
1.1999999999999935 0.1 0.0
1.1999999999999935 0.1 0.0
1.1999999999999935 0.1 0.0
1.1999999999999935 0.1 0.0
1.1999999999999935 0.1 0.0
1.1999999999999935 0.1 0.0
1.1999999999999935 0.1 0.0
1.1999999999999935 0.1 0.0
1.1999999999999935 0.1 0.0
1.1999999999999935 0.1 0.0
1.1999999999999935 0.1 0.0
1.1999999999999935 0.1 0.0
1.1999999999999935 0.1 0.0
1.1999999999999935 0.1 0.0
1.1999999999999935 0.1 0.0
1.1999999999999935 0.1 0.0
1.1999999999999935 0.1 0.0
1.1999999999999935 0.1 0.0
1.1999999999999935 0.1 0.0
1.1999999999999935 0.1 0.0
1.1999999999999935 0.1 0.0
1.1999999999999935 0.1 0.0
1.1999999999999935 0.1 0.0
1.1999999999999935 0.1 0.0
1.1999999999999935 0.1 0.0
1.1999999999999935 0.1 0.0
1.1999999999999935 0.1 0.0
1.1999999999999935 0.1 0.0
1.1999999999999935 0.1 0.0
1.1999999999999935 0.1 0.0
1.1999999999999935 0.1 0.0
1.1999999999999935 0.1 0.0
1.1999999999999935 0.1 0.0
1.1999999999999935 0.1 0.0
1.1999999999999935 0.1 0.0
1.1999999999999935 0.1 0.0
1.1999999999999935 0.1 0.0
1.1999999999999935 0.1 0.0
1.1999999999999935 0.1 0.0
1.1999999999999935 0.1 0.0
1.1999999999999935 0.1 0.0
1.1999999999999935 0.1 0.0
1.1999999999999935 0.1 0.0
1.1999999999999935 0.1 0.0
1.1999999999999935 0.1 0.0
1.1999999999999935 0.1 0.0
1.1999999999999935 0.1 0.0
1.1999999999999935 0.1 0.0
1.1999999999999935 0.1 0.0
1.1999999999999935 0.1 0.0
1.1999999999999935 0.1 0.0
1.1999999999999935 0.1 0.0
1.1999999999999935 0.1 0.0
1.1999999999999935 0.1 0.0
1.1999999999999935 0.1 0.0
1.1999999999999935 0.1 0.0
1.1999999999999935 0.1 0.0
1.1999999999999935 0.1 0.0
1.1999999999999935 0.1 0.0
1.1999999999999935 0.1 0.0
1.1999999999999935 0.1 0.0
1.1999999999999935 0.1 0.0
1.1999999999999935 0.1 0.0
1.1999999999999935 0.1 0.0
1.1999999999999935 0.1 0.0
1.1999999999999935 0.1 0.0
1.1999999999999935 0.1 0.0
1.1999999999999935 0.1 0.0
1.1999999999999935 0.1 0.0
1.1999999999999935 0.1 0.0
1.1999999999999935 0.1 0.0
1.1999999999999935 0.1 0.0
1.1999999999999935 0.1 0.0
1.1999999999999935 0.1 0.0
1.200363848396495 0.1 0.0006345356101624323
1.201441399416903 0.1 0.002465106205747605
1.2032116618075737 0.1 0.0053845564348188255
1.2056536443148622 0.1 0.009288929612661392
1.2087463556851243 0.1 0.014077467721782592
1.212468804664716 0.1 0.019652611411911703
1.216799999999993 0.1 0.02592
1.2217189504373105 0.1 0.03278847147022074
1.2272046647230246 0.1 0.040170062473969176
1.2332361516034909 0.1 0.04798000832986256
1.239792419825065 0.1 0.0561367430237401
1.2468524781341026 0.1 0.06456189920866305
1.2543953352769595 0.1 0.07318030820491461
1.2623999999999913 0.1 0.08191999999999999
1.2708454810495535 0.1 0.0907122032486464
1.2797107871720024 0.1 0.099491345272803
1.288974927113693 0.1 0.10819505206164098
1.2986169096209812 0.1 0.1167641482715535
1.3086157434402228 0.1 0.12514265722615575
1.3189504373177734 0.1 0.1332778009162849
1.3295999999999888 0.1 0.14111999999999997
1.3405434402332246 0.1 0.14862287380258224
1.3517597667638364 0.1 0.15574324031653478
1.36322798833818 0.1 0.16244111620158266
1.3749271137026111 0.1 0.16867971678467306
1.3868361516034853 0.1 0.174425456059975
1.3989341107871582 0.1 0.17964794668887962
1.4111999999999858 0.1 0.18431999999999998
1.4236128279883236 0.1 0.18841762598917122
1.4361516034985273 0.1 0.19192003331945023
1.4487953352769525 0.1 0.19480962932111612
1.4615230320699548 0.1 0.19707201999167012
1.4743137026238904 0.1 0.19869600999583503
1.4871463556851143 0.1 0.199673602665556
1.4999999999999827 0.1 0.19999999999999996
1.512853644314851 0.1 0.1996736026655559
1.525686297376075 0.1 0.19869600999583503
1.5384769679300105 0.1 0.19707201999167012
1.5512046647230129 0.1 0.19480962932111623
1.563848396501438 0.1 0.1919200333194504
1.5763871720116418 0.1 0.188417625989171
1.5887999999999793 0.1 0.18431999999999982
1.601065889212807 0.1 0.1796479466888794
1.61316384839648 0.1 0.17442545605997495
1.625072886297354 0.1 0.1686797167846732
1.6367720116617854 0.1 0.16244111620158241
1.6482402332361288 0.1 0.15574324031653486
1.6594565597667408 0.1 0.14862287380258232
1.6703999999999763 0.1 0.1411199999999999
1.6810495626821917 0.1 0.13327780091628494
1.6913842565597426 0.1 0.1251426572261558
1.7013830903789842 0.1 0.11676414827155357
1.7110250728862724 0.1 0.10819505206164082
1.720289212827963 0.1 0.09949134527280279
1.7291545189504116 0.1 0.09071220324864604
1.737599999999974 0.1 0.08191999999999977
1.745604664723006 0.1 0.07318030820491472
1.7531475218658625 0.1 0.0645618992086634
1.7602075801749002 0.1 0.056136743023740276
1.7667638483964743 0.1 0.04798000832986249
1.7727953352769406 0.1 0.04017006247396937
1.7782810495626546 0.1 0.03278847147022024
1.7831999999999724 0.1 0.02591999999999972
1.7875311953352493 0.1 0.019652611411911547
1.7912536443148408 0.1 0.014077467721782533
1.7943463556851031 0.1 0.009288929612661256
1.7967883381923917 0.1 0.005384556434818943
1.798558600583062 0.1 0.0024651062057476913
1.7996361516034702 0.1 0.0006345356101622457
1.7999999999999718 0.1 0.0
1.7999999999999718 0.1 0.0
1.7999999999999718 0.1 0.0
1.7999999999999718 0.1 0.0
1.7999999999999718 0.1 0.0
1.7999999999999718 0.1 0.0
1.7999999999999718 0.1 0.0
1.7999999999999718 0.1 0.0
1.7999999999999718 0.1 0.0
1.7999999999999718 0.1 0.0
1.7999999999999718 0.1 0.0
1.7999999999999718 0.1 0.0
1.7999999999999718 0.1 0.0
1.7999999999999718 0.1 0.0
1.7999999999999718 0.1 0.0
1.7999999999999718 0.1 0.0
1.7999999999999718 0.1 0.0
1.7999999999999718 0.1 0.0
1.7999999999999718 0.1 0.0
1.7999999999999718 0.1 0.0
1.7999999999999718 0.1 0.0
1.7999999999999718 0.1 0.0
1.7999999999999718 0.1 0.0
1.7999999999999718 0.1 0.0
1.7999999999999718 0.1 0.0
1.7999999999999718 0.1 0.0
1.7999999999999718 0.1 0.0
1.7999999999999718 0.1 0.0
1.7999999999999718 0.1 0.0
1.7999999999999718 0.1 0.0
1.7999999999999718 0.1 0.0
1.7999999999999718 0.1 0.0
1.7999999999999718 0.1 0.0
1.7999999999999718 0.1 0.0
1.7999999999999718 0.1 0.0
1.7999999999999718 0.1 0.0
1.7999999999999718 0.1 0.0
1.7999999999999718 0.1 0.0
1.7999999999999718 0.1 0.0
1.7999999999999718 0.1 0.0
1.7999999999999718 0.1 0.0
1.7999999999999718 0.1 0.0
1.7999999999999718 0.1 0.0
1.7999999999999718 0.1 0.0
1.7999999999999718 0.1 0.0
1.7999999999999718 0.1 0.0
1.7999999999999718 0.1 0.0
1.7999999999999718 0.1 0.0
1.7999999999999718 0.1 0.0
1.7999999999999718 0.1 0.0
1.7999999999999718 0.1 0.0
1.7999999999999718 0.1 0.0
1.7999999999999718 0.1 0.0
1.7999999999999718 0.1 0.0
1.7999999999999718 0.1 0.0
1.7999999999999718 0.1 0.0
1.7999999999999718 0.1 0.0
1.7999999999999718 0.1 0.0
1.7999999999999718 0.1 0.0
1.7999999999999718 0.1 0.0
1.7999999999999718 0.1 0.0
1.7999999999999718 0.1 0.0
1.7999999999999718 0.1 0.0
1.7999999999999718 0.1 0.0
1.7999999999999718 0.1 0.0
1.7999999999999718 0.1 0.0
1.7999999999999718 0.1 0.0
1.7999999999999718 0.1 0.0
1.7999999999999718 0.1 0.0
1.7999999999999718 0.1 0.0
1.7999999999999718 0.1 0.0
1.7999999999999718 0.1 0.0
1.7999999999999718 0.1 0.0
1.7999999999999718 0.1 0.0
1.7999999999999718 0.1 0.0
1.7999999999999718 0.1 0.0
1.7999999999999718 0.1 0.0
1.7999999999999718 0.1 0.0
1.7999999999999718 0.1 0.0
1.7999999999999718 0.1 0.0
1.7999999999999718 0.1 0.0
1.7999999999999718 0.1 0.0
1.7999999999999718 0.1 0.0
1.7999999999999718 0.1 0.0
1.7999999999999718 0.1 0.0
1.7999999999999718 0.1 0.0
1.7999999999999718 0.1 0.0
1.7999999999999718 0.1 0.0
1.7999999999999718 0.1 0.0
1.7999999999999718 0.1 0.0
1.7999999999999718 0.1 0.0
1.7999999999999718 0.1 0.0
1.7999999999999718 0.1 0.0
1.7999999999999718 0.1 0.0
1.7999999999999718 0.1 0.0
1.7999999999999718 0.1 0.0
1.7999999999999718 0.1 0.0
1.7999999999999718 0.1 0.0
1.7999999999999718 0.1 0.0
1.7999999999999718 0.1 0.0
1.7999999999999718 0.1 0.0
1.7999999999999718 0.1 0.0
1.7999999999999718 0.1 0.0
1.7999999999999718 0.1 0.0
1.7999999999999718 0.1 0.0
1.7999999999999718 0.1 0.0
1.7999999999999718 0.1 0.0
1.7999999999999718 0.1 0.0
1.7999999999999718 0.1 0.0
1.7999999999999718 0.1 0.0
1.7999999999999718 0.1 0.0
1.7999999999999718 0.1 0.0
1.7999999999999718 0.1 0.0
1.7999999999999718 0.1 0.0
1.7999999999999718 0.1 0.0
1.7999999999999718 0.1 0.0
1.7999999999999718 0.1 0.0
1.7999999999999718 0.1 0.0
1.7999999999999718 0.1 0.0
1.7999999999999718 0.1 0.0
1.7999999999999718 0.1 0.0
1.7999999999999718 0.1 0.0
1.7999999999999718 0.1 0.0
1.7999999999999718 0.1 0.0
1.7999999999999718 0.1 0.0
1.7999999999999718 0.1 0.0
1.7999999999999718 0.1 0.0
1.7999999999999718 0.1 0.0
1.7999999999999718 0.1 0.0
1.7999999999999718 0.1 0.0
1.7999999999999718 0.1 0.0
1.8003638483964732 0.1 0.0006345356101624323
1.8014413994168814 0.1 0.002465106205747605
1.803211661807552 0.1 0.0053845564348188255
1.8056536443148408 0.1 0.009288929612661392
1.8087463556851031 0.1 0.014077467721782592
1.812468804664695 0.1 0.019652611411911703
1.816799999999972 0.1 0.02592
1.82171895043729 0.1 0.03278847147022074
1.8272046647230042 0.1 0.040170062473969176
1.8332361516034708 0.1 0.04798000832986256
1.8397924198250453 0.1 0.0561367430237401
1.8468524781340832 0.1 0.06456189920866305
1.8543953352769404 0.1 0.07318030820491461
1.8623999999999727 0.1 0.08191999999999999
1.8708454810495354 0.1 0.0907122032486464
1.8797107871719845 0.1 0.099491345272803
1.8889749271136758 0.1 0.10819505206164098
1.8986169096209644 0.1 0.1167641482715535
1.9086157434402065 0.1 0.12514265722615575
1.9189504373177577 0.1 0.1332778009162849
1.9295999999999736 0.1 0.14111999999999997
1.9405434402332098 0.1 0.14862287380258224
1.9517597667638222 0.1 0.15574324031653478
1.9632279883381665 0.1 0.16244111620158266
1.974927113702598 0.1 0.16867971678467306
1.986836151603473 0.1 0.174425456059975
1.9989341107871466 0.1 0.17964794668887962
2.011199999999975 0.1 0.18431999999999998
2.023612827988313 0.1 0.18841762598917122
2.036151603498517 0.1 0.19192003331945023
2.0487953352769432 0.1 0.19480962932111612
2.061523032069946 0.1 0.19707201999167012
2.0743137026238823 0.1 0.19869600999583503
2.087146355685107 0.1 0.199673602665556
2.0999999999999757 0.1 0.19999999999999996
2.112853644314845 0.1 0.1996736026655559
2.1256862973760695 0.1 0.19869600999583503
2.1384769679300053 0.1 0.19707201999167012
2.1512046647230085 0.1 0.19480962932111623
2.1638483965014346 0.1 0.1919200333194504
2.176387172011639 0.1 0.188417625989171
2.188799999999977 0.1 0.18431999999999982
2.201065889212805 0.1 0.1796479466888794
2.213163848396479 0.1 0.17442545605997495
2.2250728862973537 0.1 0.1686797167846732
2.2367720116617855 0.1 0.16244111620158241
2.2482402332361295 0.1 0.15574324031653486
2.259456559766742 0.1 0.14862287380258232
2.270399999999978 0.1 0.1411199999999999
2.281049562682194 0.1 0.13327780091628494
2.2913842565597453 0.1 0.1251426572261558
2.3013830903789874 0.1 0.11676414827155357
2.311025072886276 0.1 0.10819505206164082
2.320289212827967 0.1 0.09949134527280279
2.3291545189504164 0.1 0.09071220324864604
2.337599999999979 0.1 0.08191999999999977
2.3456046647230115 0.1 0.07318030820491472
2.3531475218658686 0.1 0.0645618992086634
2.3602075801749063 0.1 0.056136743023740276
2.366763848396481 0.1 0.04798000832986249
2.372795335276947 0.1 0.04017006247396937
2.378281049562662 0.1 0.03278847147022024
2.3831999999999796 0.1 0.02591999999999972
2.3875311953352565 0.1 0.019652611411911547
2.3912536443148484 0.1 0.014077467721782533
2.3943463556851112 0.1 0.009288929612661256
2.3967883381924 0.1 0.005384556434818943
2.39855860058307 0.1 0.0024651062057476913
2.3996361516034783 0.1 0.0006345356101622457
2.39999999999998 0.1 0.0
2.39999999999998 0.1 0.0
2.39999999999998 0.1 0.0
2.39999999999998 0.1 0.0
2.39999999999998 0.1 0.0
2.39999999999998 0.1 0.0
2.39999999999998 0.1 0.0
2.39999999999998 0.1 0.0
2.39999999999998 0.1 0.0
2.39999999999998 0.1 0.0
2.39999999999998 0.1 0.0
2.39999999999998 0.1 0.0
2.39999999999998 0.1 0.0
2.39999999999998 0.1 0.0
2.39999999999998 0.1 0.0
2.39999999999998 0.1 0.0
2.39999999999998 0.1 0.0
2.39999999999998 0.1 0.0
2.39999999999998 0.1 0.0
2.39999999999998 0.1 0.0
2.39999999999998 0.1 0.0
2.39999999999998 0.1 0.0
2.39999999999998 0.1 0.0
2.39999999999998 0.1 0.0
2.39999999999998 0.1 0.0
2.39999999999998 0.1 0.0
2.39999999999998 0.1 0.0
2.39999999999998 0.1 0.0
2.39999999999998 0.1 0.0
2.39999999999998 0.1 0.0
2.39999999999998 0.1 0.0
2.39999999999998 0.1 0.0
2.39999999999998 0.1 0.0
2.39999999999998 0.1 0.0
2.39999999999998 0.1 0.0
2.39999999999998 0.1 0.0
2.39999999999998 0.1 0.0
2.39999999999998 0.1 0.0
2.39999999999998 0.1 0.0
2.39999999999998 0.1 0.0
2.39999999999998 0.1 0.0
2.39999999999998 0.1 0.0
2.39999999999998 0.1 0.0
2.39999999999998 0.1 0.0
2.39999999999998 0.1 0.0
2.39999999999998 0.1 0.0
2.39999999999998 0.1 0.0
2.39999999999998 0.1 0.0
2.39999999999998 0.1 0.0
2.39999999999998 0.1 0.0
2.39999999999998 0.1 0.0
2.39999999999998 0.1 0.0
2.39999999999998 0.1 0.0
2.39999999999998 0.1 0.0
2.39999999999998 0.1 0.0
2.39999999999998 0.1 0.0
2.39999999999998 0.1 0.0
2.39999999999998 0.1 0.0
2.39999999999998 0.1 0.0
2.39999999999998 0.1 0.0
2.39999999999998 0.1 0.0
2.39999999999998 0.1 0.0
2.39999999999998 0.1 0.0
2.39999999999998 0.1 0.0
2.39999999999998 0.1 0.0
2.39999999999998 0.1 0.0
2.39999999999998 0.1 0.0
2.39999999999998 0.1 0.0
2.39999999999998 0.1 0.0
2.39999999999998 0.1 0.0
2.39999999999998 0.1 0.0
2.39999999999998 0.1 0.0
2.39999999999998 0.1 0.0
2.39999999999998 0.1 0.0
2.39999999999998 0.1 0.0
2.39999999999998 0.1 0.0
2.39999999999998 0.1 0.0
2.39999999999998 0.1 0.0
2.39999999999998 0.1 0.0
2.39999999999998 0.1 0.0
2.39999999999998 0.1 0.0
2.39999999999998 0.1 0.0
2.39999999999998 0.1 0.0
2.39999999999998 0.1 0.0
2.39999999999998 0.1 0.0
2.39999999999998 0.1 0.0
2.39999999999998 0.1 0.0
2.39999999999998 0.1 0.0
2.39999999999998 0.1 0.0
2.39999999999998 0.1 0.0
2.39999999999998 0.1 0.0
2.39999999999998 0.1 0.0
2.39999999999998 0.1 0.0
2.39999999999998 0.1 0.0
2.39999999999998 0.1 0.0
2.39999999999998 0.1 0.0
2.39999999999998 0.1 0.0
2.39999999999998 0.1 0.0
2.39999999999998 0.1 0.0
2.39999999999998 0.1 0.0
2.39999999999998 0.1 0.0
2.39999999999998 0.1 0.0
2.39999999999998 0.1 0.0
2.39999999999998 0.1 0.0
2.39999999999998 0.1 0.0
2.39999999999998 0.1 0.0
2.39999999999998 0.1 0.0
2.39999999999998 0.1 0.0
2.39999999999998 0.1 0.0
2.39999999999998 0.1 0.0
2.39999999999998 0.1 0.0
2.39999999999998 0.1 0.0
2.39999999999998 0.1 0.0
2.39999999999998 0.1 0.0
2.39999999999998 0.1 0.0
2.39999999999998 0.1 0.0
2.39999999999998 0.1 0.0
2.39999999999998 0.1 0.0
2.39999999999998 0.1 0.0
2.39999999999998 0.1 0.0
2.39999999999998 0.1 0.0
2.39999999999998 0.1 0.0
2.39999999999998 0.1 0.0
2.39999999999998 0.1 0.0
2.39999999999998 0.1 0.0
2.39999999999998 0.1 0.0
2.39999999999998 0.1 0.0
2.39999999999998 0.1 0.0
2.39999999999998 0.1 0.0
2.39999999999998 0.1 0.0
2.39999999999998 0.1 0.0
2.4003638483964815 0.1 0.0006345356101624323
2.4014413994168895 0.1 0.002465106205747605
2.40321166180756 0.1 0.0053845564348188255
2.405653644314849 0.1 0.009288929612661392
2.4087463556851114 0.1 0.014077467721782592
2.4124688046647034 0.1 0.019652611411911703
2.4167999999999807 0.1 0.02592
2.4217189504372985 0.1 0.03278847147022074
2.427204664723013 0.1 0.040170062473969176
2.43323615160348 0.1 0.04798000832986256
2.4397924198250545 0.1 0.0561367430237401
2.4468524781340926 0.1 0.06456189920866305
2.45439533527695 0.1 0.07318030820491461
2.4623999999999824 0.1 0.08191999999999999
2.4708454810495453 0.1 0.0907122032486464
2.4797107871719946 0.1 0.099491345272803
2.488974927113686 0.1 0.10819505206164098
2.4986169096209747 0.1 0.1167641482715535
2.508615743440217 0.1 0.12514265722615575
2.518950437317769 0.1 0.1332778009162849
2.5295999999999847 0.1 0.14111999999999997
2.5405434402332214 0.1 0.14862287380258224
2.5517597667638343 0.1 0.15574324031653478
2.5632279883381783 0.1 0.16244111620158266
2.5749271137026106 0.1 0.16867971678467306
2.5868361516034857 0.1 0.174425456059975
2.5989341107871593 0.1 0.17964794668887962
2.6111999999999878 0.1 0.18431999999999998
2.6236128279883264 0.1 0.18841762598917122
2.636151603498531 0.1 0.19192003331945023
2.648795335276957 0.1 0.19480962932111612
2.6615230320699608 0.1 0.19707201999167012
2.674313702623897 0.1 0.19869600999583503
2.687146355685122 0.1 0.199673602665556
2.6999999999999913 0.1 0.19999999999999996
2.7128536443148605 0.1 0.1996736026655559
2.7256862973760856 0.1 0.19869600999583503
2.738476967930022 0.1 0.19707201999167012
2.7512046647230255 0.1 0.19480962932111623
2.7638483965014515 0.1 0.1919200333194504
2.776387172011656 0.1 0.188417625989171
2.788799999999995 0.1 0.18431999999999982
2.801065889212823 0.1 0.1796479466888794
2.813163848396497 0.1 0.17442545605997495
2.825072886297372 0.1 0.1686797167846732
2.8367720116618043 0.1 0.16244111620158241
2.8482402332361483 0.1 0.15574324031653486
2.859456559766761 0.1 0.14862287380258232
2.870399999999998 0.1 0.1411199999999999
2.8810495626822137 0.1 0.13327780091628494
2.8913842565597654 0.1 0.1251426572261558
2.9013830903790074 0.1 0.11676414827155357
2.9110250728862965 0.1 0.10819505206164082
2.920289212827988 0.1 0.09949134527280279
2.9291545189504373 0.1 0.09071220324864604
2.9376 0.1 0.08191999999999977
2.9456046647230325 0.1 0.07318030820491472
2.95314752186589 0.1 0.0645618992086634
2.960207580174928 0.1 0.056136743023740276
2.9667638483965026 0.1 0.04798000832986249
2.9727953352769694 0.1 0.04017006247396937
2.9782810495626837 0.1 0.03278847147022024
2.983200000000002 0.1 0.02591999999999972
2.987531195335279 0.1 0.019652611411911547
2.991253644314871 0.1 0.014077467721782533
2.9943463556851335 0.1 0.009288929612661256
2.9967883381924225 0.1 0.005384556434818943
2.9985586005830926 0.1 0.0024651062057476913
2.999636151603501 0.1 0.0006345356101622457
3.0000000000000027 0.1 0.0
3.0000000000000027 0.1 0.0
3.0000000000000027 0.1 0.0
3.0000000000000027 0.1 0.0
3.0000000000000027 0.1 0.0
3.0000000000000027 0.1 0.0
3.0000000000000027 0.1 0.0
3.0000000000000027 0.1 0.0
3.0000000000000027 0.1 0.0
3.0000000000000027 0.1 0.0
3.0000000000000027 0.1 0.0
3.0000000000000027 0.1 0.0
3.0000000000000027 0.1 0.0
3.0000000000000027 0.1 0.0
3.0000000000000027 0.1 0.0
3.0000000000000027 0.1 0.0
3.0000000000000027 0.1 0.0
3.0000000000000027 0.1 0.0
3.0000000000000027 0.1 0.0
3.0000000000000027 0.1 0.0
3.0000000000000027 0.1 0.0
3.0000000000000027 0.1 0.0
3.0000000000000027 0.1 0.0
3.0000000000000027 0.1 0.0
3.0000000000000027 0.1 0.0
3.0000000000000027 0.1 0.0
3.0000000000000027 0.1 0.0
3.0000000000000027 0.1 0.0
3.0000000000000027 0.1 0.0
3.0000000000000027 0.1 0.0
3.0000000000000027 0.1 0.0
3.0000000000000027 0.1 0.0
3.0000000000000027 0.1 0.0
3.0000000000000027 0.1 0.0
3.0000000000000027 0.1 0.0
3.0000000000000027 0.1 0.0
3.0000000000000027 0.1 0.0
3.0000000000000027 0.1 0.0
3.0000000000000027 0.1 0.0
3.0000000000000027 0.1 0.0
3.0000000000000027 0.1 0.0
3.0000000000000027 0.1 0.0
3.0000000000000027 0.1 0.0
3.0000000000000027 0.1 0.0
3.0000000000000027 0.1 0.0
3.0000000000000027 0.1 0.0
3.0000000000000027 0.1 0.0
3.0000000000000027 0.1 0.0
3.0000000000000027 0.1 0.0
3.0000000000000027 0.1 0.0
3.0000000000000027 0.1 0.0
3.0000000000000027 0.1 0.0
3.0000000000000027 0.1 0.0
3.0000000000000027 0.1 0.0
3.0000000000000027 0.1 0.0
3.0000000000000027 0.1 0.0
3.0000000000000027 0.1 0.0
3.0000000000000027 0.1 0.0
3.0000000000000027 0.1 0.0
3.0000000000000027 0.1 0.0
3.0000000000000027 0.1 0.0
3.0000000000000027 0.1 0.0
3.0000000000000027 0.1 0.0
3.0000000000000027 0.1 0.0
3.0000000000000027 0.1 0.0
3.0000000000000027 0.1 0.0
3.0000000000000027 0.1 0.0
3.0000000000000027 0.1 0.0
3.0000000000000027 0.1 0.0
3.0000000000000027 0.1 0.0
3.0000000000000027 0.1 0.0
3.0000000000000027 0.1 0.0
3.0000000000000027 0.1 0.0
3.0000000000000027 0.1 0.0
3.0000000000000027 0.1 0.0
3.0000000000000027 0.1 0.0
3.0000000000000027 0.1 0.0
3.0000000000000027 0.1 0.0
3.0000000000000027 0.1 0.0
3.0000000000000027 0.1 0.0
3.0000000000000027 0.1 0.0
3.0000000000000027 0.1 0.0
3.0000000000000027 0.1 0.0
3.0000000000000027 0.1 0.0
3.0000000000000027 0.1 0.0
3.0000000000000027 0.1 0.0
3.0000000000000027 0.1 0.0
3.0000000000000027 0.1 0.0
3.0000000000000027 0.1 0.0
3.0000000000000027 0.1 0.0
3.0000000000000027 0.1 0.0
3.0000000000000027 0.1 0.0
3.0000000000000027 0.1 0.0
3.0000000000000027 0.1 0.0
3.0000000000000027 0.1 0.0
3.0000000000000027 0.1 0.0
3.0000000000000027 0.1 0.0
3.0000000000000027 0.1 0.0
3.0000000000000027 0.1 0.0
3.0000000000000027 0.1 0.0
3.0000000000000027 0.1 0.0
3.0000000000000027 0.1 0.0
3.0000000000000027 0.1 0.0
3.0000000000000027 0.1 0.0
3.0000000000000027 0.1 0.0
3.0000000000000027 0.1 0.0
3.0000000000000027 0.1 0.0
3.0000000000000027 0.1 0.0
3.0000000000000027 0.1 0.0
3.0000000000000027 0.1 0.0
3.0000000000000027 0.1 0.0
3.0000000000000027 0.1 0.0
3.0000000000000027 0.1 0.0
3.0000000000000027 0.1 0.0
3.0000000000000027 0.1 0.0
3.0000000000000027 0.1 0.0
3.0000000000000027 0.1 0.0
3.0000000000000027 0.1 0.0
3.0000000000000027 0.1 0.0
3.0000000000000027 0.1 0.0
3.0000000000000027 0.1 0.0
3.0000000000000027 0.1 0.0
3.0000000000000027 0.1 0.0
3.0000000000000027 0.1 0.0
3.0000000000000027 0.1 0.0
3.0000000000000027 0.1 0.0
3.0000000000000027 0.1 0.0
3.0000000000000027 0.1 0.0
3.0000000000000027 0.1 0.0
3.0000000000000027 0.1 0.0
3.0000000000000027 0.1 0.0
3.0003638483965043 0.1 0.0006345356101624323
3.0014413994169122 0.1 0.002465106205747605
3.003211661807583 0.1 0.0053845564348188255
3.005653644314872 0.1 0.009288929612661392
3.008746355685134 0.1 0.014077467721782592
3.012468804664726 0.1 0.019652611411911703
3.0168000000000035 0.1 0.02592
3.021718950437321 0.1 0.03278847147022074
3.027204664723036 0.1 0.040170062473969176
3.0332361516035027 0.1 0.04798000832986256
3.039792419825077 0.1 0.0561367430237401
3.0468524781341153 0.1 0.06456189920866305
3.054395335276973 0.1 0.07318030820491461
3.062400000000005 0.1 0.08191999999999999
3.070845481049568 0.1 0.0907122032486464
3.0797107871720173 0.1 0.099491345272803
3.088974927113709 0.1 0.10819505206164098
3.0986169096209975 0.1 0.1167641482715535
3.10861574344024 0.1 0.12514265722615575
3.1189504373177916 0.1 0.1332778009162849
3.1296000000000075 0.1 0.14111999999999997
3.140543440233244 0.1 0.14862287380258224
3.151759766763857 0.1 0.15574324031653478
3.163227988338201 0.1 0.16244111620158266
3.1749271137026334 0.1 0.16867971678467306
3.1868361516035084 0.1 0.174425456059975
3.198934110787182 0.1 0.17964794668887962
3.2112000000000105 0.1 0.18431999999999998
3.223612827988349 0.1 0.18841762598917122
3.236151603498554 0.1 0.19192003331945023
3.24879533527698 0.1 0.19480962932111612
3.2615230320699835 0.1 0.19707201999167012
3.2743137026239197 0.1 0.19869600999583503
3.287146355685145 0.1 0.199673602665556
3.300000000000014 0.1 0.19999999999999996
3.3128536443148833 0.1 0.1996736026655559
3.3256862973761083 0.1 0.19869600999583503
3.3384769679300446 0.1 0.19707201999167012
3.3512046647230482 0.1 0.19480962932111623
3.3638483965014743 0.1 0.1919200333194504
3.376387172011679 0.1 0.188417625989171
3.3888000000000176 0.1 0.18431999999999982
3.4010658892128456 0.1 0.1796479466888794
3.4131638483965197 0.1 0.17442545605997495
3.4250728862973947 0.1 0.1686797167846732
3.436772011661827 0.1 0.16244111620158241
3.448240233236171 0.1 0.15574324031653486
3.459456559766784 0.1 0.14862287380258232
3.4704000000000206 0.1 0.1411199999999999
3.4810495626822364 0.1 0.13327780091628494
3.491384256559788 0.1 0.1251426572261558
3.50138309037903 0.1 0.11676414827155357
3.5110250728863193 0.1 0.10819505206164082
3.5202892128280108 0.1 0.09949134527280279
3.52915451895046 0.1 0.09071220324864604
3.537600000000023 0.1 0.08191999999999977
3.5456046647230552 0.1 0.07318030820491472
3.5531475218659128 0.1 0.0645618992086634
3.560207580174951 0.1 0.056136743023740276
3.5667638483965254 0.1 0.04798000832986249
3.572795335276992 0.1 0.04017006247396937
3.5782810495627064 0.1 0.03278847147022024
3.5832000000000246 0.1 0.02591999999999972
3.587531195335302 0.1 0.019652611411911547
3.591253644314894 0.1 0.014077467721782533
3.5943463556851563 0.1 0.009288929612661256
3.5967883381924453 0.1 0.005384556434818943
3.5985586005831154 0.1 0.0024651062057476913
3.599636151603524 0.1 0.0006345356101622457
3.6000000000000254 0.1 0.0
3.6000000000000254 0.1 0.0
3.6000000000000254 0.1 0.0
3.6000000000000254 0.1 0.0
3.6000000000000254 0.1 0.0
3.6000000000000254 0.1 0.0
3.6000000000000254 0.1 0.0
3.6000000000000254 0.1 0.0
3.6000000000000254 0.1 0.0
3.6000000000000254 0.1 0.0
3.6000000000000254 0.1 0.0
3.6000000000000254 0.1 0.0
3.6000000000000254 0.1 0.0
3.6000000000000254 0.1 0.0
3.6000000000000254 0.1 0.0
3.6000000000000254 0.1 0.0
3.6000000000000254 0.1 0.0
3.6000000000000254 0.1 0.0
3.6000000000000254 0.1 0.0
3.6000000000000254 0.1 0.0
3.6000000000000254 0.1 0.0
3.6000000000000254 0.1 0.0
3.6000000000000254 0.1 0.0
3.6000000000000254 0.1 0.0
3.6000000000000254 0.1 0.0
3.6000000000000254 0.1 0.0
3.6000000000000254 0.1 0.0
3.6000000000000254 0.1 0.0
3.6000000000000254 0.1 0.0
3.6000000000000254 0.1 0.0
3.6000000000000254 0.1 0.0
3.6000000000000254 0.1 0.0
3.6000000000000254 0.1 0.0
3.6000000000000254 0.1 0.0
3.6000000000000254 0.1 0.0
3.6000000000000254 0.1 0.0
3.6000000000000254 0.1 0.0
3.6000000000000254 0.1 0.0
3.6000000000000254 0.1 0.0
3.6000000000000254 0.1 0.0
3.6000000000000254 0.1 0.0
3.6000000000000254 0.1 0.0
3.6000000000000254 0.1 0.0
3.6000000000000254 0.1 0.0
3.6000000000000254 0.1 0.0
3.6000000000000254 0.1 0.0
3.6000000000000254 0.1 0.0
3.6000000000000254 0.1 0.0
3.6000000000000254 0.1 0.0
3.6000000000000254 0.1 0.0
3.6000000000000254 0.1 0.0
3.6000000000000254 0.1 0.0
3.6000000000000254 0.1 0.0
3.6000000000000254 0.1 0.0
3.6000000000000254 0.1 0.0
3.6000000000000254 0.1 0.0
3.6000000000000254 0.1 0.0
3.6000000000000254 0.1 0.0
3.6000000000000254 0.1 0.0
3.6000000000000254 0.1 0.0
3.6000000000000254 0.1 0.0
3.6000000000000254 0.1 0.0
3.6000000000000254 0.1 0.0
3.6000000000000254 0.1 0.0
3.6000000000000254 0.1 0.0
3.6000000000000254 0.1 0.0
3.6000000000000254 0.1 0.0
3.6000000000000254 0.1 0.0
3.6000000000000254 0.1 0.0
3.6000000000000254 0.1 0.0
3.6000000000000254 0.1 0.0
3.6000000000000254 0.1 0.0
3.6000000000000254 0.1 0.0
3.6000000000000254 0.1 0.0
3.6000000000000254 0.1 0.0
3.6000000000000254 0.1 0.0
3.6000000000000254 0.1 0.0
3.6000000000000254 0.1 0.0
3.6000000000000254 0.1 0.0
3.6000000000000254 0.1 0.0
3.6000000000000254 0.1 0.0
3.6000000000000254 0.1 0.0
3.6000000000000254 0.1 0.0
3.6000000000000254 0.1 0.0
3.6000000000000254 0.1 0.0
3.6000000000000254 0.1 0.0
3.6000000000000254 0.1 0.0
3.6000000000000254 0.1 0.0
3.6000000000000254 0.1 0.0
3.6000000000000254 0.1 0.0
3.6000000000000254 0.1 0.0
3.6000000000000254 0.1 0.0
3.6000000000000254 0.1 0.0
3.6000000000000254 0.1 0.0
3.6000000000000254 0.1 0.0
3.6000000000000254 0.1 0.0
3.6000000000000254 0.1 0.0
3.6000000000000254 0.1 0.0
3.6000000000000254 0.1 0.0
3.6000000000000254 0.1 0.0
3.6000000000000254 0.1 0.0
3.6000000000000254 0.1 0.0
3.6000000000000254 0.1 0.0
3.6000000000000254 0.1 0.0
3.6000000000000254 0.1 0.0
3.6000000000000254 0.1 0.0
3.6000000000000254 0.1 0.0
3.6000000000000254 0.1 0.0
3.6000000000000254 0.1 0.0
3.6000000000000254 0.1 0.0
3.6000000000000254 0.1 0.0
3.6000000000000254 0.1 0.0
3.6000000000000254 0.1 0.0
3.6000000000000254 0.1 0.0
3.6000000000000254 0.1 0.0
3.6000000000000254 0.1 0.0
3.6000000000000254 0.1 0.0
3.6000000000000254 0.1 0.0
3.6000000000000254 0.1 0.0
3.6000000000000254 0.1 0.0
3.6000000000000254 0.1 0.0
3.6000000000000254 0.1 0.0
3.6000000000000254 0.1 0.0
3.6000000000000254 0.1 0.0
3.6000000000000254 0.1 0.0
3.6000000000000254 0.1 0.0
3.6000000000000254 0.1 0.0
3.6000000000000254 0.1 0.0
3.6000000000000254 0.1 0.0
3.6000000000000254 0.1 0.0
3.6000000000000254 0.1 0.0
3.600242565597693 0.1 0.0006345356101624323
3.600960932944632 0.1 0.002465106205747605
3.6021411078717454 0.1 0.0053845564348188255
3.6037690962099376 0.1 0.009288929612661392
3.605830903790112 0.1 0.014077467721782592
3.608312536443173 0.1 0.019652611411911703
3.611200000000024 0.1 0.02592
3.614479300291569 0.1 0.03278847147022074
3.6181364431487113 0.1 0.040170062473969176
3.6221574344023555 0.1 0.04798000832986256
3.6265282798834044 0.1 0.0561367430237401
3.6312349854227626 0.1 0.06456189920866305
3.6362635568513335 0.1 0.07318030820491461
3.641600000000021 0.1 0.08191999999999999
3.6472303206997285 0.1 0.0907122032486464
3.6531405247813606 0.1 0.099491345272803
3.6593166180758208 0.1 0.10819505206164098
3.6657446064140125 0.1 0.1167641482715535
3.6724104956268397 0.1 0.12514265722615575
3.679300291545206 0.1 0.1332778009162849
3.686400000000016 0.1 0.14111999999999997
3.6936956268221723 0.1 0.14862287380258224
3.70117317784258 0.1 0.15574324031653478
3.7088186588921417 0.1 0.16244111620158266
3.7166180758017617 0.1 0.16867971678467306
3.724557434402344 0.1 0.174425456059975
3.7326227405247923 0.1 0.17964794668887962
3.74080000000001 0.1 0.18431999999999998
3.749075218658901 0.1 0.18841762598917122
3.7574344023323696 0.1 0.19192003331945023
3.7658635568513192 0.1 0.19480962932111612
3.7743486880466532 0.1 0.19707201999167012
3.7828758017492765 0.1 0.19869600999583503
3.7914309037900917 0.1 0.199673602665556
3.8000000000000034 0.1 0.19999999999999996
3.808569096209915 0.1 0.1996736026655559
3.8171241982507302 0.1 0.19869600999583503
3.8256513119533535 0.1 0.19707201999167012
3.8341364431486875 0.1 0.19480962932111623
3.842565597667637 0.1 0.1919200333194504
3.8509247813411056 0.1 0.188417625989171
3.859199999999997 0.1 0.18431999999999982
3.8673772594752145 0.1 0.1796479466888794
3.8754425655976625 0.1 0.17442545605997495
3.883381924198245 0.1 0.1686797167846732
3.891181341107865 0.1 0.16244111620158241
3.8988268221574267 0.1 0.15574324031653486
3.9063043731778344 0.1 0.14862287380258232
3.913599999999991 0.1 0.1411199999999999
3.9206997084548005 0.1 0.13327780091628494
3.927589504373167 0.1 0.1251426572261558
3.9342553935859943 0.1 0.11676414827155357
3.940683381924186 0.1 0.10819505206164082
3.946859475218646 0.1 0.09949134527280279
3.9527696793002782 0.1 0.09071220324864604
3.958399999999986 0.1 0.08191999999999977
3.9637364431486732 0.1 0.07318030820491472
3.968765014577244 0.1 0.0645618992086634
3.9734717201166023 0.1 0.056136743023740276
3.9778425655976513 0.1 0.04798000832986249
3.981863556851295 0.1 0.04017006247396937
3.9855206997084376 0.1 0.03278847147022024
3.9887999999999826 0.1 0.02591999999999972
3.9916874635568336 0.1 0.019652611411911547
3.9941690962098946 0.1 0.014077467721782533
3.996230903790069 0.1 0.009288929612661256
3.9978588921282614 0.1 0.005384556434818943
3.999039067055375 0.1 0.0024651062057476913
3.9997574344023135 0.1 0.0006345356101622457
3.9999999999999813 0.1 0.0
3.9999999999999813 0.1 0.0
3.9999999999999813 0.1 0.0
3.9999999999999813 0.1 0.0
3.9999999999999813 0.1 0.0
3.9999999999999813 0.1 0.0
3.9999999999999813 0.1 0.0
3.9999999999999813 0.1 0.0
3.9999999999999813 0.1 0.0
3.9999999999999813 0.1 0.0
3.9999999999999813 0.1 0.0
3.9999999999999813 0.1 0.0
3.9999999999999813 0.1 0.0
3.9999999999999813 0.1 0.0
3.9999999999999813 0.1 0.0
3.9999999999999813 0.1 0.0
3.9999999999999813 0.1 0.0
3.9999999999999813 0.1 0.0
3.9999999999999813 0.1 0.0
3.9999999999999813 0.1 0.0
3.9999999999999813 0.1 0.0
3.9999999999999813 0.1 0.0
3.9999999999999813 0.1 0.0
3.9999999999999813 0.1 0.0
3.9999999999999813 0.1 0.0
3.9999999999999813 0.1 0.0
3.9999999999999813 0.1 0.0
3.9999999999999813 0.1 0.0
3.9999999999999813 0.1 0.0
3.9999999999999813 0.1 0.0
3.9999999999999813 0.1 0.0
3.9999999999999813 0.1 0.0
3.9999999999999813 0.1 0.0
3.9999999999999813 0.1 0.0
3.9999999999999813 0.1 0.0
3.9999999999999813 0.1 0.0
3.9999999999999813 0.1 0.0
3.9999999999999813 0.1 0.0
3.9999999999999813 0.1 0.0
3.9999999999999813 0.1 0.0
3.9999999999999813 0.1 0.0
3.9999999999999813 0.1 0.0
3.9999999999999813 0.1 0.0
3.9999999999999813 0.1 0.0
3.9999999999999813 0.1 0.0
3.9999999999999813 0.1 0.0
3.9999999999999813 0.1 0.0
3.9999999999999813 0.1 0.0
3.9999999999999813 0.1 0.0
3.9999999999999813 0.1 0.0
3.9999999999999813 0.1 0.0
3.9999999999999813 0.1 0.0
3.9999999999999813 0.1 0.0
3.9999999999999813 0.1 0.0
3.9999999999999813 0.1 0.0
3.9999999999999813 0.1 0.0
3.9999999999999813 0.1 0.0
3.9999999999999813 0.1 0.0
3.9999999999999813 0.1 0.0
3.9999999999999813 0.1 0.0
3.9999999999999813 0.1 0.0
3.9999999999999813 0.1 0.0
3.9999999999999813 0.1 0.0
3.9999999999999813 0.1 0.0
3.9999999999999813 0.1 0.0
3.9999999999999813 0.1 0.0
3.9999999999999813 0.1 0.0
3.9999999999999813 0.1 0.0
3.9999999999999813 0.1 0.0
3.9999999999999813 0.1 0.0
3.9999999999999813 0.1 0.0
3.9999999999999813 0.1 0.0
3.9999999999999813 0.1 0.0
3.9999999999999813 0.1 0.0
3.9999999999999813 0.1 0.0
3.9999999999999813 0.1 0.0
3.9999999999999813 0.1 0.0
3.9999999999999813 0.1 0.0
3.9999999999999813 0.1 0.0
3.9999999999999813 0.1 0.0
3.9999999999999813 0.1 0.0
3.9999999999999813 0.1 0.0
3.9999999999999813 0.1 0.0
3.9999999999999813 0.1 0.0
3.9999999999999813 0.1 0.0
3.9999999999999813 0.1 0.0
3.9999999999999813 0.1 0.0
3.9999999999999813 0.1 0.0
3.9999999999999813 0.1 0.0
3.9999999999999813 0.1 0.0
3.9999999999999813 0.1 0.0
3.9999999999999813 0.1 0.0
3.9999999999999813 0.1 0.0
3.9999999999999813 0.1 0.0
3.9999999999999813 0.1 0.0
3.9999999999999813 0.1 0.0
3.9999999999999813 0.1 0.0
3.9999999999999813 0.1 0.0
3.9999999999999813 0.1 0.0
3.9999999999999813 0.1 0.0
3.9999999999999813 0.1 0.0
3.9999999999999813 0.1 0.0
3.9999999999999813 0.1 0.0
3.9999999999999813 0.1 0.0
3.9999999999999813 0.1 0.0
3.9999999999999813 0.1 0.0
3.9999999999999813 0.1 0.0
3.9999999999999813 0.1 0.0
3.9999999999999813 0.1 0.0
3.9999999999999813 0.1 0.0
3.9999999999999813 0.1 0.0
3.9999999999999813 0.1 0.0
3.9999999999999813 0.1 0.0
3.9999999999999813 0.1 0.0
3.9999999999999813 0.1 0.0
3.9999999999999813 0.1 0.0
3.9999999999999813 0.1 0.0
3.9999999999999813 0.1 0.0
3.9999999999999813 0.1 0.0
3.9999999999999813 0.1 0.0
3.9999999999999813 0.1 0.0
3.9999999999999813 0.1 0.0
3.9999999999999813 0.1 0.0
3.9999999999999813 0.1 0.0
3.9999999999999813 0.1 0.0
3.9999999999999813 0.1 0.0
3.9999999999999813 0.1 0.0
3.9999999999999813 0.1 0.0
3.9999999999999813 0.1 0.0
3.9999999999999813 0.1 0.0
3.9999999999999813 0.1 0.0
4.000242565597649 0.1 0.0006345356101624323
4.000960932944587 0.1 0.002465106205747605
4.002141107871701 0.1 0.0053845564348188255
4.0037690962098935 0.1 0.009288929612661392
4.005830903790068 0.1 0.014077467721782592
4.008312536443129 0.1 0.019652611411911703
4.01119999999998 0.1 0.02592
4.014479300291525 0.1 0.03278847147022074
4.018136443148667 0.1 0.040170062473969176
4.022157434402311 0.1 0.04798000832986256
4.02652827988336 0.1 0.0561367430237401
4.031234985422718 0.1 0.06456189920866305
4.0362635568512895 0.1 0.07318030820491461
4.041599999999977 0.1 0.08191999999999999
4.0472303206996845 0.1 0.0907122032486464
4.053140524781317 0.1 0.099491345272803
4.059316618075776 0.1 0.10819505206164098
4.065744606413968 0.1 0.1167641482715535
4.072410495626795 0.1 0.12514265722615575
4.079300291545162 0.1 0.1332778009162849
4.086399999999972 0.1 0.14111999999999997
4.093695626822129 0.1 0.14862287380258224
4.1011731778425355 0.1 0.15574324031653478
4.108818658892098 0.1 0.16244111620158266
4.116618075801718 0.1 0.16867971678467306
4.1245574344023 0.1 0.174425456059975
4.132622740524748 0.1 0.17964794668887962
4.140799999999966 0.1 0.18431999999999998
4.149075218658857 0.1 0.18841762598917122
4.157434402332325 0.1 0.19192003331945023
4.165863556851275 0.1 0.19480962932111612
4.174348688046609 0.1 0.19707201999167012
4.1828758017492325 0.1 0.19869600999583503
4.191430903790048 0.1 0.199673602665556
4.199999999999959 0.1 0.19999999999999996
4.208569096209871 0.1 0.1996736026655559
4.217124198250686 0.1 0.19869600999583503
4.2256513119533095 0.1 0.19707201999167012
4.2341364431486435 0.1 0.19480962932111623
4.242565597667594 0.1 0.1919200333194504
4.2509247813410616 0.1 0.188417625989171
4.259199999999953 0.1 0.18431999999999982
4.267377259475171 0.1 0.1796479466888794
4.2754425655976185 0.1 0.17442545605997495
4.283381924198201 0.1 0.1686797167846732
4.291181341107821 0.1 0.16244111620158241
4.298826822157383 0.1 0.15574324031653486
4.30630437317779 0.1 0.14862287380258232
4.313599999999947 0.1 0.1411199999999999
4.3206997084547565 0.1 0.13327780091628494
4.327589504373123 0.1 0.1251426572261558
4.33425539358595 0.1 0.11676414827155357
4.340683381924142 0.1 0.10819505206164082
4.346859475218602 0.1 0.09949134527280279
4.352769679300234 0.1 0.09071220324864604
4.358399999999942 0.1 0.08191999999999977
4.363736443148629 0.1 0.07318030820491472
4.3687650145772 0.1 0.0645618992086634
4.373471720116558 0.1 0.056136743023740276
4.377842565597607 0.1 0.04798000832986249
4.381863556851251 0.1 0.04017006247396937
4.385520699708394 0.1 0.03278847147022024
4.3887999999999385 0.1 0.02591999999999972
4.3916874635567895 0.1 0.019652611411911547
4.3941690962098505 0.1 0.014077467721782533
4.396230903790025 0.1 0.009288929612661256
4.397858892128218 0.1 0.005384556434818943
4.399039067055331 0.1 0.0024651062057476913
4.39975743440227 0.1 0.0006345356101622457
4.399999999999937 0.1 0.0
4.399999999999937 0.1 0.0
4.399999999999937 0.1 0.0
4.399999999999937 0.1 0.0
4.399999999999937 0.1 0.0
4.399999999999937 0.1 0.0
4.399999999999937 0.1 0.0
4.399999999999937 0.1 0.0
4.399999999999937 0.1 0.0
4.399999999999937 0.1 0.0
4.399999999999937 0.1 0.0
4.399999999999937 0.1 0.0
4.399999999999937 0.1 0.0
4.399999999999937 0.1 0.0
4.399999999999937 0.1 0.0
4.399999999999937 0.1 0.0
4.399999999999937 0.1 0.0
4.399999999999937 0.1 0.0
4.399999999999937 0.1 0.0
4.399999999999937 0.1 0.0
4.399999999999937 0.1 0.0
4.399999999999937 0.1 0.0
4.399999999999937 0.1 0.0
4.399999999999937 0.1 0.0
4.399999999999937 0.1 0.0
4.399999999999937 0.1 0.0
4.399999999999937 0.1 0.0
4.399999999999937 0.1 0.0
4.399999999999937 0.1 0.0
4.399999999999937 0.1 0.0
4.399999999999937 0.1 0.0
4.399999999999937 0.1 0.0
4.399999999999937 0.1 0.0
4.399999999999937 0.1 0.0
4.399999999999937 0.1 0.0
4.399999999999937 0.1 0.0
4.399999999999937 0.1 0.0
4.399999999999937 0.1 0.0
4.399999999999937 0.1 0.0
4.399999999999937 0.1 0.0
4.399999999999937 0.1 0.0
4.399999999999937 0.1 0.0
4.399999999999937 0.1 0.0
4.399999999999937 0.1 0.0
4.399999999999937 0.1 0.0
4.399999999999937 0.1 0.0
4.399999999999937 0.1 0.0
4.399999999999937 0.1 0.0
4.399999999999937 0.1 0.0
4.399999999999937 0.1 0.0
4.399999999999937 0.1 0.0
4.399999999999937 0.1 0.0
4.399999999999937 0.1 0.0
4.399999999999937 0.1 0.0
4.399999999999937 0.1 0.0
4.399999999999937 0.1 0.0
4.399999999999937 0.1 0.0
4.399999999999937 0.1 0.0
4.399999999999937 0.1 0.0
4.399999999999937 0.1 0.0
4.399999999999937 0.1 0.0
4.399999999999937 0.1 0.0
4.399999999999937 0.1 0.0
4.399999999999937 0.1 0.0
4.399999999999937 0.1 0.0
4.399999999999937 0.1 0.0
4.399999999999937 0.1 0.0
4.399999999999937 0.1 0.0
4.399999999999937 0.1 0.0
4.399999999999937 0.1 0.0
4.399999999999937 0.1 0.0
4.399999999999937 0.1 0.0
4.399999999999937 0.1 0.0
4.399999999999937 0.1 0.0
4.399999999999937 0.1 0.0
4.399999999999937 0.1 0.0
4.399999999999937 0.1 0.0
4.399999999999937 0.1 0.0
4.399999999999937 0.1 0.0
4.399999999999937 0.1 0.0
4.399999999999937 0.1 0.0
4.399999999999937 0.1 0.0
4.399999999999937 0.1 0.0
4.399999999999937 0.1 0.0
4.399999999999937 0.1 0.0
4.399999999999937 0.1 0.0
4.399999999999937 0.1 0.0
4.399999999999937 0.1 0.0
4.399999999999937 0.1 0.0
4.399999999999937 0.1 0.0
4.399999999999937 0.1 0.0
4.399999999999937 0.1 0.0
4.399999999999937 0.1 0.0
4.399999999999937 0.1 0.0
4.399999999999937 0.1 0.0
4.399999999999937 0.1 0.0
4.399999999999937 0.1 0.0
4.399999999999937 0.1 0.0
4.399999999999937 0.1 0.0
4.399999999999937 0.1 0.0
4.399999999999937 0.1 0.0
4.399999999999937 0.1 0.0
4.399999999999937 0.1 0.0
4.399999999999937 0.1 0.0
4.399999999999937 0.1 0.0
4.399999999999937 0.1 0.0
4.399999999999937 0.1 0.0
4.399999999999937 0.1 0.0
4.399999999999937 0.1 0.0
4.399999999999937 0.1 0.0
4.399999999999937 0.1 0.0
4.399999999999937 0.1 0.0
4.399999999999937 0.1 0.0
4.399999999999937 0.1 0.0
4.399999999999937 0.1 0.0
4.399999999999937 0.1 0.0
4.399999999999937 0.1 0.0
4.399999999999937 0.1 0.0
4.399999999999937 0.1 0.0
4.399999999999937 0.1 0.0
4.399999999999937 0.1 0.0
4.399999999999937 0.1 0.0
4.399999999999937 0.1 0.0
4.399999999999937 0.1 0.0
4.399999999999937 0.1 0.0
4.399999999999937 0.1 0.0
4.399999999999937 0.1 0.0
4.399999999999937 0.1 0.0
4.399999999999937 0.1 0.0
4.399999999999937 0.1 0.0
4.399999999999937 0.1 0.0
4.400242565597605 0.1 0.0006345356101624323
4.400960932944543 0.1 0.002465106205747605
4.402141107871657 0.1 0.0053845564348188255
4.4037690962098495 0.1 0.009288929612661392
4.405830903790024 0.1 0.014077467721782592
4.408312536443085 0.1 0.019652611411911703
4.411199999999936 0.1 0.02592
4.414479300291481 0.1 0.03278847147022074
4.418136443148623 0.1 0.040170062473969176
4.422157434402267 0.1 0.04798000832986256
4.426528279883316 0.1 0.0561367430237401
4.431234985422674 0.1 0.06456189920866305
4.436263556851245 0.1 0.07318030820491461
4.441599999999933 0.1 0.08191999999999999
4.44723032069964 0.1 0.0907122032486464
4.453140524781273 0.1 0.099491345272803
4.459316618075732 0.1 0.10819505206164098
4.465744606413924 0.1 0.1167641482715535
4.472410495626751 0.1 0.12514265722615575
4.479300291545118 0.1 0.1332778009162849
4.486399999999928 0.1 0.14111999999999997
4.493695626822085 0.1 0.14862287380258224
4.5011731778424915 0.1 0.15574324031653478
4.508818658892054 0.1 0.16244111620158266
4.516618075801674 0.1 0.16867971678467306
4.524557434402256 0.1 0.174425456059975
4.532622740524704 0.1 0.17964794668887962
4.540799999999922 0.1 0.18431999999999998
4.549075218658813 0.1 0.18841762598917122
4.557434402332281 0.1 0.19192003331945023
4.565863556851231 0.1 0.19480962932111612
4.574348688046565 0.1 0.19707201999167012
4.582875801749188 0.1 0.19869600999583503
4.591430903790004 0.1 0.199673602665556
4.599999999999915 0.1 0.19999999999999996
4.608569096209827 0.1 0.1996736026655559
4.617124198250642 0.1 0.19869600999583503
4.625651311953265 0.1 0.19707201999167012
4.634136443148599 0.1 0.19480962932111623
4.6425655976675495 0.1 0.1919200333194504
4.6509247813410175 0.1 0.188417625989171
4.659199999999909 0.1 0.18431999999999982
4.667377259475127 0.1 0.1796479466888794
4.675442565597574 0.1 0.17442545605997495
4.683381924198157 0.1 0.1686797167846732
4.691181341107777 0.1 0.16244111620158241
4.698826822157339 0.1 0.15574324031653486
4.706304373177746 0.1 0.14862287380258232
4.713599999999903 0.1 0.1411199999999999
4.720699708454712 0.1 0.13327780091628494
4.727589504373079 0.1 0.1251426572261558
4.734255393585906 0.1 0.11676414827155357
4.740683381924098 0.1 0.10819505206164082
4.7468594752185576 0.1 0.09949134527280279
4.75276967930019 0.1 0.09071220324864604
4.758399999999898 0.1 0.08191999999999977
4.763736443148585 0.1 0.07318030820491472
4.768765014577156 0.1 0.0645618992086634
4.773471720116514 0.1 0.056136743023740276
4.777842565597563 0.1 0.04798000832986249
4.781863556851207 0.1 0.04017006247396937
4.78552069970835 0.1 0.03278847147022024
4.7887999999998945 0.1 0.02591999999999972
4.7916874635567455 0.1 0.019652611411911547
4.7941690962098065 0.1 0.014077467721782533
4.796230903789981 0.1 0.009288929612661256
4.797858892128174 0.1 0.005384556434818943
4.799039067055287 0.1 0.0024651062057476913
4.799757434402226 0.1 0.0006345356101622457
4.799999999999893 0.1 0.0
4.799999999999893 0.1 0.0
4.799999999999893 0.1 0.0
4.799999999999893 0.1 0.0
4.799999999999893 0.1 0.0
4.799999999999893 0.1 0.0
4.799999999999893 0.1 0.0
4.799999999999893 0.1 0.0
4.799999999999893 0.1 0.0
4.799999999999893 0.1 0.0
4.799999999999893 0.1 0.0
4.799999999999893 0.1 0.0
4.799999999999893 0.1 0.0
4.799999999999893 0.1 0.0
4.799999999999893 0.1 0.0
4.799999999999893 0.1 0.0
4.799999999999893 0.1 0.0
4.799999999999893 0.1 0.0
4.799999999999893 0.1 0.0
4.799999999999893 0.1 0.0
4.799999999999893 0.1 0.0
4.799999999999893 0.1 0.0
4.799999999999893 0.1 0.0
4.799999999999893 0.1 0.0
4.799999999999893 0.1 0.0
4.799999999999893 0.1 0.0
4.799999999999893 0.1 0.0
4.799999999999893 0.1 0.0
4.799999999999893 0.1 0.0
4.799999999999893 0.1 0.0
4.799999999999893 0.1 0.0
4.799999999999893 0.1 0.0
4.799999999999893 0.1 0.0
4.799999999999893 0.1 0.0
4.799999999999893 0.1 0.0
4.799999999999893 0.1 0.0
4.799999999999893 0.1 0.0
4.799999999999893 0.1 0.0
4.799999999999893 0.1 0.0
4.799999999999893 0.1 0.0
4.799999999999893 0.1 0.0
4.799999999999893 0.1 0.0
4.799999999999893 0.1 0.0
4.799999999999893 0.1 0.0
4.799999999999893 0.1 0.0
4.799999999999893 0.1 0.0
4.799999999999893 0.1 0.0
4.799999999999893 0.1 0.0
4.799999999999893 0.1 0.0
4.799999999999893 0.1 0.0
4.799999999999893 0.1 0.0
4.799999999999893 0.1 0.0
4.799999999999893 0.1 0.0
4.799999999999893 0.1 0.0
4.799999999999893 0.1 0.0
4.799999999999893 0.1 0.0
4.799999999999893 0.1 0.0
4.799999999999893 0.1 0.0
4.799999999999893 0.1 0.0
4.799999999999893 0.1 0.0
4.799999999999893 0.1 0.0
4.799999999999893 0.1 0.0
4.799999999999893 0.1 0.0
4.799999999999893 0.1 0.0
4.799999999999893 0.1 0.0
4.799999999999893 0.1 0.0
4.799999999999893 0.1 0.0
4.799999999999893 0.1 0.0
4.799999999999893 0.1 0.0
4.799999999999893 0.1 0.0
4.799999999999893 0.1 0.0
4.799999999999893 0.1 0.0
4.799999999999893 0.1 0.0
4.799999999999893 0.1 0.0
4.799999999999893 0.1 0.0
4.799999999999893 0.1 0.0
4.799999999999893 0.1 0.0
4.799999999999893 0.1 0.0
4.799999999999893 0.1 0.0
4.799999999999893 0.1 0.0
4.799999999999893 0.1 0.0
4.799999999999893 0.1 0.0
4.799999999999893 0.1 0.0
4.799999999999893 0.1 0.0
4.799999999999893 0.1 0.0
4.799999999999893 0.1 0.0
4.799999999999893 0.1 0.0
4.799999999999893 0.1 0.0
4.799999999999893 0.1 0.0
4.799999999999893 0.1 0.0
4.799999999999893 0.1 0.0
4.799999999999893 0.1 0.0
4.799999999999893 0.1 0.0
4.799999999999893 0.1 0.0
4.799999999999893 0.1 0.0
4.799999999999893 0.1 0.0
4.799999999999893 0.1 0.0
4.799999999999893 0.1 0.0
4.799999999999893 0.1 0.0
4.799999999999893 0.1 0.0
4.799999999999893 0.1 0.0
4.799999999999893 0.1 0.0
4.799999999999893 0.1 0.0
4.799999999999893 0.1 0.0
4.799999999999893 0.1 0.0
4.799999999999893 0.1 0.0
4.799999999999893 0.1 0.0
4.799999999999893 0.1 0.0
4.799999999999893 0.1 0.0
4.799999999999893 0.1 0.0
4.799999999999893 0.1 0.0
4.799999999999893 0.1 0.0
4.799999999999893 0.1 0.0
4.799999999999893 0.1 0.0
4.799999999999893 0.1 0.0
4.799999999999893 0.1 0.0
4.799999999999893 0.1 0.0
4.799999999999893 0.1 0.0
4.799999999999893 0.1 0.0
4.799999999999893 0.1 0.0
4.799999999999893 0.1 0.0
4.799999999999893 0.1 0.0
4.799999999999893 0.1 0.0
4.799999999999893 0.1 0.0
4.799999999999893 0.1 0.0
4.799999999999893 0.1 0.0
4.799999999999893 0.1 0.0
4.799999999999893 0.1 0.0
4.799999999999893 0.1 0.0
4.799999999999893 0.1 0.0
4.799999999999893 0.1 0.0
4.800242565597561 0.1 0.0006345356101624323
4.800960932944499 0.1 0.002465106205747605
4.802141107871613 0.1 0.0053845564348188255
4.803769096209805 0.1 0.009288929612661392
4.80583090378998 0.1 0.014077467721782592
4.808312536443041 0.1 0.019652611411911703
4.811199999999892 0.1 0.02592
4.814479300291437 0.1 0.03278847147022074
4.818136443148579 0.1 0.040170062473969176
4.822157434402223 0.1 0.04798000832986256
4.826528279883272 0.1 0.0561367430237401
4.83123498542263 0.1 0.06456189920866305
4.836263556851201 0.1 0.07318030820491461
4.841599999999889 0.1 0.08191999999999999
4.847230320699596 0.1 0.0907122032486464
4.853140524781229 0.1 0.099491345272803
4.859316618075688 0.1 0.10819505206164098
4.86574460641388 0.1 0.1167641482715535
4.872410495626707 0.1 0.12514265722615575
4.879300291545074 0.1 0.1332778009162849
4.886399999999884 0.1 0.14111999999999997
4.893695626822041 0.1 0.14862287380258224
4.901173177842447 0.1 0.15574324031653478
4.9088186588920095 0.1 0.16244111620158266
4.91661807580163 0.1 0.16867971678467306
4.924557434402212 0.1 0.174425456059975
4.93262274052466 0.1 0.17964794668887962
4.940799999999878 0.1 0.18431999999999998
4.949075218658769 0.1 0.18841762598917122
4.957434402332237 0.1 0.19192003331945023
4.965863556851187 0.1 0.19480962932111612
4.974348688046521 0.1 0.19707201999167012
4.982875801749144 0.1 0.19869600999583503
4.99143090378996 0.1 0.199673602665556
4.999999999999871 0.1 0.19999999999999996
5.008569096209783 0.1 0.1996736026655559
5.017124198250598 0.1 0.19869600999583503
5.025651311953221 0.1 0.19707201999167012
5.034136443148555 0.1 0.19480962932111623
5.0425655976675055 0.1 0.1919200333194504
5.0509247813409734 0.1 0.188417625989171
5.059199999999865 0.1 0.18431999999999982
5.067377259475083 0.1 0.1796479466888794
5.07544256559753 0.1 0.17442545605997495
5.083381924198113 0.1 0.1686797167846732
5.091181341107733 0.1 0.16244111620158241
5.098826822157295 0.1 0.15574324031653486
5.106304373177702 0.1 0.14862287380258232
5.113599999999859 0.1 0.1411199999999999
5.120699708454668 0.1 0.13327780091628494
5.127589504373035 0.1 0.1251426572261558
5.134255393585862 0.1 0.11676414827155357
5.140683381924054 0.1 0.10819505206164082
5.1468594752185135 0.1 0.09949134527280279
5.152769679300146 0.1 0.09071220324864604
5.158399999999854 0.1 0.08191999999999977
5.163736443148541 0.1 0.07318030820491472
5.168765014577112 0.1 0.0645618992086634
5.17347172011647 0.1 0.056136743023740276
5.177842565597519 0.1 0.04798000832986249
5.181863556851163 0.1 0.04017006247396937
5.185520699708306 0.1 0.03278847147022024
5.18879999999985 0.1 0.02591999999999972
5.191687463556701 0.1 0.019652611411911547
5.194169096209762 0.1 0.014077467721782533
5.196230903789937 0.1 0.009288929612661256
5.19785889212813 0.1 0.005384556434818943
5.199039067055243 0.1 0.0024651062057476913
5.199757434402182 0.1 0.0006345356101622457
5.199999999999849 0.1 0.0
5.199999999999849 0.1 0.0
5.199999999999849 0.1 0.0
5.199999999999849 0.1 0.0
5.199999999999849 0.1 0.0
5.199999999999849 0.1 0.0
5.199999999999849 0.1 0.0
5.199999999999849 0.1 0.0
5.199999999999849 0.1 0.0
5.199999999999849 0.1 0.0
5.199999999999849 0.1 0.0
5.199999999999849 0.1 0.0
5.199999999999849 0.1 0.0
5.199999999999849 0.1 0.0
5.199999999999849 0.1 0.0
5.199999999999849 0.1 0.0
5.199999999999849 0.1 0.0
5.199999999999849 0.1 0.0
5.199999999999849 0.1 0.0
5.199999999999849 0.1 0.0
5.199999999999849 0.1 0.0
5.199999999999849 0.1 0.0
5.199999999999849 0.1 0.0
5.199999999999849 0.1 0.0
5.199999999999849 0.1 0.0
5.199999999999849 0.1 0.0
5.199999999999849 0.1 0.0
5.199999999999849 0.1 0.0
5.199999999999849 0.1 0.0
5.199999999999849 0.1 0.0
5.199999999999849 0.1 0.0
5.199999999999849 0.1 0.0
5.199999999999849 0.1 0.0
5.199999999999849 0.1 0.0
5.199999999999849 0.1 0.0
5.199999999999849 0.1 0.0
5.199999999999849 0.1 0.0
5.199999999999849 0.1 0.0
5.199999999999849 0.1 0.0
5.199999999999849 0.1 0.0
5.199999999999849 0.1 0.0
5.199999999999849 0.1 0.0
5.199999999999849 0.1 0.0
5.199999999999849 0.1 0.0
5.199999999999849 0.1 0.0
5.199999999999849 0.1 0.0
5.199999999999849 0.1 0.0
5.199999999999849 0.1 0.0
5.199999999999849 0.1 0.0
5.199999999999849 0.1 0.0
5.199999999999849 0.1 0.0
5.199999999999849 0.1 0.0
5.199999999999849 0.1 0.0
5.199999999999849 0.1 0.0
5.199999999999849 0.1 0.0
5.199999999999849 0.1 0.0
5.199999999999849 0.1 0.0
5.199999999999849 0.1 0.0
5.199999999999849 0.1 0.0
5.199999999999849 0.1 0.0
5.199999999999849 0.1 0.0
5.199999999999849 0.1 0.0
5.199999999999849 0.1 0.0
5.199999999999849 0.1 0.0
5.199999999999849 0.1 0.0
5.199999999999849 0.1 0.0
5.199999999999849 0.1 0.0
5.199999999999849 0.1 0.0
5.199999999999849 0.1 0.0
5.199999999999849 0.1 0.0
5.199999999999849 0.1 0.0
5.199999999999849 0.1 0.0
5.199999999999849 0.1 0.0
5.199999999999849 0.1 0.0
5.199999999999849 0.1 0.0
5.199999999999849 0.1 0.0
5.199999999999849 0.1 0.0
5.199999999999849 0.1 0.0
5.199999999999849 0.1 0.0
5.199999999999849 0.1 0.0
5.199999999999849 0.1 0.0
5.199999999999849 0.1 0.0
5.199999999999849 0.1 0.0
5.199999999999849 0.1 0.0
5.199999999999849 0.1 0.0
5.199999999999849 0.1 0.0
5.199999999999849 0.1 0.0
5.199999999999849 0.1 0.0
5.199999999999849 0.1 0.0
5.199999999999849 0.1 0.0
5.199999999999849 0.1 0.0
5.199999999999849 0.1 0.0
5.199999999999849 0.1 0.0
5.199999999999849 0.1 0.0
5.199999999999849 0.1 0.0
5.199999999999849 0.1 0.0
5.199999999999849 0.1 0.0
5.199999999999849 0.1 0.0
5.199999999999849 0.1 0.0
5.199999999999849 0.1 0.0
5.199999999999849 0.1 0.0
5.199999999999849 0.1 0.0
5.199999999999849 0.1 0.0
5.199999999999849 0.1 0.0
5.199999999999849 0.1 0.0
5.199999999999849 0.1 0.0
5.199999999999849 0.1 0.0
5.199999999999849 0.1 0.0
5.199999999999849 0.1 0.0
5.199999999999849 0.1 0.0
5.199999999999849 0.1 0.0
5.199999999999849 0.1 0.0
5.199999999999849 0.1 0.0
5.199999999999849 0.1 0.0
5.199999999999849 0.1 0.0
5.199999999999849 0.1 0.0
5.199999999999849 0.1 0.0
5.199999999999849 0.1 0.0
5.199999999999849 0.1 0.0
5.199999999999849 0.1 0.0
5.199999999999849 0.1 0.0
5.199999999999849 0.1 0.0
5.199999999999849 0.1 0.0
5.199999999999849 0.1 0.0
5.199999999999849 0.1 0.0
5.199999999999849 0.1 0.0
5.199999999999849 0.1 0.0
5.199999999999849 0.1 0.0
5.199999999999849 0.1 0.0
5.199999999999849 0.1 0.0
5.199999999999849 0.1 0.0
5.200242565597517 0.1 0.0006345356101624323
5.200960932944455 0.1 0.002465106205747605
5.202141107871569 0.1 0.0053845564348188255
5.203769096209761 0.1 0.009288929612661392
5.205830903789936 0.1 0.014077467721782592
5.208312536442997 0.1 0.019652611411911703
5.211199999999848 0.1 0.02592
5.2144793002913925 0.1 0.03278847147022074
5.218136443148535 0.1 0.040170062473969176
5.222157434402179 0.1 0.04798000832986256
5.226528279883228 0.1 0.0561367430237401
5.231234985422586 0.1 0.06456189920866305
5.236263556851157 0.1 0.07318030820491461
5.241599999999845 0.1 0.08191999999999999
5.247230320699552 0.1 0.0907122032486464
5.253140524781185 0.1 0.099491345272803
5.259316618075644 0.1 0.10819505206164098
5.265744606413836 0.1 0.1167641482715535
5.272410495626663 0.1 0.12514265722615575
5.27930029154503 0.1 0.1332778009162849
5.28639999999984 0.1 0.14111999999999997
5.293695626821997 0.1 0.14862287380258224
5.301173177842403 0.1 0.15574324031653478
5.3088186588919655 0.1 0.16244111620158266
5.3166180758015855 0.1 0.16867971678467306
5.324557434402168 0.1 0.174425456059975
5.332622740524616 0.1 0.17964794668887962
5.340799999999834 0.1 0.18431999999999998
5.349075218658725 0.1 0.18841762598917122
5.357434402332193 0.1 0.19192003331945023
5.365863556851143 0.1 0.19480962932111612
5.374348688046477 0.1 0.19707201999167012
5.3828758017491 0.1 0.19869600999583503
5.3914309037899155 0.1 0.199673602665556
5.399999999999827 0.1 0.19999999999999996
5.408569096209739 0.1 0.1996736026655559
5.417124198250554 0.1 0.19869600999583503
5.425651311953177 0.1 0.19707201999167012
5.434136443148511 0.1 0.19480962932111623
5.442565597667461 0.1 0.1919200333194504
5.450924781340929 0.1 0.188417625989171
5.459199999999821 0.1 0.18431999999999982
5.467377259475039 0.1 0.1796479466888794
5.475442565597486 0.1 0.17442545605997495
5.483381924198069 0.1 0.1686797167846732
5.491181341107689 0.1 0.16244111620158241
5.498826822157251 0.1 0.15574324031653486
5.506304373177658 0.1 0.14862287380258232
5.513599999999815 0.1 0.1411199999999999
5.520699708454624 0.1 0.13327780091628494
5.527589504372991 0.1 0.1251426572261558
5.534255393585818 0.1 0.11676414827155357
5.54068338192401 0.1 0.10819505206164082
5.5468594752184694 0.1 0.09949134527280279
5.552769679300102 0.1 0.09071220324864604
5.55839999999981 0.1 0.08191999999999977
5.563736443148497 0.1 0.07318030820491472
5.5687650145770675 0.1 0.0645618992086634
5.573471720116426 0.1 0.056136743023740276
5.577842565597475 0.1 0.04798000832986249
5.581863556851119 0.1 0.04017006247396937
5.585520699708262 0.1 0.03278847147022024
5.588799999999806 0.1 0.02591999999999972
5.591687463556657 0.1 0.019652611411911547
5.594169096209718 0.1 0.014077467721782533
5.596230903789893 0.1 0.009288929612661256
5.597858892128086 0.1 0.005384556434818943
5.599039067055199 0.1 0.0024651062057476913
5.599757434402138 0.1 0.0006345356101622457
5.599999999999805 0.1 0.0
5.599999999999805 0.1 0.0
5.599999999999805 0.1 0.0
5.599999999999805 0.1 0.0
5.599999999999805 0.1 0.0
5.599999999999805 0.1 0.0
5.599999999999805 0.1 0.0
5.599999999999805 0.1 0.0
5.599999999999805 0.1 0.0
5.599999999999805 0.1 0.0
5.599999999999805 0.1 0.0
5.599999999999805 0.1 0.0
5.599999999999805 0.1 0.0
5.599999999999805 0.1 0.0
5.599999999999805 0.1 0.0
5.599999999999805 0.1 0.0
5.599999999999805 0.1 0.0
5.599999999999805 0.1 0.0
5.599999999999805 0.1 0.0
5.599999999999805 0.1 0.0
5.599999999999805 0.1 0.0
5.599999999999805 0.1 0.0
5.599999999999805 0.1 0.0
5.599999999999805 0.1 0.0
5.599999999999805 0.1 0.0
5.599999999999805 0.1 0.0
5.599999999999805 0.1 0.0
5.599999999999805 0.1 0.0
5.599999999999805 0.1 0.0
5.599999999999805 0.1 0.0
