1.0310923973763693e-17 -0.10163857612916291 -1.3877787807814457e-17
1.0310923973763693e-17 -0.10163857612916291 -1.3877787807814457e-17
1.0310923973763693e-17 -0.10163857612916291 -1.3877787807814457e-17
1.0310923973763693e-17 -0.10163857612916291 -1.3877787807814457e-17
1.0310923973763693e-17 -0.10163857612916291 -1.3877787807814457e-17
1.0310923973763693e-17 -0.10163857612916291 -1.3877787807814457e-17
1.0310923973763693e-17 -0.10163857612916291 -1.3877787807814457e-17
1.0310923973763693e-17 -0.10163857612916291 -1.3877787807814457e-17
1.0310923973763693e-17 -0.10163857612916291 -1.3877787807814457e-17
1.0310923973763693e-17 -0.10163857612916291 -1.3877787807814457e-17
1.0310923973763693e-17 -0.10163857612916291 -1.3877787807814457e-17
1.0310923973763693e-17 -0.10163857612916291 -1.3877787807814457e-17
1.0310923973763693e-17 -0.10163857612916291 -1.3877787807814457e-17
1.0310923973763693e-17 -0.10163857612916291 -1.3877787807814457e-17
1.0310923973763693e-17 -0.10163857612916291 -1.3877787807814457e-17
1.0310923973763693e-17 -0.10163857612916291 -1.3877787807814457e-17
1.0310923973763693e-17 -0.10163857612916291 -1.3877787807814457e-17
1.0310923973763693e-17 -0.10163857612916291 -1.3877787807814457e-17
1.0310923973763693e-17 -0.10163857612916291 -1.3877787807814457e-17
1.0310923973763693e-17 -0.10163857612916291 -1.3877787807814457e-17
1.0310923973763693e-17 -0.10163857612916291 -1.3877787807814457e-17
1.0310923973763693e-17 -0.10163857612916291 -1.3877787807814457e-17
1.0310923973763693e-17 -0.10163857612916291 -1.3877787807814457e-17
1.0310923973763693e-17 -0.10163857612916291 -1.3877787807814457e-17
1.0310923973763693e-17 -0.10163857612916291 -1.3877787807814457e-17
1.0310923973763693e-17 -0.10163857612916291 -1.3877787807814457e-17
1.0310923973763693e-17 -0.10163857612916291 -1.3877787807814457e-17
1.0310923973763693e-17 -0.10163857612916291 -1.3877787807814457e-17
1.0310923973763693e-17 -0.10163857612916291 -1.3877787807814457e-17
1.0310923973763693e-17 -0.10163857612916291 -1.3877787807814457e-17
1.0310923973763693e-17 -0.10163857612916291 -1.3877787807814457e-17
1.0310923973763693e-17 -0.10163857612916291 -1.3877787807814457e-17
1.0310923973763693e-17 -0.10163857612916291 -1.3877787807814457e-17
1.0310923973763693e-17 -0.10163857612916291 -1.3877787807814457e-17
1.0310923973763693e-17 -0.10163857612916291 -1.3877787807814457e-17
1.0310923973763693e-17 -0.10163857612916291 -1.3877787807814457e-17
1.0310923973763693e-17 -0.10163857612916291 -1.3877787807814457e-17
1.0310923973763693e-17 -0.10163857612916291 -1.3877787807814457e-17
1.0310923973763693e-17 -0.10163857612916291 -1.3877787807814457e-17
1.0310923973763693e-17 -0.10163857612916291 -1.3877787807814457e-17
1.0310923973763693e-17 -0.10163857612916291 -1.3877787807814457e-17
1.0310923973763693e-17 -0.10163857612916291 -1.3877787807814457e-17
1.0310923973763693e-17 -0.10163857612916291 -1.3877787807814457e-17
1.0310923973763693e-17 -0.10163857612916291 -1.3877787807814457e-17
1.0310923973763693e-17 -0.10163857612916291 -1.3877787807814457e-17
1.0310923973763693e-17 -0.10163857612916291 -1.3877787807814457e-17
1.0310923973763693e-17 -0.10163857612916291 -1.3877787807814457e-17
1.0310923973763693e-17 -0.10163857612916291 -1.3877787807814457e-17
1.0310923973763693e-17 -0.10163857612916291 -1.3877787807814457e-17
1.0310923973763693e-17 -0.10163857612916291 -1.3877787807814457e-17
1.0310923973763693e-17 -0.10163857612916291 -1.3877787807814457e-17
1.0310923973763693e-17 -0.10163857612916291 -1.3877787807814457e-17
1.0310923973763693e-17 -0.10163857612916291 -1.3877787807814457e-17
1.0310923973763693e-17 -0.10163857612916291 -1.3877787807814457e-17
1.0310923973763693e-17 -0.10163857612916291 -1.3877787807814457e-17
1.0310923973763693e-17 -0.10163857612916291 -1.3877787807814457e-17
1.0310923973763693e-17 -0.10163857612916291 -1.3877787807814457e-17
1.0310923973763693e-17 -0.10163857612916291 -1.3877787807814457e-17
1.0310923973763693e-17 -0.10163857612916291 -1.3877787807814457e-17
1.0310923973763693e-17 -0.10163857612916291 -1.3877787807814457e-17
1.0310923973763693e-17 -0.10163857612916291 -1.3877787807814457e-17
1.0310923973763693e-17 -0.10163857612916291 -1.3877787807814457e-17
1.0310923973763693e-17 -0.10163857612916291 -1.3877787807814457e-17
1.0310923973763693e-17 -0.10163857612916291 -1.3877787807814457e-17
1.0310923973763693e-17 -0.10163857612916291 -1.3877787807814457e-17
1.0310923973763693e-17 -0.10163857612916291 -1.3877787807814457e-17
1.0310923973763693e-17 -0.10163857612916291 -1.3877787807814457e-17
1.0310923973763693e-17 -0.10163857612916291 -1.3877787807814457e-17
1.0310923973763693e-17 -0.10163857612916291 -1.3877787807814457e-17
1.0310923973763693e-17 -0.10163857612916291 -1.3877787807814457e-17
1.0310923973763693e-17 -0.10163857612916291 -1.3877787807814457e-17
1.0310923973763693e-17 -0.10163857612916291 -1.3877787807814457e-17
1.0310923973763693e-17 -0.10163857612916291 -1.3877787807814457e-17
1.0310923973763693e-17 -0.10163857612916291 -1.3877787807814457e-17
1.0310923973763693e-17 -0.10163857612916291 -1.3877787807814457e-17
1.0310923973763693e-17 -0.10163857612916291 -1.3877787807814457e-17
1.0310923973763693e-17 -0.10163857612916291 -1.3877787807814457e-17
1.0310923973763693e-17 -0.10163857612916291 -1.3877787807814457e-17
1.0310923973763693e-17 -0.10163857612916291 -1.3877787807814457e-17
1.0310923973763693e-17 -0.10163857612916291 -1.3877787807814457e-17
1.0310923973763693e-17 -0.10163857612916291 -1.3877787807814457e-17
1.0310923973763693e-17 -0.10163857612916291 -1.3877787807814457e-17
1.0310923973763693e-17 -0.10163857612916291 -1.3877787807814457e-17
1.0310923973763693e-17 -0.10163857612916291 -1.3877787807814457e-17
1.0310923973763693e-17 -0.10163857612916291 -1.3877787807814457e-17
1.0310923973763693e-17 -0.10163857612916291 -1.3877787807814457e-17
1.0310923973763693e-17 -0.10163857612916291 -1.3877787807814457e-17
1.0310923973763693e-17 -0.10163857612916291 -1.3877787807814457e-17
1.0310923973763693e-17 -0.10163857612916291 -1.3877787807814457e-17
1.0310923973763693e-17 -0.10163857612916291 -1.3877787807814457e-17
1.0310923973763693e-17 -0.10163857612916291 -1.3877787807814457e-17
1.0310923973763693e-17 -0.10163857612916291 -1.3877787807814457e-17
1.0310923973763693e-17 -0.10163857612916291 -1.3877787807814457e-17
1.0310923973763693e-17 -0.10163857612916291 -1.3877787807814457e-17
1.0310923973763693e-17 -0.10163857612916291 -1.3877787807814457e-17
1.0310923973763693e-17 -0.10163857612916291 -1.3877787807814457e-17
1.0310923973763693e-17 -0.10163857612916291 -1.3877787807814457e-17
1.0310923973763693e-17 -0.10163857612916291 -1.3877787807814457e-17
1.0310923973763693e-17 -0.10163857612916291 -1.3877787807814457e-17
1.0310923973763693e-17 -0.10163857612916291 -1.3877787807814457e-17
1.0310923973763693e-17 -0.10163857612916291 -1.3877787807814457e-17
1.0310923973763693e-17 -0.10163857612916291 -1.3877787807814457e-17
1.0310923973763693e-17 -0.10163857612916291 -1.3877787807814457e-17
1.0310923973763693e-17 -0.10163857612916291 -1.3877787807814457e-17
1.0310923973763693e-17 -0.10163857612916291 -1.3877787807814457e-17
1.0310923973763693e-17 -0.10163857612916291 -1.3877787807814457e-17
1.0310923973763693e-17 -0.10163857612916291 -1.3877787807814457e-17
1.0310923973763693e-17 -0.10163857612916291 -1.3877787807814457e-17
1.0310923973763693e-17 -0.10163857612916291 -1.3877787807814457e-17
1.0310923973763693e-17 -0.10163857612916291 -1.3877787807814457e-17
1.0310923973763693e-17 -0.10163857612916291 -1.3877787807814457e-17
1.0310923973763693e-17 -0.10163857612916291 -1.3877787807814457e-17
1.0310923973763693e-17 -0.10163857612916291 -1.3877787807814457e-17
1.0310923973763693e-17 -0.10163857612916291 -1.3877787807814457e-17
1.0310923973763693e-17 -0.10163857612916291 -1.3877787807814457e-17
1.0310923973763693e-17 -0.10163857612916291 -1.3877787807814457e-17
1.0310923973763693e-17 -0.10163857612916291 -1.3877787807814457e-17
1.0310923973763693e-17 -0.10163857612916291 -1.3877787807814457e-17
1.0310923973763693e-17 -0.10163857612916291 -1.3877787807814457e-17
1.0310923973763693e-17 -0.10163857612916291 -1.3877787807814457e-17
1.0310923973763693e-17 -0.10163857612916291 -1.3877787807814457e-17
1.0310923973763693e-17 -0.10163857612916291 -1.3877787807814457e-17
1.0310923973763693e-17 -0.10163857612916291 -1.3877787807814457e-17
1.0310923973763693e-17 -0.10163857612916291 -1.3877787807814457e-17
1.0310923973763693e-17 -0.10163857612916291 -1.3877787807814457e-17
1.0310923973763693e-17 -0.10163857612916291 -1.3877787807814457e-17
1.0310923973763693e-17 -0.10163857612916291 -1.3877787807814457e-17
1.0310923973763693e-17 -0.10163857612916291 -1.3877787807814457e-17
1.0310923973763693e-17 -0.10163857612916291 -1.3877787807814457e-17
1.0310923973763693e-17 -0.10163857612916291 -1.3877787807814457e-17
1.0310923973763693e-17 -0.10163857612916291 -1.3877787807814457e-17
1.0310923973763693e-17 -0.10163857612916291 -1.3877787807814457e-17
1.0310923973763693e-17 -0.10163857612916291 -1.3877787807814457e-17
1.0310923973763693e-17 -0.10163857612916291 -1.3877787807814457e-17
1.0310923973763693e-17 -0.10163857612916291 -1.3877787807814457e-17
1.0310923973763693e-17 -0.10163857612916291 -1.3877787807814457e-17
1.0310923973763693e-17 -0.10163857612916291 -1.3877787807814457e-17
1.0310923973763693e-17 -0.10163857612916291 -1.3877787807814457e-17
1.0310923973763693e-17 -0.10163857612916291 -1.3877787807814457e-17
1.0310923973763693e-17 -0.10163857612916291 -1.3877787807814457e-17
1.0310923973763693e-17 -0.10163857612916291 -1.3877787807814457e-17
1.0310923973763693e-17 -0.10163857612916291 -1.3877787807814457e-17
1.0310923973763693e-17 -0.10163857612916291 -1.3877787807814457e-17
1.0310923973763693e-17 -0.10163857612916291 -1.3877787807814457e-17
1.0310923973763693e-17 -0.10163857612916291 -1.3877787807814457e-17
1.0310923973763693e-17 -0.10163857612916291 -1.3877787807814457e-17
1.0310923973763693e-17 -0.10163857612916291 -1.3877787807814457e-17
1.0310923973763693e-17 -0.10163857612916291 -1.3877787807814457e-17
1.0310923973763693e-17 -0.10163857612916291 -1.3877787807814457e-17
1.0310923973763693e-17 -0.10163857612916291 -1.3877787807814457e-17
1.0310923973763693e-17 -0.10163857612916291 -1.3877787807814457e-17
1.0310923973763693e-17 -0.10163857612916291 -1.3877787807814457e-17
1.0310923973763693e-17 -0.10163857612916291 -1.3877787807814457e-17
1.0310923973763693e-17 -0.10163857612916291 -1.3877787807814457e-17
1.0310923973763693e-17 -0.10163857612916291 -1.3877787807814457e-17
1.0310923973763693e-17 -0.10163857612916291 -1.3877787807814457e-17
1.0310923973763693e-17 -0.10163857612916291 -1.3877787807814457e-17
1.0310923973763693e-17 -0.10163857612916291 -1.3877787807814457e-17
1.0310923973763693e-17 -0.10163857612916291 -1.3877787807814457e-17
1.0310923973763693e-17 -0.10163857612916291 -1.3877787807814457e-17
1.0310923973763693e-17 -0.10163857612916291 -1.3877787807814457e-17
1.0310923973763693e-17 -0.10163857612916291 -1.3877787807814457e-17
1.0310923973763693e-17 -0.10163857612916291 -1.3877787807814457e-17
1.0310923973763693e-17 -0.10163857612916291 -1.3877787807814457e-17
1.0310923973763693e-17 -0.10163857612916291 -1.3877787807814457e-17
1.0310923973763693e-17 -0.10163857612916291 -1.3877787807814457e-17
1.0310923973763693e-17 -0.10163857612916291 -1.3877787807814457e-17
1.0310923973763693e-17 -0.10163857612916291 -1.3877787807814457e-17
1.0310923973763693e-17 -0.10163857612916291 -1.3877787807814457e-17
1.0310923973763693e-17 -0.10163857612916291 -1.3877787807814457e-17
1.0310923973763693e-17 -0.10163857612916291 -1.3877787807814457e-17
1.0310923973763693e-17 -0.10163857612916291 -1.3877787807814457e-17
1.0310923973763693e-17 -0.10163857612916291 -1.3877787807814457e-17
1.0310923973763693e-17 -0.10163857612916291 -1.3877787807814457e-17
1.0310923973763693e-17 -0.10163857612916291 -1.3877787807814457e-17
1.0310923973763693e-17 -0.10163857612916291 -1.3877787807814457e-17
1.0310923973763693e-17 -0.10163857612916291 -1.3877787807814457e-17
1.0310923973763693e-17 -0.10163857612916291 -1.3877787807814457e-17
1.0310923973763693e-17 -0.10163857612916291 -1.3877787807814457e-17
1.0310923973763693e-17 -0.10163857612916291 -1.3877787807814457e-17
1.0310923973763693e-17 -0.10163857612916291 -1.3877787807814457e-17
1.0310923973763693e-17 -0.10163857612916291 -1.3877787807814457e-17
1.0310923973763693e-17 -0.10163857612916291 -1.3877787807814457e-17
1.0310923973763693e-17 -0.10163857612916291 -1.3877787807814457e-17
1.0310923973763693e-17 -0.10163857612916291 -1.3877787807814457e-17
1.0310923973763693e-17 -0.10163857612916291 -1.3877787807814457e-17
1.0310923973763693e-17 -0.10163857612916291 -1.3877787807814457e-17
1.0310923973763693e-17 -0.10163857612916291 -1.3877787807814457e-17
1.0310923973763693e-17 -0.10163857612916291 -1.3877787807814457e-17
1.0310923973763693e-17 -0.10163857612916291 -1.3877787807814457e-17
1.0310923973763693e-17 -0.10163857612916291 -1.3877787807814457e-17
1.0310923973763693e-17 -0.10163857612916291 -1.3877787807814457e-17
1.0310923973763693e-17 -0.10163857612916291 -1.3877787807814457e-17
1.0310923973763693e-17 -0.10163857612916291 -1.3877787807814457e-17
1.0310923973763693e-17 -0.10163857612916291 -1.3877787807814457e-17
1.0310923973763693e-17 -0.10163857612916291 -1.3877787807814457e-17
1.0310923973763693e-17 -0.10163857612916291 -1.3877787807814457e-17
1.0310923973763693e-17 -0.10163857612916291 -1.3877787807814457e-17
1.0310923973763693e-17 -0.10163857612916291 -1.3877787807814457e-17
1.0310923973763693e-17 -0.10163857612916291 -1.3877787807814457e-17
1.0310923973763693e-17 -0.1 0.0
1.0310923973763693e-17 -0.1 0.0
1.0310923973763693e-17 -0.1 0.0
1.0310923973763693e-17 -0.1 0.0
1.0310923973763693e-17 -0.1 0.0
1.0310923973763693e-17 -0.1 0.0
1.0310923973763693e-17 -0.1 0.0
1.0310923973763693e-17 -0.1 0.0
1.0310923973763693e-17 -0.1 0.0
1.0310923973763693e-17 -0.1 0.0
1.0310923973763693e-17 -0.1 0.0
1.0310923973763693e-17 -0.1 0.0
1.0310923973763693e-17 -0.1 0.0
1.0310923973763693e-17 -0.1 0.0
1.0310923973763693e-17 -0.1 0.0
1.0310923973763693e-17 -0.1 0.0
1.0310923973763693e-17 -0.1 0.0
1.0310923973763693e-17 -0.1 0.0
1.0310923973763693e-17 -0.1 0.0
1.0310923973763693e-17 -0.1 0.0
1.0310923973763693e-17 -0.1 0.0
1.0310923973763693e-17 -0.1 0.0
1.0310923973763693e-17 -0.1 0.0
1.0310923973763693e-17 -0.1 0.0
1.0310923973763693e-17 -0.1 0.0
1.0310923973763693e-17 -0.1 0.0
1.0310923973763693e-17 -0.1 0.0
1.0310923973763693e-17 -0.1 0.0
1.0310923973763693e-17 -0.1 0.0
1.0310923973763693e-17 -0.1 0.0
1.0310923973763693e-17 -0.1 0.0
1.0310923973763693e-17 -0.1 0.0
1.0310923973763693e-17 -0.1 0.0
1.0310923973763693e-17 -0.1 0.0
1.0310923973763693e-17 -0.1 0.0
1.0310923973763693e-17 -0.1 0.0
1.0310923973763693e-17 -0.1 0.0
1.0310923973763693e-17 -0.1 0.0
1.0310923973763693e-17 -0.1 0.0
1.0310923973763693e-17 -0.1 0.0
1.0310923973763693e-17 -0.1 0.0
1.0310923973763693e-17 -0.1 0.0
1.0310923973763693e-17 -0.1 0.0
1.0310923973763693e-17 -0.1 0.0
1.0310923973763693e-17 -0.1 0.0
1.0310923973763693e-17 -0.1 0.0
1.0310923973763693e-17 -0.1 0.0
1.0310923973763693e-17 -0.1 0.0
1.0310923973763693e-17 -0.1 0.0
1.0310923973763693e-17 -0.1 0.0
1.0310923973763693e-17 -0.1 0.0
1.0310923973763693e-17 -0.1 0.0
1.0310923973763693e-17 -0.1 0.0
1.0310923973763693e-17 -0.1 0.0
1.0310923973763693e-17 -0.1 0.0
1.0310923973763693e-17 -0.1 0.0
1.0310923973763693e-17 -0.1 0.0
1.0310923973763693e-17 -0.1 0.0
1.0310923973763693e-17 -0.1 0.0
1.0310923973763693e-17 -0.1 0.0
1.0310923973763693e-17 -0.1 0.0
1.0310923973763693e-17 -0.1 0.0
1.0310923973763693e-17 -0.1 0.0
1.0310923973763693e-17 -0.1 0.0
1.0310923973763693e-17 -0.1 0.0
1.0310923973763693e-17 -0.1 0.0
1.0310923973763693e-17 -0.1 0.0
1.0310923973763693e-17 -0.1 0.0
1.0310923973763693e-17 -0.1 0.0
1.0310923973763693e-17 -0.1 0.0
1.0310923973763693e-17 -0.1 0.0
1.0310923973763693e-17 -0.1 0.0
1.0310923973763693e-17 -0.1 0.0
1.0310923973763693e-17 -0.1 0.0
1.0310923973763693e-17 -0.1 0.0
1.0310923973763693e-17 -0.1 0.0
1.0310923973763693e-17 -0.1 0.0
1.0310923973763693e-17 -0.1 0.0
1.0310923973763693e-17 -0.1 0.0
1.0310923973763693e-17 -0.1 0.0
1.0310923973763693e-17 -0.1 0.0
1.0310923973763693e-17 -0.1 0.0
1.0310923973763693e-17 -0.1 0.0
1.0310923973763693e-17 -0.1 0.0
1.0310923973763693e-17 -0.1 0.0
1.0310923973763693e-17 -0.1 0.0
1.0310923973763693e-17 -0.1 0.0
1.0310923973763693e-17 -0.1 0.0
1.0310923973763693e-17 -0.1 0.0
1.0310923973763693e-17 -0.1 0.0
1.0310923973763693e-17 -0.1 0.0
1.0310923973763693e-17 -0.1 0.0
1.0310923973763693e-17 -0.1 0.0
1.0310923973763693e-17 -0.1 0.0
1.0310923973763693e-17 -0.1 0.0
1.0310923973763693e-17 -0.1 0.0
1.0310923973763693e-17 -0.1 0.0
1.0310923973763693e-17 -0.1 0.0
1.0310923973763693e-17 -0.1 0.0
1.0310923973763693e-17 -0.1 0.0
1.0310923973763693e-17 -0.1 0.0
0.00024256559766764897 -0.1 6.345356101624323e-05
0.000960932944606425 -0.1 0.0002465106205747605
0.0021411078717201285 -0.1 0.0005384556434818824
0.0037690962099125496 -0.1 0.000928892961266139
0.005830903790087478 -0.1 0.001407746772178259
0.008312536443148704 -0.1 0.00196526114119117
0.011200000000000017 -0.1 0.0025919999999999997
0.01447930029154521 -0.1 0.003278847147022074
0.01813644314868807 -0.1 0.004017006247396917
0.022157434402332386 -0.1 0.004798000832986255
0.026528279883381953 -0.1 0.00561367430237401
0.031234985422740558 -0.1 0.006456189920866304
0.03626355685131199 -0.1 0.007318030820491461
0.04160000000000003 -0.1 0.008192
0.04723032069970849 -0.1 0.00907122032486464
0.05314052478134115 -0.1 0.009949134527280298
0.05931661807580179 -0.1 0.010819505206164096
0.06574460641399422 -0.1 0.01167641482715535
0.07241049562682222 -0.1 0.012514265722615575
0.07930029154518958 -0.1 0.013327780091628487
0.08640000000000006 -0.1 0.014112
0.09369562682215753 -0.1 0.014862287380258223
0.1011731778425657 -0.1 0.015574324031653479
0.10881865889212837 -0.1 0.016244111620158264
0.11661807580174935 -0.1 0.016867971678467306
0.12455743440233247 -0.1 0.0174425456059975
0.13262274052478143 -0.1 0.01796479466888796
0.1408000000000001 -0.1 0.018431999999999997
0.14907521865889223 -0.1 0.01884176259891711
0.1574344023323616 -0.1 0.019192003331945026
0.16586355685131204 -0.1 0.01948096293211162
0.17434868804664733 -0.1 0.019707201999167007
0.1828758017492713 -0.1 0.0198696009995835
0.19143090379008756 -0.1 0.019967360266555594
0.20000000000000015 -0.1 0.01999999999999999
0.20856909620991268 -0.1 0.0199673602665556
0.21712419825072898 -0.1 0.0198696009995835
0.22565131195335292 -0.1 0.019707201999167007
0.23413644314868823 -0.1 0.0194809629321116
0.2425655976676387 -0.1 0.019192003331945026
0.25092478134110807 -0.1 0.018841762598917122
0.25920000000000015 -0.1 0.018432000000000004
0.26737725947521884 -0.1 0.01796479466888795
0.27544256559766783 -0.1 0.017442545605997506
0.28338192419825087 -0.1 0.01686797167846729
0.29118134110787197 -0.1 0.016244111620158264
0.29882682215743456 -0.1 0.015574324031653486
0.3063043731778428 -0.1 0.014862287380258216
0.3136000000000002 -0.1 0.014112000000000013
0.32069970845481066 -0.1 0.013327780091628494
0.327589504373178 -0.1 0.012514265722615547
0.33425539358600603 -0.1 0.01167641482715534
0.34068338192419845 -0.1 0.01081950520616412
0.3468594752186591 -0.1 0.009949134527280301
0.3527696793002918 -0.1 0.009071220324864626
0.3584000000000002 -0.1 0.008192000000000005
0.36373644314868836 -0.1 0.007318030820491456
0.36876501457725963 -0.1 0.006456189920866273
0.3734717201166182 -0.1 0.005613674302374
0.3778425655976678 -0.1 0.004798000832986288
0.38186355685131207 -0.1 0.004017006247396898
0.38552069970845504 -0.1 0.0032788471470220903
0.3888000000000002 -0.1 0.0025920000000000387
0.3916874635568515 -0.1 0.001965261141191166
0.39416909620991275 -0.1 0.0014077467721782533
0.3962309037900878 -0.1 0.0009288929612661367
0.3978588921282802 -0.1 0.0005384556434818721
0.39903906705539377 -0.1 0.00024651062057473583
0.3997574344023325 -0.1 6.345356101622457e-05
0.4000000000000003 -0.1 0.0
0.4000000000000003 -0.1 0.0
0.4000000000000003 -0.1 0.0
0.4000000000000003 -0.1 0.0
0.4000000000000003 -0.1 0.0
0.4000000000000003 -0.1 0.0
0.4000000000000003 -0.1 0.0
0.4000000000000003 -0.1 0.0
0.4000000000000003 -0.1 0.0
0.4000000000000003 -0.1 0.0
0.4000000000000003 -0.1 0.0
0.4000000000000003 -0.1 0.0
0.4000000000000003 -0.1 0.0
0.4000000000000003 -0.1 0.0
0.4000000000000003 -0.1 0.0
0.4000000000000003 -0.1 0.0
0.4000000000000003 -0.1 0.0
0.4000000000000003 -0.1 0.0
0.4000000000000003 -0.1 0.0
0.4000000000000003 -0.1 0.0
0.4000000000000003 -0.1 0.0
0.4000000000000003 -0.1 0.0
0.4000000000000003 -0.1 0.0
0.4000000000000003 -0.1 0.0
0.4000000000000003 -0.1 0.0
0.4000000000000003 -0.1 0.0
0.4000000000000003 -0.1 0.0
0.4000000000000003 -0.1 0.0
0.4000000000000003 -0.1 0.0
0.4000000000000003 -0.1 0.0
0.4000000000000003 -0.1 0.0
0.4000000000000003 -0.1 0.0
0.4000000000000003 -0.1 0.0
0.4000000000000003 -0.1 0.0
0.4000000000000003 -0.1 0.0
0.4000000000000003 -0.1 0.0
0.4000000000000003 -0.1 0.0
0.4000000000000003 -0.1 0.0
0.4000000000000003 -0.1 0.0
0.4000000000000003 -0.1 0.0
0.4000000000000003 -0.1 0.0
0.4000000000000003 -0.1 0.0
0.4000000000000003 -0.1 0.0
0.4000000000000003 -0.1 0.0
0.4000000000000003 -0.1 0.0
0.4000000000000003 -0.1 0.0
0.4000000000000003 -0.1 0.0
0.4000000000000003 -0.1 0.0
0.4000000000000003 -0.1 0.0
0.4000000000000003 -0.1 0.0
0.4000000000000003 -0.1 0.0
0.4000000000000003 -0.1 0.0
0.4000000000000003 -0.1 0.0
0.4000000000000003 -0.1 0.0
0.4000000000000003 -0.1 0.0
0.4000000000000003 -0.1 0.0
0.4000000000000003 -0.1 0.0
0.4000000000000003 -0.1 0.0
0.4000000000000003 -0.1 0.0
0.4000000000000003 -0.1 0.0
0.4000000000000003 -0.1 0.0
0.4000000000000003 -0.1 0.0
0.4000000000000003 -0.1 0.0
0.4000000000000003 -0.1 0.0
0.4000000000000003 -0.1 0.0
0.4000000000000003 -0.1 0.0
0.4000000000000003 -0.1 0.0
0.4000000000000003 -0.1 0.0
0.4000000000000003 -0.1 0.0
0.4000000000000003 -0.1 0.0
0.4000000000000003 -0.1 0.0
0.4000000000000003 -0.1 0.0
0.4000000000000003 -0.1 0.0
0.4000000000000003 -0.1 0.0
0.4000000000000003 -0.1 0.0
0.4000000000000003 -0.1 0.0
0.4000000000000003 -0.1 0.0
0.4000000000000003 -0.1 0.0
0.4000000000000003 -0.1 0.0
0.4000000000000003 -0.1 0.0
0.4000000000000003 -0.1 0.0
0.4000000000000003 -0.1 0.0
0.4000000000000003 -0.1 0.0
0.4000000000000003 -0.1 0.0
0.4000000000000003 -0.1 0.0
0.4000000000000003 -0.1 0.0
0.4000000000000003 -0.1 0.0
0.4000000000000003 -0.1 0.0
0.4000000000000003 -0.1 0.0
0.4000000000000003 -0.1 0.0
0.4000000000000003 -0.1 0.0
0.4000000000000003 -0.1 0.0
0.4000000000000003 -0.1 0.0
0.4000000000000003 -0.1 0.0
0.4000000000000003 -0.1 0.0
0.4000000000000003 -0.1 0.0
0.4000000000000003 -0.1 0.0
0.4000000000000003 -0.1 0.0
0.4000000000000003 -0.1 0.0
0.4000000000000003 -0.1 0.0
0.4000000000000003 -0.1 0.0
0.4000000000000003 -0.1 0.0
0.4000000000000003 -0.1 0.0
0.4000000000000003 -0.1 0.0
0.4000000000000003 -0.1 0.0
0.4000000000000003 -0.1 0.0
0.4000000000000003 -0.1 0.0
0.4000000000000003 -0.1 0.0
0.4000000000000003 -0.1 0.0
0.4000000000000003 -0.1 0.0
0.4000000000000003 -0.1 0.0
0.4000000000000003 -0.1 0.0
0.4000000000000003 -0.1 0.0
0.4000000000000003 -0.1 0.0
0.4000000000000003 -0.1 0.0
0.4000000000000003 -0.1 0.0
0.4000000000000003 -0.1 0.0
0.4000000000000003 -0.1 0.0
0.4000000000000003 -0.1 0.0
0.4000000000000003 -0.1 0.0
0.4000000000000003 -0.1 0.0
0.4000000000000003 -0.1 0.0
0.4000000000000003 -0.1 0.0
0.4000000000000003 -0.1 0.0
0.4000000000000003 -0.1 0.0
0.4000000000000003 -0.1 0.0
0.4000000000000003 -0.1 0.0
0.4000000000000003 -0.1 0.0
0.4000000000000003 -0.1 0.0
0.4000000000000003 -0.1 0.0
0.4000000000000003 -0.1 0.0
0.40024256559766797 -0.1 6.345356101624323e-05
0.4009609329446067 -0.1 0.0002465106205747605
0.4021411078717204 -0.1 0.0005384556434818824
0.40376909620991286 -0.1 0.000928892961266139
0.4058309037900878 -0.1 0.001407746772178259
0.408312536443149 -0.1 0.00196526114119117
0.4112000000000003 -0.1 0.0025919999999999997
0.4144793002915455 -0.1 0.003278847147022074
0.41813644314868836 -0.1 0.004017006247396917
0.42215743440233267 -0.1 0.004798000832986255
0.42652827988338227 -0.1 0.00561367430237401
0.43123498542274086 -0.1 0.006456189920866304
0.4362635568513123 -0.1 0.007318030820491461
0.4416000000000003 -0.1 0.008192
0.4472303206997088 -0.1 0.00907122032486464
0.4531405247813414 -0.1 0.009949134527280298
0.4593166180758021 -0.1 0.010819505206164096
0.4657446064139945 -0.1 0.01167641482715535
0.4724104956268225 -0.1 0.012514265722615575
0.4793002915451899 -0.1 0.013327780091628487
0.48640000000000033 -0.1 0.014112
0.49369562682215784 -0.1 0.014862287380258223
0.501173177842566 -0.1 0.015574324031653479
0.5088186588921286 -0.1 0.016244111620158264
0.5166180758017497 -0.1 0.016867971678467306
0.5245574344023327 -0.1 0.0174425456059975
0.5326227405247818 -0.1 0.01796479466888796
0.5408000000000004 -0.1 0.018431999999999997
0.5490752186588925 -0.1 0.01884176259891711
0.5574344023323619 -0.1 0.019192003331945026
0.5658635568513124 -0.1 0.01948096293211162
0.5743486880466476 -0.1 0.019707201999167007
0.5828758017492716 -0.1 0.0198696009995835
0.5914309037900879 -0.1 0.019967360266555594
0.6000000000000004 -0.1 0.01999999999999999
0.608569096209913 -0.1 0.0199673602665556
0.6171241982507293 -0.1 0.0198696009995835
0.6256513119533532 -0.1 0.019707201999167007
0.6341364431486886 -0.1 0.0194809629321116
0.642565597667639 -0.1 0.019192003331945026
0.6509247813411083 -0.1 0.018841762598917122
0.6592000000000005 -0.1 0.018432000000000004
0.6673772594752192 -0.1 0.01796479466888795
0.6754425655976681 -0.1 0.017442545605997506
0.6833819241982512 -0.1 0.01686797167846729
0.6911813411078722 -0.1 0.016244111620158264
0.6988268221574349 -0.1 0.015574324031653486
0.7063043731778431 -0.1 0.014862287380258216
0.7136000000000005 -0.1 0.014112000000000013
0.720699708454811 -0.1 0.013327780091628494
0.7275895043731784 -0.1 0.012514265722615547
0.7342553935860063 -0.1 0.01167641482715534
0.7406833819241987 -0.1 0.01081950520616412
0.7468594752186595 -0.1 0.009949134527280301
0.752769679300292 -0.1 0.009071220324864626
0.7584000000000005 -0.1 0.008192000000000005
0.7637364431486886 -0.1 0.007318030820491456
0.76876501457726 -0.1 0.006456189920866273
0.7734717201166186 -0.1 0.005613674302374
0.7778425655976682 -0.1 0.004798000832986288
0.7818635568513124 -0.1 0.004017006247396898
0.7855206997084554 -0.1 0.0032788471470220903
0.7888000000000005 -0.1 0.0025920000000000387
0.7916874635568518 -0.1 0.001965261141191166
0.794169096209913 -0.1 0.0014077467721782533
0.7962309037900881 -0.1 0.0009288929612661367
0.7978588921282805 -0.1 0.0005384556434818721
0.7990390670553941 -0.1 0.00024651062057473583
0.7997574344023328 -0.1 6.345356101622457e-05
0.8000000000000006 -0.1 0.0
0.8000000000000006 -0.1 0.0
0.8000000000000006 -0.1 0.0
0.8000000000000006 -0.1 0.0
0.8000000000000006 -0.1 0.0
0.8000000000000006 -0.1 0.0
0.8000000000000006 -0.1 0.0
0.8000000000000006 -0.1 0.0
0.8000000000000006 -0.1 0.0
0.8000000000000006 -0.1 0.0
0.8000000000000006 -0.1 0.0
0.8000000000000006 -0.1 0.0
0.8000000000000006 -0.1 0.0
0.8000000000000006 -0.1 0.0
0.8000000000000006 -0.1 0.0
0.8000000000000006 -0.1 0.0
0.8000000000000006 -0.1 0.0
0.8000000000000006 -0.1 0.0
0.8000000000000006 -0.1 0.0
0.8000000000000006 -0.1 0.0
0.8000000000000006 -0.1 0.0
0.8000000000000006 -0.1 0.0
0.8000000000000006 -0.1 0.0
0.8000000000000006 -0.1 0.0
0.8000000000000006 -0.1 0.0
0.8000000000000006 -0.1 0.0
0.8000000000000006 -0.1 0.0
0.8000000000000006 -0.1 0.0
0.8000000000000006 -0.1 0.0
0.8000000000000006 -0.1 0.0
0.8000000000000006 -0.1 0.0
0.8000000000000006 -0.1 0.0
0.8000000000000006 -0.1 0.0
0.8000000000000006 -0.1 0.0
0.8000000000000006 -0.1 0.0
0.8000000000000006 -0.1 0.0
0.8000000000000006 -0.1 0.0
0.8000000000000006 -0.1 0.0
0.8000000000000006 -0.1 0.0
0.8000000000000006 -0.1 0.0
0.8000000000000006 -0.1 0.0
0.8000000000000006 -0.1 0.0
0.8000000000000006 -0.1 0.0
0.8000000000000006 -0.1 0.0
0.8000000000000006 -0.1 0.0
0.8000000000000006 -0.1 0.0
0.8000000000000006 -0.1 0.0
0.8000000000000006 -0.1 0.0
0.8000000000000006 -0.1 0.0
0.8000000000000006 -0.1 0.0
0.8000000000000006 -0.1 0.0
0.8000000000000006 -0.1 0.0
0.8000000000000006 -0.1 0.0
0.8000000000000006 -0.1 0.0
0.8000000000000006 -0.1 0.0
0.8000000000000006 -0.1 0.0
0.8000000000000006 -0.1 0.0
0.8000000000000006 -0.1 0.0
0.8000000000000006 -0.1 0.0
0.8000000000000006 -0.1 0.0
0.8000000000000006 -0.1 0.0
0.8000000000000006 -0.1 0.0
0.8000000000000006 -0.1 0.0
0.8000000000000006 -0.1 0.0
0.8000000000000006 -0.1 0.0
0.8000000000000006 -0.1 0.0
0.8000000000000006 -0.1 0.0
0.8000000000000006 -0.1 0.0
0.8000000000000006 -0.1 0.0
0.8000000000000006 -0.1 0.0
0.8000000000000006 -0.1 0.0
0.8000000000000006 -0.1 0.0
0.8000000000000006 -0.1 0.0
0.8000000000000006 -0.1 0.0
0.8000000000000006 -0.1 0.0
0.8000000000000006 -0.1 0.0
0.8000000000000006 -0.1 0.0
0.8000000000000006 -0.1 0.0
0.8000000000000006 -0.1 0.0
0.8000000000000006 -0.1 0.0
0.8000000000000006 -0.1 0.0
0.8000000000000006 -0.1 0.0
0.8000000000000006 -0.1 0.0
0.8000000000000006 -0.1 0.0
0.8000000000000006 -0.1 0.0
0.8000000000000006 -0.1 0.0
0.8000000000000006 -0.1 0.0
0.8000000000000006 -0.1 0.0
0.8000000000000006 -0.1 0.0
0.8000000000000006 -0.1 0.0
0.8000000000000006 -0.1 0.0
0.8000000000000006 -0.1 0.0
0.8000000000000006 -0.1 0.0
0.8000000000000006 -0.1 0.0
0.8000000000000006 -0.1 0.0
0.8000000000000006 -0.1 0.0
0.8000000000000006 -0.1 0.0
0.8000000000000006 -0.1 0.0
0.8000000000000006 -0.1 0.0
0.8000000000000006 -0.1 0.0
0.8000000000000006 -0.1 0.0
0.8000000000000006 -0.1 0.0
0.8000000000000006 -0.1 0.0
0.8000000000000006 -0.1 0.0
0.8000000000000006 -0.1 0.0
0.8000000000000006 -0.1 0.0
0.8000000000000006 -0.1 0.0
0.8000000000000006 -0.1 0.0
0.8000000000000006 -0.1 0.0
0.8000000000000006 -0.1 0.0
0.8000000000000006 -0.1 0.0
0.8000000000000006 -0.1 0.0
0.8000000000000006 -0.1 0.0
0.8000000000000006 -0.1 0.0
0.8000000000000006 -0.1 0.0
0.8000000000000006 -0.1 0.0
0.8000000000000006 -0.1 0.0
0.8000000000000006 -0.1 0.0
0.8000000000000006 -0.1 0.0
0.8000000000000006 -0.1 0.0
0.8000000000000006 -0.1 0.0
0.8000000000000006 -0.1 0.0
0.8000000000000006 -0.1 0.0
0.8000000000000006 -0.1 0.0
0.8000000000000006 -0.1 0.0
0.8000000000000006 -0.1 0.0
0.8000000000000006 -0.1 0.0
0.8000000000000006 -0.1 0.0
0.8000000000000006 -0.1 0.0
0.8000000000000006 -0.1 0.0
0.8000000000000006 -0.1 0.0
0.8002425655976683 -0.1 6.345356101624323e-05
0.800960932944607 -0.1 0.0002465106205747605
0.8021411078717208 -0.1 0.0005384556434818824
0.8037690962099131 -0.1 0.000928892961266139
0.805830903790088 -0.1 0.001407746772178259
0.8083125364431493 -0.1 0.00196526114119117
0.8112000000000006 -0.1 0.0025919999999999997
0.8144793002915458 -0.1 0.003278847147022074
0.8181364431486886 -0.1 0.004017006247396917
0.822157434402333 -0.1 0.004798000832986255
0.8265282798833825 -0.1 0.00561367430237401
0.8312349854227411 -0.1 0.006456189920866304
0.8362635568513126 -0.1 0.007318030820491461
0.8416000000000006 -0.1 0.008192
0.847230320699709 -0.1 0.00907122032486464
0.8531405247813417 -0.1 0.009949134527280298
0.8593166180758024 -0.1 0.010819505206164096
0.8657446064139949 -0.1 0.01167641482715535
0.8724104956268228 -0.1 0.012514265722615575
0.8793002915451902 -0.1 0.013327780091628487
0.8864000000000006 -0.1 0.014112
0.8936956268221581 -0.1 0.014862287380258223
0.9011731778425662 -0.1 0.015574324031653479
0.908818658892129 -0.1 0.016244111620158264
0.9166180758017499 -0.1 0.016867971678467306
0.9245574344023331 -0.1 0.0174425456059975
0.932622740524782 -0.1 0.01796479466888796
0.9408000000000006 -0.1 0.018431999999999997
0.9490752186588928 -0.1 0.01884176259891711
0.9574344023323622 -0.1 0.019192003331945026
0.9658635568513126 -0.1 0.01948096293211162
0.9743486880466479 -0.1 0.019707201999167007
0.9828758017492718 -0.1 0.0198696009995835
0.9914309037900881 -0.1 0.019967360266555594
1.0000000000000007 -0.1 0.01999999999999999
1.0085690962099132 -0.1 0.0199673602665556
1.0171241982507295 -0.1 0.0198696009995835
1.0256513119533535 -0.1 0.019707201999167007
1.0341364431486888 -0.1 0.0194809629321116
1.0425655976676393 -0.1 0.019192003331945026
1.0509247813411087 -0.1 0.018841762598917122
1.0592000000000006 -0.1 0.018432000000000004
1.0673772594752193 -0.1 0.01796479466888795
1.0754425655976685 -0.1 0.017442545605997506
1.0833819241982514 -0.1 0.01686797167846729
1.0911813411078726 -0.1 0.016244111620158264
1.098826822157435 -0.1 0.015574324031653486
1.1063043731778435 -0.1 0.014862287380258216
1.1136000000000008 -0.1 0.014112000000000013
1.1206997084548114 -0.1 0.013327780091628494
1.1275895043731787 -0.1 0.012514265722615547
1.1342553935860065 -0.1 0.01167641482715534
1.140683381924199 -0.1 0.01081950520616412
1.1468594752186596 -0.1 0.009949134527280301
1.1527696793002924 -0.1 0.009071220324864626
1.1584000000000008 -0.1 0.008192000000000005
1.163736443148689 -0.1 0.007318030820491456
1.1687650145772601 -0.1 0.006456189920866273
1.1734717201166187 -0.1 0.005613674302374
1.1778425655976683 -0.1 0.004798000832986288
1.1818635568513125 -0.1 0.004017006247396898
1.1855206997084555 -0.1 0.0032788471470220903
1.1888000000000007 -0.1 0.0025920000000000387
1.191687463556852 -0.1 0.001965261141191166
1.1941690962099134 -0.1 0.0014077467721782533
1.1962309037900885 -0.1 0.0009288929612661367
1.1978588921282807 -0.1 0.0005384556434818721
1.1990390670553943 -0.1 0.00024651062057473583
1.1997574344023332 -0.1 6.345356101622457e-05
1.2000000000000008 -0.1 0.0
1.2000000000000008 -0.1 0.0
1.2000000000000008 -0.1 0.0
1.2000000000000008 -0.1 0.0
1.2000000000000008 -0.1 0.0
1.2000000000000008 -0.1 0.0
1.2000000000000008 -0.1 0.0
1.2000000000000008 -0.1 0.0
1.2000000000000008 -0.1 0.0
1.2000000000000008 -0.1 0.0
1.2000000000000008 -0.1 0.0
1.2000000000000008 -0.1 0.0
1.2000000000000008 -0.1 0.0
1.2000000000000008 -0.1 0.0
1.2000000000000008 -0.1 0.0
1.2000000000000008 -0.1 0.0
1.2000000000000008 -0.1 0.0
1.2000000000000008 -0.1 0.0
1.2000000000000008 -0.1 0.0
1.2000000000000008 -0.1 0.0
1.2000000000000008 -0.1 0.0
1.2000000000000008 -0.1 0.0
1.2000000000000008 -0.1 0.0
1.2000000000000008 -0.1 0.0
1.2000000000000008 -0.1 0.0
1.2000000000000008 -0.1 0.0
1.2000000000000008 -0.1 0.0
1.2000000000000008 -0.1 0.0
1.2000000000000008 -0.1 0.0
1.2000000000000008 -0.1 0.0
1.2000000000000008 -0.1 0.0
1.2000000000000008 -0.1 0.0
1.2000000000000008 -0.1 0.0
1.2000000000000008 -0.1 0.0
1.2000000000000008 -0.1 0.0
1.2000000000000008 -0.1 0.0
1.2000000000000008 -0.1 0.0
1.2000000000000008 -0.1 0.0
1.2000000000000008 -0.1 0.0
1.2000000000000008 -0.1 0.0
1.2000000000000008 -0.1 0.0
1.2000000000000008 -0.1 0.0
1.2000000000000008 -0.1 0.0
1.2000000000000008 -0.1 0.0
1.2000000000000008 -0.1 0.0
1.2000000000000008 -0.1 0.0
1.2000000000000008 -0.1 0.0
1.2000000000000008 -0.1 0.0
1.2000000000000008 -0.1 0.0
1.2000000000000008 -0.1 0.0
1.2000000000000008 -0.1 0.0
1.2000000000000008 -0.1 0.0
1.2000000000000008 -0.1 0.0
1.2000000000000008 -0.1 0.0
1.2000000000000008 -0.1 0.0
1.2000000000000008 -0.1 0.0
1.2000000000000008 -0.1 0.0
1.2000000000000008 -0.1 0.0
1.2000000000000008 -0.1 0.0
1.2000000000000008 -0.1 0.0
1.2000000000000008 -0.1 0.0
1.2000000000000008 -0.1 0.0
1.2000000000000008 -0.1 0.0
1.2000000000000008 -0.1 0.0
1.2000000000000008 -0.1 0.0
1.2000000000000008 -0.1 0.0
1.2000000000000008 -0.1 0.0
1.2000000000000008 -0.1 0.0
1.2000000000000008 -0.1 0.0
1.2000000000000008 -0.1 0.0
1.2000000000000008 -0.1 0.0
1.2000000000000008 -0.1 0.0
1.2000000000000008 -0.1 0.0
1.2000000000000008 -0.1 0.0
1.2000000000000008 -0.1 0.0
1.2000000000000008 -0.1 0.0
1.2000000000000008 -0.1 0.0
1.2000000000000008 -0.1 0.0
1.2000000000000008 -0.1 0.0
1.2000000000000008 -0.1 0.0
1.2000000000000008 -0.1 0.0
1.2000000000000008 -0.1 0.0
1.2000000000000008 -0.1 0.0
1.2000000000000008 -0.1 0.0
1.2000000000000008 -0.1 0.0
1.2000000000000008 -0.1 0.0
1.2000000000000008 -0.1 0.0
1.2000000000000008 -0.1 0.0
1.2000000000000008 -0.1 0.0
1.2000000000000008 -0.1 0.0
1.2000000000000008 -0.1 0.0
1.2000000000000008 -0.1 0.0
1.2000000000000008 -0.1 0.0
1.2000000000000008 -0.1 0.0
1.2000000000000008 -0.1 0.0
1.2000000000000008 -0.1 0.0
1.2000000000000008 -0.1 0.0
1.2000000000000008 -0.1 0.0
1.2000000000000008 -0.1 0.0
1.2000000000000008 -0.1 0.0
1.2000000000000008 -0.1 0.0
1.2000000000000008 -0.1 0.0
1.2000000000000008 -0.1 0.0
1.2000000000000008 -0.1 0.0
1.2000000000000008 -0.1 0.0
1.2000000000000008 -0.1 0.0
1.2000000000000008 -0.1 0.0
1.2000000000000008 -0.1 0.0
1.2000000000000008 -0.1 0.0
1.2000000000000008 -0.1 0.0
1.2000000000000008 -0.1 0.0
1.2000000000000008 -0.1 0.0
1.2000000000000008 -0.1 0.0
1.2000000000000008 -0.1 0.0
1.2000000000000008 -0.1 0.0
1.2000000000000008 -0.1 0.0
1.2000000000000008 -0.1 0.0
1.2000000000000008 -0.1 0.0
1.2000000000000008 -0.1 0.0
1.2000000000000008 -0.1 0.0
1.2000000000000008 -0.1 0.0
1.2000000000000008 -0.1 0.0
1.2000000000000008 -0.1 0.0
1.2000000000000008 -0.1 0.0
1.2000000000000008 -0.1 0.0
1.2000000000000008 -0.1 0.0
1.2000000000000008 -0.1 0.0
1.2000000000000008 -0.1 0.0
1.2000000000000008 -0.1 0.0
1.2000000000000008 -0.1 0.0
1.2000000000000008 -0.1 0.0
1.2002425655976685 -0.1 6.345356101624323e-05
1.2009609329446072 -0.1 0.0002465106205747605
1.202141107871721 -0.1 0.0005384556434818824
1.2037690962099135 -0.1 0.000928892961266139
1.2058309037900883 -0.1 0.001407746772178259
1.2083125364431495 -0.1 0.00196526114119117
1.211200000000001 -0.1 0.0025919999999999997
1.214479300291546 -0.1 0.003278847147022074
1.218136443148689 -0.1 0.004017006247396917
1.2221574344023332 -0.1 0.004798000832986255
1.2265282798833828 -0.1 0.00561367430237401
1.2312349854227413 -0.1 0.006456189920866304
1.2362635568513127 -0.1 0.007318030820491461
1.241600000000001 -0.1 0.008192
1.2472303206997093 -0.1 0.00907122032486464
1.253140524781342 -0.1 0.009949134527280298
1.2593166180758026 -0.1 0.010819505206164096
1.265744606413995 -0.1 0.01167641482715535
1.272410495626823 -0.1 0.012514265722615575
1.2793002915451903 -0.1 0.013327780091628487
1.2864000000000009 -0.1 0.014112
1.2936956268221584 -0.1 0.014862287380258223
1.3011731778425666 -0.1 0.015574324031653479
1.3088186588921291 -0.1 0.016244111620158264
1.3166180758017503 -0.1 0.016867971678467306
1.3245574344023332 -0.1 0.0174425456059975
1.3326227405247824 -0.1 0.01796479466888796
1.3408000000000009 -0.1 0.018431999999999997
1.349075218658893 -0.1 0.01884176259891711
1.3574344023323626 -0.1 0.019192003331945026
1.3658635568513129 -0.1 0.01948096293211162
1.3743486880466482 -0.1 0.019707201999167007
1.3828758017492722 -0.1 0.0198696009995835
1.3914309037900885 -0.1 0.019967360266555594
1.400000000000001 -0.1 0.01999999999999999
1.4085690962099136 -0.1 0.0199673602665556
1.4171241982507299 -0.1 0.0198696009995835
1.4256513119533538 -0.1 0.019707201999167007
1.4341364431486892 -0.1 0.0194809629321116
1.4425655976676395 -0.1 0.019192003331945026
1.4509247813411088 -0.1 0.018841762598917122
1.459200000000001 -0.1 0.018432000000000004
1.4673772594752197 -0.1 0.01796479466888795
1.4754425655976688 -0.1 0.017442545605997506
1.4833819241982518 -0.1 0.01686797167846729
1.4911813411078727 -0.1 0.016244111620158264
1.4988268221574355 -0.1 0.015574324031653486
1.5063043731778438 -0.1 0.014862287380258216
1.5136000000000012 -0.1 0.014112000000000013
1.5206997084548115 -0.1 0.013327780091628494
1.5275895043731789 -0.1 0.012514265722615547
1.5342553935860068 -0.1 0.01167641482715534
1.5406833819241994 -0.1 0.01081950520616412
1.54685947521866 -0.1 0.009949134527280301
1.5527696793002925 -0.1 0.009071220324864626
1.5584000000000011 -0.1 0.008192000000000005
1.5637364431486893 -0.1 0.007318030820491456
1.5687650145772605 -0.1 0.006456189920866273
1.573471720116619 -0.1 0.005613674302374
1.5778425655976687 -0.1 0.004798000832986288
1.5818635568513129 -0.1 0.004017006247396898
1.5855206997084559 -0.1 0.0032788471470220903
1.588800000000001 -0.1 0.0025920000000000387
1.5916874635568523 -0.1 0.001965261141191166
1.5941690962099138 -0.1 0.0014077467721782533
1.5962309037900888 -0.1 0.0009288929612661367
1.597858892128281 -0.1 0.0005384556434818721
1.5990390670553947 -0.1 0.00024651062057473583
1.5997574344023335 -0.1 6.345356101622457e-05
1.6000000000000012 -0.1 0.0
1.6000000000000012 -0.1 0.0
1.6000000000000012 -0.1 0.0
1.6000000000000012 -0.1 0.0
1.6000000000000012 -0.1 0.0
1.6000000000000012 -0.1 0.0
1.6000000000000012 -0.1 0.0
1.6000000000000012 -0.1 0.0
1.6000000000000012 -0.1 0.0
1.6000000000000012 -0.1 0.0
1.6000000000000012 -0.1 0.0
1.6000000000000012 -0.1 0.0
1.6000000000000012 -0.1 0.0
1.6000000000000012 -0.1 0.0
1.6000000000000012 -0.1 0.0
1.6000000000000012 -0.1 0.0
1.6000000000000012 -0.1 0.0
1.6000000000000012 -0.1 0.0
1.6000000000000012 -0.1 0.0
1.6000000000000012 -0.1 0.0
1.6000000000000012 -0.1 0.0
1.6000000000000012 -0.1 0.0
1.6000000000000012 -0.1 0.0
1.6000000000000012 -0.1 0.0
1.6000000000000012 -0.1 0.0
1.6000000000000012 -0.1 0.0
1.6000000000000012 -0.1 0.0
1.6000000000000012 -0.1 0.0
1.6000000000000012 -0.1 0.0
1.6000000000000012 -0.1 0.0
1.6000000000000012 -0.1 0.0
1.6000000000000012 -0.1 0.0
1.6000000000000012 -0.1 0.0
1.6000000000000012 -0.1 0.0
1.6000000000000012 -0.1 0.0
1.6000000000000012 -0.1 0.0
1.6000000000000012 -0.1 0.0
1.6000000000000012 -0.1 0.0
1.6000000000000012 -0.1 0.0
1.6000000000000012 -0.1 0.0
1.6000000000000012 -0.1 0.0
1.6000000000000012 -0.1 0.0
1.6000000000000012 -0.1 0.0
1.6000000000000012 -0.1 0.0
1.6000000000000012 -0.1 0.0
1.6000000000000012 -0.1 0.0
1.6000000000000012 -0.1 0.0
1.6000000000000012 -0.1 0.0
1.6000000000000012 -0.1 0.0
1.6000000000000012 -0.1 0.0
1.6000000000000012 -0.1 0.0
1.6000000000000012 -0.1 0.0
1.6000000000000012 -0.1 0.0
1.6000000000000012 -0.1 0.0
1.6000000000000012 -0.1 0.0
1.6000000000000012 -0.1 0.0
1.6000000000000012 -0.1 0.0
1.6000000000000012 -0.1 0.0
1.6000000000000012 -0.1 0.0
1.6000000000000012 -0.1 0.0
1.6000000000000012 -0.1 0.0
1.6000000000000012 -0.1 0.0
1.6000000000000012 -0.1 0.0
1.6000000000000012 -0.1 0.0
1.6000000000000012 -0.1 0.0
1.6000000000000012 -0.1 0.0
1.6000000000000012 -0.1 0.0
1.6000000000000012 -0.1 0.0
1.6000000000000012 -0.1 0.0
1.6000000000000012 -0.1 0.0
1.6000000000000012 -0.1 0.0
1.6000000000000012 -0.1 0.0
1.6000000000000012 -0.1 0.0
1.6000000000000012 -0.1 0.0
1.6000000000000012 -0.1 0.0
1.6000000000000012 -0.1 0.0
1.6000000000000012 -0.1 0.0
1.6000000000000012 -0.1 0.0
1.6000000000000012 -0.1 0.0
1.6000000000000012 -0.1 0.0
1.6000000000000012 -0.1 0.0
1.6000000000000012 -0.1 0.0
1.6000000000000012 -0.1 0.0
1.6000000000000012 -0.1 0.0
1.6000000000000012 -0.1 0.0
1.6000000000000012 -0.1 0.0
1.6000000000000012 -0.1 0.0
1.6000000000000012 -0.1 0.0
1.6000000000000012 -0.1 0.0
1.6000000000000012 -0.1 0.0
1.6000000000000012 -0.1 0.0
1.6000000000000012 -0.1 0.0
1.6000000000000012 -0.1 0.0
1.6000000000000012 -0.1 0.0
1.6000000000000012 -0.1 0.0
1.6000000000000012 -0.1 0.0
1.6000000000000012 -0.1 0.0
1.6000000000000012 -0.1 0.0
1.6000000000000012 -0.1 0.0
1.6000000000000012 -0.1 0.0
1.6000000000000012 -0.1 0.0
1.6000000000000012 -0.1 0.0
1.6000000000000012 -0.1 0.0
1.6000000000000012 -0.1 0.0
1.6000000000000012 -0.1 0.0
1.6000000000000012 -0.1 0.0
1.6000000000000012 -0.1 0.0
1.6000000000000012 -0.1 0.0
1.6000000000000012 -0.1 0.0
1.6000000000000012 -0.1 0.0
1.6000000000000012 -0.1 0.0
1.6000000000000012 -0.1 0.0
1.6000000000000012 -0.1 0.0
1.6000000000000012 -0.1 0.0
1.6000000000000012 -0.1 0.0
1.6000000000000012 -0.1 0.0
1.6000000000000012 -0.1 0.0
1.6000000000000012 -0.1 0.0
1.6000000000000012 -0.1 0.0
1.6000000000000012 -0.1 0.0
1.6000000000000012 -0.1 0.0
1.6000000000000012 -0.1 0.0
1.6000000000000012 -0.1 0.0
1.6000000000000012 -0.1 0.0
1.6000000000000012 -0.1 0.0
1.6000000000000012 -0.1 0.0
1.6000000000000012 -0.1 0.0
1.6000000000000012 -0.1 0.0
1.6000000000000012 -0.1 0.0
1.6000000000000012 -0.1 0.0
1.6000000000000012 -0.1 0.0
1.6002243731778438 -0.1 6.345356101624323e-05
1.600888862973762 -0.1 0.0002465106205747605
1.6019805247813423 -0.1 0.0005384556434818824
1.6034864139941702 -0.1 0.000928892961266139
1.6053935860058322 -0.1 0.001407746772178259
1.6076890962099137 -0.1 0.00196526114119117
1.6103600000000013 -0.1 0.0025919999999999997
1.6133933527696807 -0.1 0.003278847147022074
1.6167762099125378 -0.1 0.004017006247396917
1.6204956268221589 -0.1 0.004798000832986255
1.6245386588921298 -0.1 0.00561367430237401
1.6288923615160364 -0.1 0.006456189920866304
1.6335437900874652 -0.1 0.007318030820491461
1.6384800000000015 -0.1 0.008192
1.643688046647232 -0.1 0.00907122032486464
1.6491549854227423 -0.1 0.009949134527280298
1.6548678717201184 -0.1 0.010819505206164096
1.6608137609329463 -0.1 0.01167641482715535
1.6669797084548124 -0.1 0.012514265722615575
1.6733527696793022 -0.1 0.013327780091628487
1.679920000000002 -0.1 0.014112
1.6866684548104978 -0.1 0.014862287380258223
1.6935851895043754 -0.1 0.015574324031653479
1.700657259475221 -0.1 0.016244111620158264
1.7078717201166203 -0.1 0.016867971678467306
1.7152156268221597 -0.1 0.0174425456059975
1.722676034985425 -0.1 0.01796479466888796
1.7302400000000024 -0.1 0.018431999999999997
1.7378945772594778 -0.1 0.01884176259891711
1.745626822157437 -0.1 0.019192003331945026
1.7534237900874663 -0.1 0.01948096293211162
1.7612725364431514 -0.1 0.019707201999167007
1.7691601166180786 -0.1 0.0198696009995835
1.7770735860058338 -0.1 0.019967360266555594
1.785000000000003 -0.1 0.01999999999999999
1.7929264139941723 -0.1 0.0199673602665556
1.8008398833819275 -0.1 0.0198696009995835
1.8087274635568547 -0.1 0.019707201999167007
1.8165762099125398 -0.1 0.0194809629321116
1.8243731778425691 -0.1 0.019192003331945026
1.8321054227405282 -0.1 0.018841762598917122
1.8397600000000036 -0.1 0.018432000000000004
1.847323965014581 -0.1 0.01796479466888795
1.8547843731778464 -0.1 0.017442545605997506
1.8621282798833856 -0.1 0.01686797167846729
1.869342740524785 -0.1 0.016244111620158264
1.8764148104956306 -0.1 0.015574324031653486
1.8833315451895083 -0.1 0.014862287380258216
1.890080000000004 -0.1 0.014112000000000013
1.8966472303207038 -0.1 0.013327780091628494
1.9030202915451937 -0.1 0.012514265722615547
1.9091862390670595 -0.1 0.01167641482715534
1.9151321282798877 -0.1 0.01081950520616412
1.9208450145772638 -0.1 0.009949134527280301
1.9263119533527742 -0.1 0.009071220324864626
1.9315200000000043 -0.1 0.008192000000000005
1.9364562099125409 -0.1 0.007318030820491456
1.9411076384839694 -0.1 0.006456189920866273
1.9454613411078763 -0.1 0.005613674302374
1.949504373177847 -0.1 0.004798000832986288
1.953223790087468 -0.1 0.004017006247396898
1.9566066472303254 -0.1 0.0032788471470220903
1.9596400000000047 -0.1 0.0025920000000000387
1.962310903790092 -0.1 0.001965261141191166
1.964606413994174 -0.1 0.0014077467721782533
1.9665135860058358 -0.1 0.0009288929612661367
1.9680194752186637 -0.1 0.0005384556434818721
1.9691111370262437 -0.1 0.00024651062057473583
1.969775626822162 -0.1 6.345356101622457e-05
1.9700000000000049 -0.1 0.0
1.9700000000000049 -0.1 0.0
1.9700000000000049 -0.1 0.0
1.9700000000000049 -0.1 0.0
1.9700000000000049 -0.1 0.0
1.9700000000000049 -0.1 0.0
1.9700000000000049 -0.1 0.0
1.9700000000000049 -0.1 0.0
1.9700000000000049 -0.1 0.0
1.9700000000000049 -0.1 0.0
1.9700000000000049 -0.1 0.0
1.9700000000000049 -0.1 0.0
1.9700000000000049 -0.1 0.0
1.9700000000000049 -0.1 0.0
1.9700000000000049 -0.1 0.0
1.9700000000000049 -0.1 0.0
1.9700000000000049 -0.1 0.0
1.9700000000000049 -0.1 0.0
1.9700000000000049 -0.1 0.0
1.9700000000000049 -0.1 0.0
1.9700000000000049 -0.1 0.0
1.9700000000000049 -0.1 0.0
1.9700000000000049 -0.1 0.0
1.9700000000000049 -0.1 0.0
1.9700000000000049 -0.1 0.0
1.9700000000000049 -0.1 0.0
1.9700000000000049 -0.1 0.0
1.9700000000000049 -0.1 0.0
1.9700000000000049 -0.1 0.0
1.9700000000000049 -0.1 0.0
1.9700000000000049 -0.1 0.0
1.9700000000000049 -0.1 0.0
1.9700000000000049 -0.1 0.0
1.9700000000000049 -0.1 0.0
1.9700000000000049 -0.1 0.0
1.9700000000000049 -0.1 0.0
1.9700000000000049 -0.1 0.0
1.9700000000000049 -0.1 0.0
1.9700000000000049 -0.1 0.0
1.9700000000000049 -0.1 0.0
1.9700000000000049 -0.1 0.0
1.9700000000000049 -0.1 0.0
1.9700000000000049 -0.1 0.0
1.9700000000000049 -0.1 0.0
1.9700000000000049 -0.1 0.0
1.9700000000000049 -0.1 0.0
1.9700000000000049 -0.1 0.0
1.9700000000000049 -0.1 0.0
1.9700000000000049 -0.1 0.0
1.9700000000000049 -0.1 0.0
1.9700000000000049 -0.1 0.0
1.9700000000000049 -0.1 0.0
1.9700000000000049 -0.1 0.0
1.9700000000000049 -0.1 0.0
1.9700000000000049 -0.1 0.0
1.9700000000000049 -0.1 0.0
1.9700000000000049 -0.1 0.0
1.9700000000000049 -0.1 0.0
1.9700000000000049 -0.1 0.0
1.9700000000000049 -0.1 0.0
1.9700000000000049 -0.1 0.0
1.9700000000000049 -0.1 0.0
1.9700000000000049 -0.1 0.0
1.9700000000000049 -0.1 0.0
1.9700000000000049 -0.1 0.0
1.9700000000000049 -0.1 0.0
1.9700000000000049 -0.1 0.0
1.9700000000000049 -0.1 0.0
1.9700000000000049 -0.1 0.0
1.9700000000000049 -0.1 0.0
1.9700000000000049 -0.1 0.0
1.9700000000000049 -0.1 0.0
1.9700000000000049 -0.1 0.0
1.9700000000000049 -0.1 0.0
1.9700000000000049 -0.1 0.0
1.9700000000000049 -0.1 0.0
1.9700000000000049 -0.1 0.0
1.9700000000000049 -0.1 0.0
1.9700000000000049 -0.1 0.0
1.9700000000000049 -0.1 0.0
1.9700000000000049 -0.1 0.0
1.9700000000000049 -0.1 0.0
1.9700000000000049 -0.1 0.0
1.9700000000000049 -0.1 0.0
1.9700000000000049 -0.1 0.0
1.9700000000000049 -0.1 0.0
1.9700000000000049 -0.1 0.0
1.9700000000000049 -0.1 0.0
1.9700000000000049 -0.1 0.0
1.9700000000000049 -0.1 0.0
1.9700000000000049 -0.1 0.0
1.9700000000000049 -0.1 0.0
1.9700000000000049 -0.1 0.0
1.9700000000000049 -0.1 0.0
1.9700000000000049 -0.1 0.0
1.9700000000000049 -0.1 0.0
1.9700000000000049 -0.1 0.0
1.9700000000000049 -0.1 0.0
1.9700000000000049 -0.1 0.0
1.9700000000000049 -0.1 0.0
1.9700000000000049 -0.1 0.0
1.9700000000000049 -0.1 0.0
1.9700000000000049 -0.1 0.0
1.9700000000000049 -0.1 0.0
1.9700000000000049 -0.1 0.0
1.9700000000000049 -0.1 0.0
1.9700000000000049 -0.1 0.0
1.9700000000000049 -0.1 0.0
1.9700000000000049 -0.1 0.0
1.9700000000000049 -0.1 0.0
1.9700000000000049 -0.1 0.0
1.9700000000000049 -0.1 0.0
1.9700000000000049 -0.1 0.0
1.9700000000000049 -0.1 0.0
1.9700000000000049 -0.1 0.0
1.9700000000000049 -0.1 0.0
1.9700000000000049 -0.1 0.0
1.9700000000000049 -0.1 0.0
1.9700000000000049 -0.1 0.0
1.9700000000000049 -0.1 0.0
1.9700000000000049 -0.1 0.0
1.9700000000000049 -0.1 0.0
1.9700000000000049 -0.1 0.0
1.9700000000000049 -0.1 0.0
1.9700000000000049 -0.1 0.0
1.9700000000000049 -0.1 0.0
1.9700000000000049 -0.1 0.0
1.9700000000000049 -0.1 0.0
1.9700000000000049 -0.1 0.0
1.9700000000000049 -0.1 0.0
1.9700000000000049 -0.1 0.0
1.9702061807580225 -0.1 6.345356101624323e-05
1.9708167930029203 -0.1 0.0002465106205747605
1.971819941690967 -0.1 0.0005384556434818824
1.9732037317784306 -0.1 0.000928892961266139
1.9749562682215793 -0.1 0.001407746772178259
1.9770656559766815 -0.1 0.00196526114119117
1.979520000000005 -0.1 0.0025919999999999997
1.9823074052478185 -0.1 0.003278847147022074
1.98541597667639 -0.1 0.004017006247396917
1.9888338192419877 -0.1 0.004798000832986255
1.99254903790088 -0.1 0.00561367430237401
1.9965497376093349 -0.1 0.006456189920866304
2.0008240233236205 -0.1 0.007318030820491461
2.0053600000000054 -0.1 0.008192
2.010145772594758 -0.1 0.00907122032486464
2.015169446064146 -0.1 0.009949134527280298
2.0204191253644375 -0.1 0.010819505206164096
2.025882915451901 -0.1 0.01167641482715535
2.031548921282805 -0.1 0.012514265722615575
2.0374052478134175 -0.1 0.013327780091628487
2.043440000000006 -0.1 0.014112
2.04964128279884 -0.1 0.014862287380258223
2.0559972011661873 -0.1 0.015574324031653479
2.062495860058316 -0.1 0.016244111620158264
2.0691253644314935 -0.1 0.016867971678467306
2.0758738192419894 -0.1 0.0174425456059975
2.0827293294460714 -0.1 0.01796479466888796
2.089680000000007 -0.1 0.018431999999999997
2.0967139358600657 -0.1 0.01884176259891711
2.1038192419825146 -0.1 0.019192003331945026
2.110984023323623 -0.1 0.01948096293211162
2.118196384839658 -0.1 0.019707201999167007
2.1254444314868883 -0.1 0.0198696009995835
2.1327162682215826 -0.1 0.019967360266555594
2.140000000000008 -0.1 0.01999999999999999
2.147283731778434 -0.1 0.0199673602665556
2.154555568513128 -0.1 0.0198696009995835
2.1618036151603586 -0.1 0.019707201999167007
2.1690159766763935 -0.1 0.0194809629321116
2.1761807580175017 -0.1 0.019192003331945026
2.183286064139951 -0.1 0.018841762598917122
2.190320000000009 -0.1 0.018432000000000004
2.1972706705539453 -0.1 0.01796479466888795
2.204126180758027 -0.1 0.017442545605997506
2.2108746355685227 -0.1 0.01686797167846729
2.217504139941701 -0.1 0.016244111620158264
2.224002798833829 -0.1 0.015574324031653486
2.230358717201176 -0.1 0.014862287380258216
2.23656000000001 -0.1 0.014112000000000013
2.242594752186599 -0.1 0.013327780091628494
2.2484510787172116 -0.1 0.012514265722615547
2.2541170845481155 -0.1 0.01167641482715534
2.259580874635579 -0.1 0.01081950520616412
2.264830553935871 -0.1 0.009949134527280301
2.2698542274052587 -0.1 0.009071220324864626
2.274640000000011 -0.1 0.008192000000000005
2.2791759766763957 -0.1 0.007318030820491456
2.2834502623906814 -0.1 0.006456189920866273
2.2874509620991366 -0.1 0.005613674302374
2.2911661807580286 -0.1 0.004798000832986288
2.294584023323626 -0.1 0.004017006247396898
2.297692594752198 -0.1 0.0032788471470220903
2.3004800000000114 -0.1 0.0025920000000000387
2.302934344023335 -0.1 0.001965261141191166
2.305043731778437 -0.1 0.0014077467721782533
2.3067962682215857 -0.1 0.0009288929612661367
2.3081800583090493 -0.1 0.0005384556434818721
2.309183206997096 -0.1 0.00024651062057473583
2.309793819241994 -0.1 6.345356101622457e-05
2.3100000000000116 -0.1 0.0
2.3100000000000116 -0.1 0.0
2.3100000000000116 -0.1 0.0
2.3100000000000116 -0.1 0.0
2.3100000000000116 -0.1 0.0
2.3100000000000116 -0.1 0.0
2.3100000000000116 -0.1 0.0
2.3100000000000116 -0.1 0.0
2.3100000000000116 -0.1 0.0
2.3100000000000116 -0.1 0.0
2.3100000000000116 -0.1 0.0
2.3100000000000116 -0.1 0.0
2.3100000000000116 -0.1 0.0
2.3100000000000116 -0.1 0.0
2.3100000000000116 -0.1 0.0
2.3100000000000116 -0.1 0.0
2.3100000000000116 -0.1 0.0
2.3100000000000116 -0.1 0.0
2.3100000000000116 -0.1 0.0
2.3100000000000116 -0.1 0.0
2.3100000000000116 -0.1 0.0
2.3100000000000116 -0.1 0.0
2.3100000000000116 -0.1 0.0
2.3100000000000116 -0.1 0.0
2.3100000000000116 -0.1 0.0
2.3100000000000116 -0.1 0.0
2.3100000000000116 -0.1 0.0
2.3100000000000116 -0.1 0.0
2.3100000000000116 -0.1 0.0
2.3100000000000116 -0.1 0.0
2.3100000000000116 -0.1 0.0
2.3100000000000116 -0.1 0.0
2.3100000000000116 -0.1 0.0
2.3100000000000116 -0.1 0.0
2.3100000000000116 -0.1 0.0
2.3100000000000116 -0.1 0.0
2.3100000000000116 -0.1 0.0
2.3100000000000116 -0.1 0.0
2.3100000000000116 -0.1 0.0
2.3100000000000116 -0.1 0.0
2.3100000000000116 -0.1 0.0
2.3100000000000116 -0.1 0.0
2.3100000000000116 -0.1 0.0
2.3100000000000116 -0.1 0.0
2.3100000000000116 -0.1 0.0
2.3100000000000116 -0.1 0.0
2.3100000000000116 -0.1 0.0
2.3100000000000116 -0.1 0.0
2.3100000000000116 -0.1 0.0
2.3100000000000116 -0.1 0.0
2.3100000000000116 -0.1 0.0
2.3100000000000116 -0.1 0.0
2.3100000000000116 -0.1 0.0
2.3100000000000116 -0.1 0.0
2.3100000000000116 -0.1 0.0
2.3100000000000116 -0.1 0.0
2.3100000000000116 -0.1 0.0
2.3100000000000116 -0.1 0.0
2.3100000000000116 -0.1 0.0
2.3100000000000116 -0.1 0.0
2.3100000000000116 -0.1 0.0
2.3100000000000116 -0.1 0.0
2.3100000000000116 -0.1 0.0
2.3100000000000116 -0.1 0.0
2.3100000000000116 -0.1 0.0
2.3100000000000116 -0.1 0.0
2.3100000000000116 -0.1 0.0
2.3100000000000116 -0.1 0.0
2.3100000000000116 -0.1 0.0
2.3100000000000116 -0.1 0.0
2.3100000000000116 -0.1 0.0
2.3100000000000116 -0.1 0.0
2.3100000000000116 -0.1 0.0
2.3100000000000116 -0.1 0.0
2.3100000000000116 -0.1 0.0
2.3100000000000116 -0.1 0.0
2.3100000000000116 -0.1 0.0
2.3100000000000116 -0.1 0.0
2.3100000000000116 -0.1 0.0
2.3100000000000116 -0.1 0.0
2.3100000000000116 -0.1 0.0
2.3100000000000116 -0.1 0.0
2.3100000000000116 -0.1 0.0
2.3100000000000116 -0.1 0.0
2.3100000000000116 -0.1 0.0
2.3100000000000116 -0.1 0.0
2.3100000000000116 -0.1 0.0
2.3100000000000116 -0.1 0.0
2.3100000000000116 -0.1 0.0
2.3100000000000116 -0.1 0.0
2.3100000000000116 -0.1 0.0
2.3100000000000116 -0.1 0.0
2.3100000000000116 -0.1 0.0
2.3100000000000116 -0.1 0.0
2.3100000000000116 -0.1 0.0
2.3100000000000116 -0.1 0.0
2.3100000000000116 -0.1 0.0
2.3100000000000116 -0.1 0.0
2.3100000000000116 -0.1 0.0
2.3100000000000116 -0.1 0.0
2.3100000000000116 -0.1 0.0
2.3100000000000116 -0.1 0.0
2.3100000000000116 -0.1 0.0
2.3100000000000116 -0.1 0.0
2.3100000000000116 -0.1 0.0
2.3100000000000116 -0.1 0.0
2.3100000000000116 -0.1 0.0
2.3100000000000116 -0.1 0.0
2.3100000000000116 -0.1 0.0
2.3100000000000116 -0.1 0.0
2.3100000000000116 -0.1 0.0
2.3100000000000116 -0.1 0.0
2.3100000000000116 -0.1 0.0
2.3100000000000116 -0.1 0.0
2.3100000000000116 -0.1 0.0
2.3100000000000116 -0.1 0.0
2.3100000000000116 -0.1 0.0
2.3100000000000116 -0.1 0.0
2.3100000000000116 -0.1 0.0
2.3100000000000116 -0.1 0.0
2.3100000000000116 -0.1 0.0
2.3100000000000116 -0.1 0.0
2.3100000000000116 -0.1 0.0
2.3100000000000116 -0.1 0.0
2.3100000000000116 -0.1 0.0
2.3100000000000116 -0.1 0.0
2.3100000000000116 -0.1 0.0
2.3100000000000116 -0.1 0.0
2.3100000000000116 -0.1 0.0
2.3100000000000116 -0.1 0.0
2.3100000000000116 -0.1 0.0
2.310163731778437 -0.1 6.345356101624323e-05
2.3106486297376208 -0.1 0.0002465106205747605
2.3114452478134226 -0.1 0.0005384556434818824
2.3125441399417026 -0.1 0.000928892961266139
2.3139358600583204 -0.1 0.001407746772178259
2.3156109620991367 -0.1 0.00196526114119117
2.3175600000000114 -0.1 0.0025919999999999997
2.319773527696804 -0.1 0.003278847147022074
2.3222420991253756 -0.1 0.004017006247396917
2.3249562682215856 -0.1 0.004798000832986255
2.327906588921294 -0.1 0.00561367430237401
2.331083615160361 -0.1 0.006456189920866304
2.3344779008746466 -0.1 0.007318030820491461
2.338080000000011 -0.1 0.008192
2.341880466472314 -0.1 0.00907122032486464
2.345869854227416 -0.1 0.009949134527280298
2.3500387172011767 -0.1 0.010819505206164096
2.3543776093294566 -0.1 0.01167641482715535
2.3588770845481153 -0.1 0.012514265722615575
2.363527696793013 -0.1 0.013327780091628487
2.36832000000001 -0.1 0.014112
2.373244548104966 -0.1 0.014862287380258223
2.3782918950437413 -0.1 0.015574324031653479
2.383452594752196 -0.1 0.016244111620158264
2.38871720116619 -0.1 0.016867971678467306
2.3940762682215837 -0.1 0.0174425456059975
2.3995203498542366 -0.1 0.01796479466888796
2.405040000000009 -0.1 0.018431999999999997
2.410625772594761 -0.1 0.01884176259891711
2.4162682215743527 -0.1 0.019192003331945026
2.421957900874644 -0.1 0.01948096293211162
2.427685364431495 -0.1 0.019707201999167007
2.4334411661807662 -0.1 0.0198696009995835
2.439215860058317 -0.1 0.019967360266555594
2.445000000000008 -0.1 0.01999999999999999
2.4507841399416987 -0.1 0.0199673602665556
2.4565588338192494 -0.1 0.0198696009995835
2.4623146355685206 -0.1 0.019707201999167007
2.4680420991253715 -0.1 0.0194809629321116
2.473731778425663 -0.1 0.019192003331945026
2.4793742274052546 -0.1 0.018841762598917122
2.4849600000000067 -0.1 0.018432000000000004
2.490479650145779 -0.1 0.01796479466888795
2.495923731778432 -0.1 0.017442545605997506
2.5012827988338255 -0.1 0.01686797167846729
2.5065474052478196 -0.1 0.016244111620158264
2.5117081049562744 -0.1 0.015574324031653486
2.5167554518950497 -0.1 0.014862287380258216
2.5216800000000057 -0.1 0.014112000000000013
2.5264723032070027 -0.1 0.013327780091628494
2.5311229154519004 -0.1 0.012514265722615547
2.535622390670559 -0.1 0.01167641482715534
2.539961282798839 -0.1 0.01081950520616412
2.5441301457725998 -0.1 0.009949134527280301
2.548119533527702 -0.1 0.009071220324864626
2.551920000000005 -0.1 0.008192000000000005
2.555522099125369 -0.1 0.007318030820491456
2.558916384839655 -0.1 0.006456189920866273
2.5620934110787217 -0.1 0.005613674302374
2.56504373177843 -0.1 0.004798000832986288
2.56775790087464 -0.1 0.004017006247396898
2.570226472303211 -0.1 0.0032788471470220903
2.5724400000000043 -0.1 0.0025920000000000387
2.574389037900879 -0.1 0.001965261141191166
2.5760641399416953 -0.1 0.0014077467721782533
2.577455860058313 -0.1 0.0009288929612661367
2.578554752186593 -0.1 0.0005384556434818721
2.579351370262395 -0.1 0.00024651062057473583
2.5798362682215785 -0.1 6.345356101622457e-05
2.580000000000004 -0.1 0.0
2.580000000000004 -0.1 0.0
2.580000000000004 -0.1 0.0
2.580000000000004 -0.1 0.0
2.580000000000004 -0.1 0.0
2.580000000000004 -0.1 0.0
2.580000000000004 -0.1 0.0
2.580000000000004 -0.1 0.0
2.580000000000004 -0.1 0.0
2.580000000000004 -0.1 0.0
2.580000000000004 -0.1 0.0
2.580000000000004 -0.1 0.0
2.580000000000004 -0.1 0.0
2.580000000000004 -0.1 0.0
2.580000000000004 -0.1 0.0
2.580000000000004 -0.1 0.0
2.580000000000004 -0.1 0.0
2.580000000000004 -0.1 0.0
2.580000000000004 -0.1 0.0
2.580000000000004 -0.1 0.0
2.580000000000004 -0.1 0.0
2.580000000000004 -0.1 0.0
2.580000000000004 -0.1 0.0
2.580000000000004 -0.1 0.0
2.580000000000004 -0.1 0.0
2.580000000000004 -0.1 0.0
2.580000000000004 -0.1 0.0
2.580000000000004 -0.1 0.0
2.580000000000004 -0.1 0.0
2.580000000000004 -0.1 0.0
2.580000000000004 -0.1 0.0
2.580000000000004 -0.1 0.0
2.580000000000004 -0.1 0.0
2.580000000000004 -0.1 0.0
2.580000000000004 -0.1 0.0
2.580000000000004 -0.1 0.0
2.580000000000004 -0.1 0.0
2.580000000000004 -0.1 0.0
2.580000000000004 -0.1 0.0
2.580000000000004 -0.1 0.0
2.580000000000004 -0.1 0.0
2.580000000000004 -0.1 0.0
2.580000000000004 -0.1 0.0
2.580000000000004 -0.1 0.0
2.580000000000004 -0.1 0.0
2.580000000000004 -0.1 0.0
2.580000000000004 -0.1 0.0
2.580000000000004 -0.1 0.0
2.580000000000004 -0.1 0.0
2.580000000000004 -0.1 0.0
2.580000000000004 -0.1 0.0
2.580000000000004 -0.1 0.0
2.580000000000004 -0.1 0.0
2.580000000000004 -0.1 0.0
2.580000000000004 -0.1 0.0
2.580000000000004 -0.1 0.0
2.580000000000004 -0.1 0.0
2.580000000000004 -0.1 0.0
2.580000000000004 -0.1 0.0
2.580000000000004 -0.1 0.0
2.580000000000004 -0.1 0.0
2.580000000000004 -0.1 0.0
2.580000000000004 -0.1 0.0
2.580000000000004 -0.1 0.0
2.580000000000004 -0.1 0.0
2.580000000000004 -0.1 0.0
2.580000000000004 -0.1 0.0
2.580000000000004 -0.1 0.0
2.580000000000004 -0.1 0.0
2.580000000000004 -0.1 0.0
2.580000000000004 -0.1 0.0
2.580000000000004 -0.1 0.0
2.580000000000004 -0.1 0.0
2.580000000000004 -0.1 0.0
2.580000000000004 -0.1 0.0
2.580000000000004 -0.1 0.0
2.580000000000004 -0.1 0.0
2.580000000000004 -0.1 0.0
2.580000000000004 -0.1 0.0
2.580000000000004 -0.1 0.0
2.580000000000004 -0.1 0.0
2.580000000000004 -0.1 0.0
2.580000000000004 -0.1 0.0
2.580000000000004 -0.1 0.0
2.580000000000004 -0.1 0.0
2.580000000000004 -0.1 0.0
2.580000000000004 -0.1 0.0
2.580000000000004 -0.1 0.0
2.580000000000004 -0.1 0.0
2.580000000000004 -0.1 0.0
2.580000000000004 -0.1 0.0
2.580000000000004 -0.1 0.0
2.580000000000004 -0.1 0.0
2.580000000000004 -0.1 0.0
2.580000000000004 -0.1 0.0
2.580000000000004 -0.1 0.0
2.580000000000004 -0.1 0.0
2.580000000000004 -0.1 0.0
2.580000000000004 -0.1 0.0
2.580000000000004 -0.1 0.0
2.580000000000004 -0.1 0.0
2.580000000000004 -0.1 0.0
2.580000000000004 -0.1 0.0
2.580000000000004 -0.1 0.0
2.580000000000004 -0.1 0.0
2.580000000000004 -0.1 0.0
2.580000000000004 -0.1 0.0
2.580000000000004 -0.1 0.0
2.580000000000004 -0.1 0.0
2.580000000000004 -0.1 0.0
2.580000000000004 -0.1 0.0
2.580000000000004 -0.1 0.0
2.580000000000004 -0.1 0.0
2.580000000000004 -0.1 0.0
2.580000000000004 -0.1 0.0
2.580000000000004 -0.1 0.0
2.580000000000004 -0.1 0.0
2.580000000000004 -0.1 0.0
2.580000000000004 -0.1 0.0
2.580000000000004 -0.1 0.0
2.580000000000004 -0.1 0.0
2.580000000000004 -0.1 0.0
2.580000000000004 -0.1 0.0
2.580000000000004 -0.1 0.0
2.580000000000004 -0.1 0.0
2.580000000000004 -0.1 0.0
2.580000000000004 -0.1 0.0
2.580000000000004 -0.1 0.0
2.580000000000004 -0.1 0.0
2.580000000000004 -0.1 0.0
2.580000000000004 -0.1 0.0
2.580060641399421 -0.1 6.345356101624323e-05
2.5802402332361556 -0.1 0.0002465106205747605
2.580535276967934 -0.1 0.0005384556434818824
2.580942274052482 -0.1 0.000928892961266139
2.581457725947526 -0.1 0.001407746772178259
2.582078134110791 -0.1 0.00196526114119117
2.5828000000000038 -0.1 0.0025919999999999997
2.58361982507289 -0.1 0.003278847147022074
2.5845341107871755 -0.1 0.004017006247396917
2.5855393586005864 -0.1 0.004798000832986255
2.586632069970849 -0.1 0.00561367430237401
2.5878087463556882 -0.1 0.006456189920866304
2.589065889212831 -0.1 0.007318030820491461
2.590400000000003 -0.1 0.008192
2.59180758017493 -0.1 0.00907122032486464
2.593285131195338 -0.1 0.009949134527280298
2.594829154518953 -0.1 0.010819505206164096
2.5964361516035006 -0.1 0.01167641482715535
2.5981026239067075 -0.1 0.012514265722615575
2.5998250728862993 -0.1 0.013327780091628487
2.6016000000000017 -0.1 0.014112
2.6034239067055407 -0.1 0.014862287380258223
2.6052932944606426 -0.1 0.015574324031653479
2.6072046647230334 -0.1 0.016244111620158264
2.6091545189504384 -0.1 0.016867971678467306
2.6111393586005835 -0.1 0.0174425456059975
2.6131556851311957 -0.1 0.01796479466888796
2.6152 -0.1 0.018431999999999997
2.617268804664723 -0.1 0.01884176259891711
2.61935860058309 -0.1 0.019192003331945026
2.6214658892128275 -0.1 0.01948096293211162
2.623587172011661 -0.1 0.019707201999167007
2.625718950437317 -0.1 0.0198696009995835
2.6278577259475204 -0.1 0.019967360266555594
2.6299999999999986 -0.1 0.01999999999999999
2.6321422740524762 -0.1 0.0199673602665556
2.6342810495626803 -0.1 0.0198696009995835
2.636412827988336 -0.1 0.019707201999167007
2.6385341107871696 -0.1 0.0194809629321116
2.640641399416907 -0.1 0.019192003331945026
2.642731195335274 -0.1 0.018841762598917122
2.644799999999997 -0.1 0.018432000000000004
2.6468443148688015 -0.1 0.01796479466888795
2.6488606413994136 -0.1 0.017442545605997506
2.6508454810495587 -0.1 0.01686797167846729
2.6527953352769638 -0.1 0.016244111620158264
2.6547067055393545 -0.1 0.015574324031653486
2.6565760932944564 -0.1 0.014862287380258216
2.6583999999999954 -0.1 0.014112000000000013
2.660174927113698 -0.1 0.013327780091628494
2.6618973760932896 -0.1 0.012514265722615547
2.6635638483964965 -0.1 0.01167641482715534
2.665170845481044 -0.1 0.01081950520616412
2.666714868804659 -0.1 0.009949134527280301
2.668192419825067 -0.1 0.009071220324864626
2.669599999999994 -0.1 0.008192000000000005
2.670934110787166 -0.1 0.007318030820491456
2.672191253644309 -0.1 0.006456189920866273
2.673367930029148 -0.1 0.005613674302374
2.6744606413994108 -0.1 0.004798000832986288
2.6754658892128216 -0.1 0.004017006247396898
2.676380174927107 -0.1 0.0032788471470220903
2.6771999999999934 -0.1 0.0025920000000000387
2.677921865889206 -0.1 0.001965261141191166
2.678542274052471 -0.1 0.0014077467721782533
2.6790577259475152 -0.1 0.0009288929612661367
2.679464723032063 -0.1 0.0005384556434818721
2.6797597667638415 -0.1 0.00024651062057473583
2.679939358600576 -0.1 6.345356101622457e-05
2.679999999999993 -0.1 0.0
2.679999999999993 -0.1 0.0
2.679999999999993 -0.1 0.0
2.679999999999993 -0.1 0.0
2.679999999999993 -0.1 0.0
2.679999999999993 -0.1 0.0
2.679999999999993 -0.1 0.0
2.679999999999993 -0.1 0.0
2.679999999999993 -0.1 0.0
2.679999999999993 -0.1 0.0
2.679999999999993 -0.1 0.0
2.679999999999993 -0.1 0.0
2.679999999999993 -0.1 0.0
2.679999999999993 -0.1 0.0
2.679999999999993 -0.1 0.0
2.679999999999993 -0.1 0.0
2.679999999999993 -0.1 0.0
2.679999999999993 -0.1 0.0
2.679999999999993 -0.1 0.0
2.679999999999993 -0.1 0.0
2.679999999999993 -0.1 0.0
2.679999999999993 -0.1 0.0
2.679999999999993 -0.1 0.0
2.679999999999993 -0.1 0.0
2.679999999999993 -0.1 0.0
2.679999999999993 -0.1 0.0
2.679999999999993 -0.1 0.0
2.679999999999993 -0.1 0.0
2.679999999999993 -0.1 0.0
2.679999999999993 -0.1 0.0
