1.0310923973763693e-17 0.10163857612916291 -1.3877787807814457e-17
1.0310923973763693e-17 0.10163857612916291 -1.3877787807814457e-17
1.0310923973763693e-17 0.10163857612916291 -1.3877787807814457e-17
1.0310923973763693e-17 0.10163857612916291 -1.3877787807814457e-17
1.0310923973763693e-17 0.10163857612916291 -1.3877787807814457e-17
1.0310923973763693e-17 0.10163857612916291 -1.3877787807814457e-17
1.0310923973763693e-17 0.10163857612916291 -1.3877787807814457e-17
1.0310923973763693e-17 0.10163857612916291 -1.3877787807814457e-17
1.0310923973763693e-17 0.10163857612916291 -1.3877787807814457e-17
1.0310923973763693e-17 0.10163857612916291 -1.3877787807814457e-17
1.0310923973763693e-17 0.10163857612916291 -1.3877787807814457e-17
1.0310923973763693e-17 0.10163857612916291 -1.3877787807814457e-17
1.0310923973763693e-17 0.10163857612916291 -1.3877787807814457e-17
1.0310923973763693e-17 0.10163857612916291 -1.3877787807814457e-17
1.0310923973763693e-17 0.10163857612916291 -1.3877787807814457e-17
1.0310923973763693e-17 0.10163857612916291 -1.3877787807814457e-17
1.0310923973763693e-17 0.10163857612916291 -1.3877787807814457e-17
1.0310923973763693e-17 0.10163857612916291 -1.3877787807814457e-17
1.0310923973763693e-17 0.10163857612916291 -1.3877787807814457e-17
1.0310923973763693e-17 0.10163857612916291 -1.3877787807814457e-17
1.0310923973763693e-17 0.10163857612916291 -1.3877787807814457e-17
1.0310923973763693e-17 0.10163857612916291 -1.3877787807814457e-17
1.0310923973763693e-17 0.10163857612916291 -1.3877787807814457e-17
1.0310923973763693e-17 0.10163857612916291 -1.3877787807814457e-17
1.0310923973763693e-17 0.10163857612916291 -1.3877787807814457e-17
1.0310923973763693e-17 0.10163857612916291 -1.3877787807814457e-17
1.0310923973763693e-17 0.10163857612916291 -1.3877787807814457e-17
1.0310923973763693e-17 0.10163857612916291 -1.3877787807814457e-17
1.0310923973763693e-17 0.10163857612916291 -1.3877787807814457e-17
1.0310923973763693e-17 0.10163857612916291 -1.3877787807814457e-17
1.0310923973763693e-17 0.10163857612916291 -1.3877787807814457e-17
1.0310923973763693e-17 0.10163857612916291 -1.3877787807814457e-17
1.0310923973763693e-17 0.10163857612916291 -1.3877787807814457e-17
1.0310923973763693e-17 0.10163857612916291 -1.3877787807814457e-17
1.0310923973763693e-17 0.10163857612916291 -1.3877787807814457e-17
1.0310923973763693e-17 0.10163857612916291 -1.3877787807814457e-17
1.0310923973763693e-17 0.10163857612916291 -1.3877787807814457e-17
1.0310923973763693e-17 0.10163857612916291 -1.3877787807814457e-17
1.0310923973763693e-17 0.10163857612916291 -1.3877787807814457e-17
1.0310923973763693e-17 0.10163857612916291 -1.3877787807814457e-17
1.0310923973763693e-17 0.10163857612916291 -1.3877787807814457e-17
1.0310923973763693e-17 0.10163857612916291 -1.3877787807814457e-17
1.0310923973763693e-17 0.10163857612916291 -1.3877787807814457e-17
1.0310923973763693e-17 0.10163857612916291 -1.3877787807814457e-17
1.0310923973763693e-17 0.10163857612916291 -1.3877787807814457e-17
1.0310923973763693e-17 0.10163857612916291 -1.3877787807814457e-17
1.0310923973763693e-17 0.10163857612916291 -1.3877787807814457e-17
1.0310923973763693e-17 0.10163857612916291 -1.3877787807814457e-17
1.0310923973763693e-17 0.10163857612916291 -1.3877787807814457e-17
1.0310923973763693e-17 0.10163857612916291 -1.3877787807814457e-17
1.0310923973763693e-17 0.10163857612916291 -1.3877787807814457e-17
1.0310923973763693e-17 0.10163857612916291 -1.3877787807814457e-17
1.0310923973763693e-17 0.10163857612916291 -1.3877787807814457e-17
1.0310923973763693e-17 0.10163857612916291 -1.3877787807814457e-17
1.0310923973763693e-17 0.10163857612916291 -1.3877787807814457e-17
1.0310923973763693e-17 0.10163857612916291 -1.3877787807814457e-17
1.0310923973763693e-17 0.10163857612916291 -1.3877787807814457e-17
1.0310923973763693e-17 0.10163857612916291 -1.3877787807814457e-17
1.0310923973763693e-17 0.10163857612916291 -1.3877787807814457e-17
1.0310923973763693e-17 0.10163857612916291 -1.3877787807814457e-17
1.0310923973763693e-17 0.10163857612916291 -1.3877787807814457e-17
1.0310923973763693e-17 0.10163857612916291 -1.3877787807814457e-17
1.0310923973763693e-17 0.10163857612916291 -1.3877787807814457e-17
1.0310923973763693e-17 0.10163857612916291 -1.3877787807814457e-17
1.0310923973763693e-17 0.10163857612916291 -1.3877787807814457e-17
1.0310923973763693e-17 0.10163857612916291 -1.3877787807814457e-17
1.0310923973763693e-17 0.10163857612916291 -1.3877787807814457e-17
1.0310923973763693e-17 0.10163857612916291 -1.3877787807814457e-17
1.0310923973763693e-17 0.10163857612916291 -1.3877787807814457e-17
1.0310923973763693e-17 0.10163857612916291 -1.3877787807814457e-17
1.0310923973763693e-17 0.10163857612916291 -1.3877787807814457e-17
1.0310923973763693e-17 0.10163857612916291 -1.3877787807814457e-17
1.0310923973763693e-17 0.10163857612916291 -1.3877787807814457e-17
1.0310923973763693e-17 0.10163857612916291 -1.3877787807814457e-17
1.0310923973763693e-17 0.10163857612916291 -1.3877787807814457e-17
1.0310923973763693e-17 0.10163857612916291 -1.3877787807814457e-17
1.0310923973763693e-17 0.10163857612916291 -1.3877787807814457e-17
1.0310923973763693e-17 0.10163857612916291 -1.3877787807814457e-17
1.0310923973763693e-17 0.10163857612916291 -1.3877787807814457e-17
1.0310923973763693e-17 0.10163857612916291 -1.3877787807814457e-17
1.0310923973763693e-17 0.10163857612916291 -1.3877787807814457e-17
1.0310923973763693e-17 0.10163857612916291 -1.3877787807814457e-17
1.0310923973763693e-17 0.10163857612916291 -1.3877787807814457e-17
1.0310923973763693e-17 0.10163857612916291 -1.3877787807814457e-17
1.0310923973763693e-17 0.10163857612916291 -1.3877787807814457e-17
1.0310923973763693e-17 0.10163857612916291 -1.3877787807814457e-17
1.0310923973763693e-17 0.10163857612916291 -1.3877787807814457e-17
1.0310923973763693e-17 0.10163857612916291 -1.3877787807814457e-17
1.0310923973763693e-17 0.10163857612916291 -1.3877787807814457e-17
1.0310923973763693e-17 0.10163857612916291 -1.3877787807814457e-17
1.0310923973763693e-17 0.10163857612916291 -1.3877787807814457e-17
1.0310923973763693e-17 0.10163857612916291 -1.3877787807814457e-17
1.0310923973763693e-17 0.10163857612916291 -1.3877787807814457e-17
1.0310923973763693e-17 0.10163857612916291 -1.3877787807814457e-17
1.0310923973763693e-17 0.10163857612916291 -1.3877787807814457e-17
1.0310923973763693e-17 0.10163857612916291 -1.3877787807814457e-17
1.0310923973763693e-17 0.10163857612916291 -1.3877787807814457e-17
1.0310923973763693e-17 0.10163857612916291 -1.3877787807814457e-17
1.0310923973763693e-17 0.10163857612916291 -1.3877787807814457e-17
1.0310923973763693e-17 0.10163857612916291 -1.3877787807814457e-17
1.0310923973763693e-17 0.10163857612916291 -1.3877787807814457e-17
1.0310923973763693e-17 0.10163857612916291 -1.3877787807814457e-17
1.0310923973763693e-17 0.10163857612916291 -1.3877787807814457e-17
1.0310923973763693e-17 0.10163857612916291 -1.3877787807814457e-17
1.0310923973763693e-17 0.10163857612916291 -1.3877787807814457e-17
1.0310923973763693e-17 0.10163857612916291 -1.3877787807814457e-17
1.0310923973763693e-17 0.10163857612916291 -1.3877787807814457e-17
1.0310923973763693e-17 0.10163857612916291 -1.3877787807814457e-17
1.0310923973763693e-17 0.10163857612916291 -1.3877787807814457e-17
1.0310923973763693e-17 0.10163857612916291 -1.3877787807814457e-17
1.0310923973763693e-17 0.10163857612916291 -1.3877787807814457e-17
1.0310923973763693e-17 0.10163857612916291 -1.3877787807814457e-17
1.0310923973763693e-17 0.10163857612916291 -1.3877787807814457e-17
1.0310923973763693e-17 0.10163857612916291 -1.3877787807814457e-17
1.0310923973763693e-17 0.10163857612916291 -1.3877787807814457e-17
1.0310923973763693e-17 0.10163857612916291 -1.3877787807814457e-17
1.0310923973763693e-17 0.10163857612916291 -1.3877787807814457e-17
1.0310923973763693e-17 0.10163857612916291 -1.3877787807814457e-17
1.0310923973763693e-17 0.10163857612916291 -1.3877787807814457e-17
1.0310923973763693e-17 0.10163857612916291 -1.3877787807814457e-17
1.0310923973763693e-17 0.10163857612916291 -1.3877787807814457e-17
1.0310923973763693e-17 0.10163857612916291 -1.3877787807814457e-17
1.0310923973763693e-17 0.10163857612916291 -1.3877787807814457e-17
1.0310923973763693e-17 0.10163857612916291 -1.3877787807814457e-17
1.0310923973763693e-17 0.10163857612916291 -1.3877787807814457e-17
1.0310923973763693e-17 0.10163857612916291 -1.3877787807814457e-17
1.0310923973763693e-17 0.10163857612916291 -1.3877787807814457e-17
1.0310923973763693e-17 0.10163857612916291 -1.3877787807814457e-17
1.0310923973763693e-17 0.10163857612916291 -1.3877787807814457e-17
1.0310923973763693e-17 0.10163857612916291 -1.3877787807814457e-17
1.0310923973763693e-17 0.10163857612916291 -1.3877787807814457e-17
1.0310923973763693e-17 0.10163857612916291 -1.3877787807814457e-17
1.0310923973763693e-17 0.10163857612916291 -1.3877787807814457e-17
1.0310923973763693e-17 0.10163857612916291 -1.3877787807814457e-17
1.0310923973763693e-17 0.10163857612916291 -1.3877787807814457e-17
1.0310923973763693e-17 0.10163857612916291 -1.3877787807814457e-17
1.0310923973763693e-17 0.10163857612916291 -1.3877787807814457e-17
1.0310923973763693e-17 0.10163857612916291 -1.3877787807814457e-17
1.0310923973763693e-17 0.10163857612916291 -1.3877787807814457e-17
1.0310923973763693e-17 0.10163857612916291 -1.3877787807814457e-17
1.0310923973763693e-17 0.10163857612916291 -1.3877787807814457e-17
1.0310923973763693e-17 0.10163857612916291 -1.3877787807814457e-17
1.0310923973763693e-17 0.10163857612916291 -1.3877787807814457e-17
1.0310923973763693e-17 0.10163857612916291 -1.3877787807814457e-17
1.0310923973763693e-17 0.10163857612916291 -1.3877787807814457e-17
1.0310923973763693e-17 0.10163857612916291 -1.3877787807814457e-17
1.0310923973763693e-17 0.10163857612916291 -1.3877787807814457e-17
1.0310923973763693e-17 0.10163857612916291 -1.3877787807814457e-17
1.0310923973763693e-17 0.10163857612916291 -1.3877787807814457e-17
1.0310923973763693e-17 0.10163857612916291 -1.3877787807814457e-17
1.0310923973763693e-17 0.10163857612916291 -1.3877787807814457e-17
1.0310923973763693e-17 0.10163857612916291 -1.3877787807814457e-17
1.0310923973763693e-17 0.10163857612916291 -1.3877787807814457e-17
1.0310923973763693e-17 0.10163857612916291 -1.3877787807814457e-17
1.0310923973763693e-17 0.10163857612916291 -1.3877787807814457e-17
1.0310923973763693e-17 0.10163857612916291 -1.3877787807814457e-17
1.0310923973763693e-17 0.10163857612916291 -1.3877787807814457e-17
1.0310923973763693e-17 0.10163857612916291 -1.3877787807814457e-17
1.0310923973763693e-17 0.10163857612916291 -1.3877787807814457e-17
1.0310923973763693e-17 0.10163857612916291 -1.3877787807814457e-17
1.0310923973763693e-17 0.10163857612916291 -1.3877787807814457e-17
1.0310923973763693e-17 0.10163857612916291 -1.3877787807814457e-17
1.0310923973763693e-17 0.10163857612916291 -1.3877787807814457e-17
1.0310923973763693e-17 0.10163857612916291 -1.3877787807814457e-17
1.0310923973763693e-17 0.10163857612916291 -1.3877787807814457e-17
1.0310923973763693e-17 0.10163857612916291 -1.3877787807814457e-17
1.0310923973763693e-17 0.10163857612916291 -1.3877787807814457e-17
1.0310923973763693e-17 0.10163857612916291 -1.3877787807814457e-17
1.0310923973763693e-17 0.10163857612916291 -1.3877787807814457e-17
1.0310923973763693e-17 0.10163857612916291 -1.3877787807814457e-17
1.0310923973763693e-17 0.10163857612916291 -1.3877787807814457e-17
1.0310923973763693e-17 0.10163857612916291 -1.3877787807814457e-17
1.0310923973763693e-17 0.10163857612916291 -1.3877787807814457e-17
1.0310923973763693e-17 0.10163857612916291 -1.3877787807814457e-17
1.0310923973763693e-17 0.10163857612916291 -1.3877787807814457e-17
1.0310923973763693e-17 0.10163857612916291 -1.3877787807814457e-17
1.0310923973763693e-17 0.10163857612916291 -1.3877787807814457e-17
1.0310923973763693e-17 0.10163857612916291 -1.3877787807814457e-17
1.0310923973763693e-17 0.10163857612916291 -1.3877787807814457e-17
1.0310923973763693e-17 0.10163857612916291 -1.3877787807814457e-17
1.0310923973763693e-17 0.10163857612916291 -1.3877787807814457e-17
1.0310923973763693e-17 0.10163857612916291 -1.3877787807814457e-17
1.0310923973763693e-17 0.10163857612916291 -1.3877787807814457e-17
1.0310923973763693e-17 0.10163857612916291 -1.3877787807814457e-17
1.0310923973763693e-17 0.10163857612916291 -1.3877787807814457e-17
1.0310923973763693e-17 0.10163857612916291 -1.3877787807814457e-17
1.0310923973763693e-17 0.10163857612916291 -1.3877787807814457e-17
1.0310923973763693e-17 0.10163857612916291 -1.3877787807814457e-17
1.0310923973763693e-17 0.10163857612916291 -1.3877787807814457e-17
1.0310923973763693e-17 0.10163857612916291 -1.3877787807814457e-17
1.0310923973763693e-17 0.10163857612916291 -1.3877787807814457e-17
1.0310923973763693e-17 0.10163857612916291 -1.3877787807814457e-17
1.0310923973763693e-17 0.10163857612916291 -1.3877787807814457e-17
1.0310923973763693e-17 0.10163857612916291 -1.3877787807814457e-17
1.0310923973763693e-17 0.10163857612916291 -1.3877787807814457e-17
1.0310923973763693e-17 0.10163857612916291 -1.3877787807814457e-17
1.0310923973763693e-17 0.10163857612916291 -1.3877787807814457e-17
1.0310923973763693e-17 0.10163857612916291 -1.3877787807814457e-17
1.0310923973763693e-17 0.10163857612916291 -1.3877787807814457e-17
1.0310923973763693e-17 0.10163857612916291 -1.3877787807814457e-17
1.0310923973763693e-17 0.1 0.0
0.00012128279883382965 0.1 6.345356101624323e-05
0.00048046647230321767 0.1 0.0002465106205747605
0.0010705539358600695 0.1 0.0005384556434818824
0.00188454810495628 0.1 0.000928892961266139
0.0029154518950437443 0.1 0.001407746772178259
0.004156268221574357 0.1 0.00196526114119117
0.005600000000000014 0.1 0.0025919999999999997
0.00723965014577261 0.1 0.003278847147022074
0.00906822157434404 0.1 0.004017006247396917
0.011078717201166198 0.1 0.004798000832986255
0.013264139941690982 0.1 0.00561367430237401
0.015617492711370284 0.1 0.006456189920866304
0.018131778425656 0.1 0.007318030820491461
0.020800000000000023 0.1 0.008192
0.023615160349854253 0.1 0.00907122032486464
0.026570262390670583 0.1 0.009949134527280298
0.029658309037900902 0.1 0.010819505206164096
0.03287230320699711 0.1 0.01167641482715535
0.03620524781341111 0.1 0.012514265722615575
0.03965014577259479 0.1 0.013327780091628487
0.04320000000000003 0.1 0.014112
0.04684781341107876 0.1 0.014862287380258223
0.05058658892128285 0.1 0.015574324031653479
0.054409329446064185 0.1 0.016244111620158264
0.058309037900874675 0.1 0.016867971678467306
0.062278717201166234 0.1 0.0174425456059975
0.06631137026239073 0.1 0.01796479466888796
0.07040000000000006 0.1 0.018431999999999997
0.07453760932944613 0.1 0.01884176259891711
0.07871720116618082 0.1 0.019192003331945026
0.08293177842565604 0.1 0.01948096293211162
0.08717434402332368 0.1 0.019707201999167007
0.09143790087463566 0.1 0.0198696009995835
0.0957154518950438 0.1 0.019967360266555594
0.10000000000000009 0.1 0.01999999999999999
0.10428454810495635 0.1 0.0199673602665556
0.1085620991253645 0.1 0.0198696009995835
0.11282565597667647 0.1 0.019707201999167007
0.11706822157434413 0.1 0.0194809629321116
0.12128279883381936 0.1 0.019192003331945026
0.12546239067055404 0.1 0.018841762598917122
0.12960000000000008 0.1 0.018432000000000004
0.13368862973760942 0.1 0.01796479466888795
0.13772128279883392 0.1 0.017442545605997506
0.14169096209912543 0.1 0.01686797167846729
0.14559067055393599 0.1 0.016244111620158264
0.14941341107871728 0.1 0.015574324031653486
0.1531521865889214 0.1 0.014862287380258216
0.1568000000000001 0.1 0.014112000000000013
0.16034985422740533 0.1 0.013327780091628494
0.163794752186589 0.1 0.012514265722615547
0.16712769679300302 0.1 0.01167641482715534
0.17034169096209922 0.1 0.01081950520616412
0.17342973760932956 0.1 0.009949134527280301
0.1763848396501459 0.1 0.009071220324864626
0.1792000000000001 0.1 0.008192000000000005
0.18186822157434418 0.1 0.007318030820491456
0.18438250728862982 0.1 0.006456189920866273
0.1867358600583091 0.1 0.005613674302374
0.1889212827988339 0.1 0.004798000832986288
0.19093177842565603 0.1 0.004017006247396898
0.19276034985422752 0.1 0.0032788471470220903
0.1944000000000001 0.1 0.0025920000000000387
0.19584373177842576 0.1 0.001965261141191166
0.19708454810495638 0.1 0.0014077467721782533
0.1981154518950439 0.1 0.0009288929612661367
0.1989294460641401 0.1 0.0005384556434818721
0.19951953352769689 0.1 0.00024651062057473583
0.19987871720116626 0.1 6.345356101622457e-05
0.20000000000000015 0.1 0.0
0.20000000000000015 0.1 0.0
0.20000000000000015 0.1 0.0
0.20000000000000015 0.1 0.0
0.20000000000000015 0.1 0.0
0.20000000000000015 0.1 0.0
0.20000000000000015 0.1 0.0
0.20000000000000015 0.1 0.0
0.20000000000000015 0.1 0.0
0.20000000000000015 0.1 0.0
0.20000000000000015 0.1 0.0
0.20000000000000015 0.1 0.0
0.20000000000000015 0.1 0.0
0.20000000000000015 0.1 0.0
0.20000000000000015 0.1 0.0
0.20000000000000015 0.1 0.0
0.20000000000000015 0.1 0.0
0.20000000000000015 0.1 0.0
0.20000000000000015 0.1 0.0
0.20000000000000015 0.1 0.0
0.20000000000000015 0.1 0.0
0.20000000000000015 0.1 0.0
0.20000000000000015 0.1 0.0
0.20000000000000015 0.1 0.0
0.20000000000000015 0.1 0.0
0.20000000000000015 0.1 0.0
0.20000000000000015 0.1 0.0
0.20000000000000015 0.1 0.0
0.20000000000000015 0.1 0.0
0.20000000000000015 0.1 0.0
0.20000000000000015 0.1 0.0
0.20000000000000015 0.1 0.0
0.20000000000000015 0.1 0.0
0.20000000000000015 0.1 0.0
0.20000000000000015 0.1 0.0
0.20000000000000015 0.1 0.0
0.20000000000000015 0.1 0.0
0.20000000000000015 0.1 0.0
0.20000000000000015 0.1 0.0
0.20000000000000015 0.1 0.0
0.20000000000000015 0.1 0.0
0.20000000000000015 0.1 0.0
0.20000000000000015 0.1 0.0
0.20000000000000015 0.1 0.0
0.20000000000000015 0.1 0.0
0.20000000000000015 0.1 0.0
0.20000000000000015 0.1 0.0
0.20000000000000015 0.1 0.0
0.20000000000000015 0.1 0.0
0.20000000000000015 0.1 0.0
0.20000000000000015 0.1 0.0
0.20000000000000015 0.1 0.0
0.20000000000000015 0.1 0.0
0.20000000000000015 0.1 0.0
0.20000000000000015 0.1 0.0
0.20000000000000015 0.1 0.0
0.20000000000000015 0.1 0.0
0.20000000000000015 0.1 0.0
0.20000000000000015 0.1 0.0
0.20000000000000015 0.1 0.0
0.20000000000000015 0.1 0.0
0.20000000000000015 0.1 0.0
0.20000000000000015 0.1 0.0
0.20000000000000015 0.1 0.0
0.20000000000000015 0.1 0.0
0.20000000000000015 0.1 0.0
0.20000000000000015 0.1 0.0
0.20000000000000015 0.1 0.0
0.20000000000000015 0.1 0.0
0.20000000000000015 0.1 0.0
0.20000000000000015 0.1 0.0
0.20000000000000015 0.1 0.0
0.20000000000000015 0.1 0.0
0.20000000000000015 0.1 0.0
0.20000000000000015 0.1 0.0
0.20000000000000015 0.1 0.0
0.20000000000000015 0.1 0.0
0.20000000000000015 0.1 0.0
0.20000000000000015 0.1 0.0
0.20000000000000015 0.1 0.0
0.20000000000000015 0.1 0.0
0.20000000000000015 0.1 0.0
0.20000000000000015 0.1 0.0
0.20000000000000015 0.1 0.0
0.20000000000000015 0.1 0.0
0.20000000000000015 0.1 0.0
0.20000000000000015 0.1 0.0
0.20000000000000015 0.1 0.0
0.20000000000000015 0.1 0.0
0.20000000000000015 0.1 0.0
0.20000000000000015 0.1 0.0
0.20000000000000015 0.1 0.0
0.20000000000000015 0.1 0.0
0.20000000000000015 0.1 0.0
0.20000000000000015 0.1 0.0
0.20000000000000015 0.1 0.0
0.20000000000000015 0.1 0.0
0.20000000000000015 0.1 0.0
0.20000000000000015 0.1 0.0
0.20000000000000015 0.1 0.0
0.20000000000000015 0.1 0.0
0.20000000000000015 0.1 0.0
0.20000000000000015 0.1 0.0
0.20000000000000015 0.1 0.0
0.20000000000000015 0.1 0.0
0.20000000000000015 0.1 0.0
0.20000000000000015 0.1 0.0
0.20000000000000015 0.1 0.0
0.20000000000000015 0.1 0.0
0.20000000000000015 0.1 0.0
0.20000000000000015 0.1 0.0
0.20000000000000015 0.1 0.0
0.20000000000000015 0.1 0.0
0.20000000000000015 0.1 0.0
0.20000000000000015 0.1 0.0
0.20000000000000015 0.1 0.0
0.20000000000000015 0.1 0.0
0.20000000000000015 0.1 0.0
0.20000000000000015 0.1 0.0
0.20000000000000015 0.1 0.0
0.20000000000000015 0.1 0.0
0.20000000000000015 0.1 0.0
0.20000000000000015 0.1 0.0
0.20000000000000015 0.1 0.0
0.20000000000000015 0.1 0.0
0.20000000000000015 0.1 0.0
0.20000000000000015 0.1 0.0
0.20000000000000015 0.1 0.0
0.20000000000000015 0.1 0.0
0.20000000000000015 0.1 0.0
0.20000000000000015 0.1 0.0
0.2002425655976678 0.1 6.345356101624323e-05
0.20096093294460657 0.1 0.0002465106205747605
0.20214110787172027 0.1 0.0005384556434818824
0.20376909620991268 0.1 0.000928892961266139
0.20583090379008762 0.1 0.001407746772178259
0.20831253644314884 0.1 0.00196526114119117
0.21120000000000017 0.1 0.0025919999999999997
0.21447930029154536 0.1 0.003278847147022074
0.2181364431486882 0.1 0.004017006247396917
0.22215743440233252 0.1 0.004798000832986255
0.2265282798833821 0.1 0.00561367430237401
0.23123498542274068 0.1 0.006456189920866304
0.23626355685131212 0.1 0.007318030820491461
0.24160000000000018 0.1 0.008192
0.24723032069970863 0.1 0.00907122032486464
0.2531405247813413 0.1 0.009949134527280298
0.2593166180758019 0.1 0.010819505206164096
0.26574460641399433 0.1 0.01167641482715535
0.27241049562682235 0.1 0.012514265722615575
0.2793002915451897 0.1 0.013327780091628487
0.2864000000000002 0.1 0.014112
0.29369562682215766 0.1 0.014862287380258223
0.3011731778425658 0.1 0.015574324031653479
0.3088186588921285 0.1 0.016244111620158264
0.3166180758017495 0.1 0.016867971678467306
0.3245574344023326 0.1 0.0174425456059975
0.3326227405247816 0.1 0.01796479466888796
0.3408000000000002 0.1 0.018431999999999997
0.34907521865889235 0.1 0.01884176259891711
0.35743440233236173 0.1 0.019192003331945026
0.3658635568513122 0.1 0.01948096293211162
0.37434868804664745 0.1 0.019707201999167007
0.3828758017492714 0.1 0.0198696009995835
0.3914309037900877 0.1 0.019967360266555594
0.40000000000000024 0.1 0.01999999999999999
0.4085690962099128 0.1 0.0199673602665556
0.4171241982507291 0.1 0.0198696009995835
0.42565131195335304 0.1 0.019707201999167007
0.4341364431486884 0.1 0.0194809629321116
0.4425655976676388 0.1 0.019192003331945026
0.45092478134110814 0.1 0.018841762598917122
0.4592000000000003 0.1 0.018432000000000004
0.4673772594752189 0.1 0.01796479466888795
0.47544256559766795 0.1 0.017442545605997506
0.483381924198251 0.1 0.01686797167846729
0.49118134110787204 0.1 0.016244111620158264
0.4988268221574347 0.1 0.015574324031653486
0.5063043731778429 0.1 0.014862287380258216
0.5136000000000003 0.1 0.014112000000000013
0.5206997084548108 0.1 0.013327780091628494
0.5275895043731782 0.1 0.012514265722615547
0.5342553935860062 0.1 0.01167641482715534
0.5406833819241985 0.1 0.01081950520616412
0.5468594752186592 0.1 0.009949134527280301
0.5527696793002919 0.1 0.009071220324864626
0.5584000000000003 0.1 0.008192000000000005
0.5637364431486884 0.1 0.007318030820491456
0.5687650145772597 0.1 0.006456189920866273
0.5734717201166183 0.1 0.005613674302374
0.5778425655976679 0.1 0.004798000832986288
0.5818635568513122 0.1 0.004017006247396898
0.5855206997084551 0.1 0.0032788471470220903
0.5888000000000003 0.1 0.0025920000000000387
0.5916874635568516 0.1 0.001965261141191166
0.5941690962099129 0.1 0.0014077467721782533
0.5962309037900879 0.1 0.0009288929612661367
0.5978588921282803 0.1 0.0005384556434818721
0.5990390670553939 0.1 0.00024651062057473583
0.5997574344023326 0.1 6.345356101622457e-05
0.6000000000000004 0.1 0.0
0.6000000000000004 0.1 0.0
0.6000000000000004 0.1 0.0
0.6000000000000004 0.1 0.0
0.6000000000000004 0.1 0.0
0.6000000000000004 0.1 0.0
0.6000000000000004 0.1 0.0
0.6000000000000004 0.1 0.0
0.6000000000000004 0.1 0.0
0.6000000000000004 0.1 0.0
0.6000000000000004 0.1 0.0
0.6000000000000004 0.1 0.0
0.6000000000000004 0.1 0.0
0.6000000000000004 0.1 0.0
0.6000000000000004 0.1 0.0
0.6000000000000004 0.1 0.0
0.6000000000000004 0.1 0.0
0.6000000000000004 0.1 0.0
0.6000000000000004 0.1 0.0
0.6000000000000004 0.1 0.0
0.6000000000000004 0.1 0.0
0.6000000000000004 0.1 0.0
0.6000000000000004 0.1 0.0
0.6000000000000004 0.1 0.0
0.6000000000000004 0.1 0.0
0.6000000000000004 0.1 0.0
0.6000000000000004 0.1 0.0
0.6000000000000004 0.1 0.0
0.6000000000000004 0.1 0.0
0.6000000000000004 0.1 0.0
0.6000000000000004 0.1 0.0
0.6000000000000004 0.1 0.0
0.6000000000000004 0.1 0.0
0.6000000000000004 0.1 0.0
0.6000000000000004 0.1 0.0
0.6000000000000004 0.1 0.0
0.6000000000000004 0.1 0.0
0.6000000000000004 0.1 0.0
0.6000000000000004 0.1 0.0
0.6000000000000004 0.1 0.0
0.6000000000000004 0.1 0.0
0.6000000000000004 0.1 0.0
0.6000000000000004 0.1 0.0
0.6000000000000004 0.1 0.0
0.6000000000000004 0.1 0.0
0.6000000000000004 0.1 0.0
0.6000000000000004 0.1 0.0
0.6000000000000004 0.1 0.0
0.6000000000000004 0.1 0.0
0.6000000000000004 0.1 0.0
0.6000000000000004 0.1 0.0
0.6000000000000004 0.1 0.0
0.6000000000000004 0.1 0.0
0.6000000000000004 0.1 0.0
0.6000000000000004 0.1 0.0
0.6000000000000004 0.1 0.0
0.6000000000000004 0.1 0.0
0.6000000000000004 0.1 0.0
0.6000000000000004 0.1 0.0
0.6000000000000004 0.1 0.0
0.6000000000000004 0.1 0.0
0.6000000000000004 0.1 0.0
0.6000000000000004 0.1 0.0
0.6000000000000004 0.1 0.0
0.6000000000000004 0.1 0.0
0.6000000000000004 0.1 0.0
0.6000000000000004 0.1 0.0
0.6000000000000004 0.1 0.0
0.6000000000000004 0.1 0.0
0.6000000000000004 0.1 0.0
0.6000000000000004 0.1 0.0
0.6000000000000004 0.1 0.0
0.6000000000000004 0.1 0.0
0.6000000000000004 0.1 0.0
0.6000000000000004 0.1 0.0
0.6000000000000004 0.1 0.0
0.6000000000000004 0.1 0.0
0.6000000000000004 0.1 0.0
0.6000000000000004 0.1 0.0
0.6000000000000004 0.1 0.0
0.6000000000000004 0.1 0.0
0.6000000000000004 0.1 0.0
0.6000000000000004 0.1 0.0
0.6000000000000004 0.1 0.0
0.6000000000000004 0.1 0.0
0.6000000000000004 0.1 0.0
0.6000000000000004 0.1 0.0
0.6000000000000004 0.1 0.0
0.6000000000000004 0.1 0.0
0.6000000000000004 0.1 0.0
0.6000000000000004 0.1 0.0
0.6000000000000004 0.1 0.0
0.6000000000000004 0.1 0.0
0.6000000000000004 0.1 0.0
0.6000000000000004 0.1 0.0
0.6000000000000004 0.1 0.0
0.6000000000000004 0.1 0.0
0.6000000000000004 0.1 0.0
0.6000000000000004 0.1 0.0
0.6000000000000004 0.1 0.0
0.6000000000000004 0.1 0.0
0.6000000000000004 0.1 0.0
0.6000000000000004 0.1 0.0
0.6000000000000004 0.1 0.0
0.6000000000000004 0.1 0.0
0.6000000000000004 0.1 0.0
0.6000000000000004 0.1 0.0
0.6000000000000004 0.1 0.0
0.6000000000000004 0.1 0.0
0.6000000000000004 0.1 0.0
0.6000000000000004 0.1 0.0
0.6000000000000004 0.1 0.0
0.6000000000000004 0.1 0.0
0.6000000000000004 0.1 0.0
0.6000000000000004 0.1 0.0
0.6000000000000004 0.1 0.0
0.6000000000000004 0.1 0.0
0.6000000000000004 0.1 0.0
0.6000000000000004 0.1 0.0
0.6000000000000004 0.1 0.0
0.6000000000000004 0.1 0.0
0.6000000000000004 0.1 0.0
0.6000000000000004 0.1 0.0
0.6000000000000004 0.1 0.0
0.6000000000000004 0.1 0.0
0.6000000000000004 0.1 0.0
0.6000000000000004 0.1 0.0
0.6000000000000004 0.1 0.0
0.6000000000000004 0.1 0.0
0.6000000000000004 0.1 0.0
0.6000000000000004 0.1 0.0
0.6002425655976681 0.1 6.345356101624323e-05
0.6009609329446068 0.1 0.0002465106205747605
0.6021411078717206 0.1 0.0005384556434818824
0.6037690962099129 0.1 0.000928892961266139
0.6058309037900879 0.1 0.001407746772178259
0.6083125364431491 0.1 0.00196526114119117
0.6112000000000004 0.1 0.0025919999999999997
0.6144793002915456 0.1 0.003278847147022074
0.6181364431486884 0.1 0.004017006247396917
0.6221574344023328 0.1 0.004798000832986255
0.6265282798833823 0.1 0.00561367430237401
0.6312349854227409 0.1 0.006456189920866304
0.6362635568513124 0.1 0.007318030820491461
0.6416000000000004 0.1 0.008192
0.6472303206997089 0.1 0.00907122032486464
0.6531405247813415 0.1 0.009949134527280298
0.6593166180758022 0.1 0.010819505206164096
0.6657446064139947 0.1 0.01167641482715535
0.6724104956268226 0.1 0.012514265722615575
0.67930029154519 0.1 0.013327780091628487
0.6864000000000005 0.1 0.014112
0.6936956268221579 0.1 0.014862287380258223
0.701173177842566 0.1 0.015574324031653479
0.7088186588921288 0.1 0.016244111620158264
0.7166180758017497 0.1 0.016867971678467306
0.7245574344023329 0.1 0.0174425456059975
0.7326227405247818 0.1 0.01796479466888796
0.7408000000000005 0.1 0.018431999999999997
0.7490752186588926 0.1 0.01884176259891711
0.757434402332362 0.1 0.019192003331945026
0.7658635568513125 0.1 0.01948096293211162
0.7743486880466477 0.1 0.019707201999167007
0.7828758017492716 0.1 0.0198696009995835
0.791430903790088 0.1 0.019967360266555594
0.8000000000000005 0.1 0.01999999999999999
0.808569096209913 0.1 0.0199673602665556
0.8171241982507293 0.1 0.0198696009995835
0.8256513119533533 0.1 0.019707201999167007
0.8341364431486886 0.1 0.0194809629321116
0.842565597667639 0.1 0.019192003331945026
0.8509247813411085 0.1 0.018841762598917122
0.8592000000000005 0.1 0.018432000000000004
0.8673772594752192 0.1 0.01796479466888795
0.8754425655976683 0.1 0.017442545605997506
0.8833819241982512 0.1 0.01686797167846729
0.8911813411078724 0.1 0.016244111620158264
0.8988268221574349 0.1 0.015574324031653486
0.9063043731778432 0.1 0.014862287380258216
0.9136000000000006 0.1 0.014112000000000013
0.9206997084548111 0.1 0.013327780091628494
0.9275895043731784 0.1 0.012514265722615547
0.9342553935860064 0.1 0.01167641482715534
0.9406833819241989 0.1 0.01081950520616412
0.9468594752186594 0.1 0.009949134527280301
0.9527696793002922 0.1 0.009071220324864626
0.9584000000000006 0.1 0.008192000000000005
0.9637364431486888 0.1 0.007318030820491456
0.9687650145772599 0.1 0.006456189920866273
0.9734717201166185 0.1 0.005613674302374
0.9778425655976681 0.1 0.004798000832986288
0.9818635568513124 0.1 0.004017006247396898
0.9855206997084553 0.1 0.0032788471470220903
0.9888000000000006 0.1 0.0025920000000000387
0.9916874635568519 0.1 0.001965261141191166
0.9941690962099131 0.1 0.0014077467721782533
0.9962309037900882 0.1 0.0009288929612661367
0.9978588921282805 0.1 0.0005384556434818721
0.9990390670553941 0.1 0.00024651062057473583
0.9997574344023329 0.1 6.345356101622457e-05
1.0000000000000007 0.1 0.0
1.0000000000000007 0.1 0.0
1.0000000000000007 0.1 0.0
1.0000000000000007 0.1 0.0
1.0000000000000007 0.1 0.0
1.0000000000000007 0.1 0.0
1.0000000000000007 0.1 0.0
1.0000000000000007 0.1 0.0
1.0000000000000007 0.1 0.0
1.0000000000000007 0.1 0.0
1.0000000000000007 0.1 0.0
1.0000000000000007 0.1 0.0
1.0000000000000007 0.1 0.0
1.0000000000000007 0.1 0.0
1.0000000000000007 0.1 0.0
1.0000000000000007 0.1 0.0
1.0000000000000007 0.1 0.0
1.0000000000000007 0.1 0.0
1.0000000000000007 0.1 0.0
1.0000000000000007 0.1 0.0
1.0000000000000007 0.1 0.0
1.0000000000000007 0.1 0.0
1.0000000000000007 0.1 0.0
1.0000000000000007 0.1 0.0
1.0000000000000007 0.1 0.0
1.0000000000000007 0.1 0.0
1.0000000000000007 0.1 0.0
1.0000000000000007 0.1 0.0
1.0000000000000007 0.1 0.0
1.0000000000000007 0.1 0.0
1.0000000000000007 0.1 0.0
1.0000000000000007 0.1 0.0
1.0000000000000007 0.1 0.0
1.0000000000000007 0.1 0.0
1.0000000000000007 0.1 0.0
1.0000000000000007 0.1 0.0
1.0000000000000007 0.1 0.0
1.0000000000000007 0.1 0.0
1.0000000000000007 0.1 0.0
1.0000000000000007 0.1 0.0
1.0000000000000007 0.1 0.0
1.0000000000000007 0.1 0.0
1.0000000000000007 0.1 0.0
1.0000000000000007 0.1 0.0
1.0000000000000007 0.1 0.0
1.0000000000000007 0.1 0.0
1.0000000000000007 0.1 0.0
1.0000000000000007 0.1 0.0
1.0000000000000007 0.1 0.0
1.0000000000000007 0.1 0.0
1.0000000000000007 0.1 0.0
1.0000000000000007 0.1 0.0
1.0000000000000007 0.1 0.0
1.0000000000000007 0.1 0.0
1.0000000000000007 0.1 0.0
1.0000000000000007 0.1 0.0
1.0000000000000007 0.1 0.0
1.0000000000000007 0.1 0.0
1.0000000000000007 0.1 0.0
1.0000000000000007 0.1 0.0
1.0000000000000007 0.1 0.0
1.0000000000000007 0.1 0.0
1.0000000000000007 0.1 0.0
1.0000000000000007 0.1 0.0
1.0000000000000007 0.1 0.0
1.0000000000000007 0.1 0.0
1.0000000000000007 0.1 0.0
1.0000000000000007 0.1 0.0
1.0000000000000007 0.1 0.0
1.0000000000000007 0.1 0.0
1.0000000000000007 0.1 0.0
1.0000000000000007 0.1 0.0
1.0000000000000007 0.1 0.0
1.0000000000000007 0.1 0.0
1.0000000000000007 0.1 0.0
1.0000000000000007 0.1 0.0
1.0000000000000007 0.1 0.0
1.0000000000000007 0.1 0.0
1.0000000000000007 0.1 0.0
1.0000000000000007 0.1 0.0
1.0000000000000007 0.1 0.0
1.0000000000000007 0.1 0.0
1.0000000000000007 0.1 0.0
1.0000000000000007 0.1 0.0
1.0000000000000007 0.1 0.0
1.0000000000000007 0.1 0.0
1.0000000000000007 0.1 0.0
1.0000000000000007 0.1 0.0
1.0000000000000007 0.1 0.0
1.0000000000000007 0.1 0.0
1.0000000000000007 0.1 0.0
1.0000000000000007 0.1 0.0
1.0000000000000007 0.1 0.0
1.0000000000000007 0.1 0.0
1.0000000000000007 0.1 0.0
1.0000000000000007 0.1 0.0
1.0000000000000007 0.1 0.0
1.0000000000000007 0.1 0.0
1.0000000000000007 0.1 0.0
1.0000000000000007 0.1 0.0
1.0000000000000007 0.1 0.0
1.0000000000000007 0.1 0.0
1.0000000000000007 0.1 0.0
1.0000000000000007 0.1 0.0
1.0000000000000007 0.1 0.0
1.0000000000000007 0.1 0.0
1.0000000000000007 0.1 0.0
1.0000000000000007 0.1 0.0
1.0000000000000007 0.1 0.0
1.0000000000000007 0.1 0.0
1.0000000000000007 0.1 0.0
1.0000000000000007 0.1 0.0
1.0000000000000007 0.1 0.0
1.0000000000000007 0.1 0.0
1.0000000000000007 0.1 0.0
1.0000000000000007 0.1 0.0
1.0000000000000007 0.1 0.0
1.0000000000000007 0.1 0.0
1.0000000000000007 0.1 0.0
1.0000000000000007 0.1 0.0
1.0000000000000007 0.1 0.0
1.0000000000000007 0.1 0.0
1.0000000000000007 0.1 0.0
1.0000000000000007 0.1 0.0
1.0000000000000007 0.1 0.0
1.0000000000000007 0.1 0.0
1.0000000000000007 0.1 0.0
1.0000000000000007 0.1 0.0
1.0000000000000007 0.1 0.0
1.0000000000000007 0.1 0.0
1.0000000000000007 0.1 0.0
1.0002425655976683 0.1 6.345356101624323e-05
1.000960932944607 0.1 0.0002465106205747605
1.0021411078717208 0.1 0.0005384556434818824
1.0037690962099133 0.1 0.000928892961266139
1.005830903790088 0.1 0.001407746772178259
1.0083125364431493 0.1 0.00196526114119117
1.0112000000000008 0.1 0.0025919999999999997
1.0144793002915458 0.1 0.003278847147022074
1.0181364431486888 0.1 0.004017006247396917
1.022157434402333 0.1 0.004798000832986255
1.0265282798833826 0.1 0.00561367430237401
1.0312349854227412 0.1 0.006456189920866304
1.0362635568513126 0.1 0.007318030820491461
1.0416000000000007 0.1 0.008192
1.0472303206997091 0.1 0.00907122032486464
1.053140524781342 0.1 0.009949134527280298
1.0593166180758025 0.1 0.010819505206164096
1.0657446064139948 0.1 0.01167641482715535
1.0724104956268228 0.1 0.012514265722615575
1.0793002915451901 0.1 0.013327780091628487
1.0864000000000007 0.1 0.014112
1.0936956268221583 0.1 0.014862287380258223
1.1011731778425664 0.1 0.015574324031653479
1.108818658892129 0.1 0.016244111620158264
1.11661807580175 0.1 0.016867971678467306
1.124557434402333 0.1 0.0174425456059975
1.1326227405247822 0.1 0.01796479466888796
1.1408000000000007 0.1 0.018431999999999997
1.1490752186588928 0.1 0.01884176259891711
1.1574344023323624 0.1 0.019192003331945026
1.1658635568513127 0.1 0.01948096293211162
1.174348688046648 0.1 0.019707201999167007
1.182875801749272 0.1 0.0198696009995835
1.1914309037900883 0.1 0.019967360266555594
1.2000000000000008 0.1 0.01999999999999999
1.2085690962099134 0.1 0.0199673602665556
1.2171241982507297 0.1 0.0198696009995835
1.2256513119533536 0.1 0.019707201999167007
1.234136443148689 0.1 0.0194809629321116
1.2425655976676393 0.1 0.019192003331945026
1.2509247813411086 0.1 0.018841762598917122
1.2592000000000008 0.1 0.018432000000000004
1.2673772594752195 0.1 0.01796479466888795
1.2754425655976687 0.1 0.017442545605997506
1.2833819241982516 0.1 0.01686797167846729
1.2911813411078725 0.1 0.016244111620158264
1.2988268221574353 0.1 0.015574324031653486
1.3063043731778436 0.1 0.014862287380258216
1.313600000000001 0.1 0.014112000000000013
1.3206997084548113 0.1 0.013327780091628494
1.3275895043731787 0.1 0.012514265722615547
1.3342553935860066 0.1 0.01167641482715534
1.3406833819241992 0.1 0.01081950520616412
1.3468594752186598 0.1 0.009949134527280301
1.3527696793002923 0.1 0.009071220324864626
1.358400000000001 0.1 0.008192000000000005
1.3637364431486891 0.1 0.007318030820491456
1.3687650145772603 0.1 0.006456189920866273
1.3734717201166189 0.1 0.005613674302374
1.3778425655976685 0.1 0.004798000832986288
1.3818635568513127 0.1 0.004017006247396898
1.3855206997084557 0.1 0.0032788471470220903
1.388800000000001 0.1 0.0025920000000000387
1.3916874635568521 0.1 0.001965261141191166
1.3941690962099136 0.1 0.0014077467721782533
1.3962309037900886 0.1 0.0009288929612661367
1.3978588921282808 0.1 0.0005384556434818721
1.3990390670553945 0.1 0.00024651062057473583
1.3997574344023334 0.1 6.345356101622457e-05
1.400000000000001 0.1 0.0
1.400000000000001 0.1 0.0
1.400000000000001 0.1 0.0
1.400000000000001 0.1 0.0
1.400000000000001 0.1 0.0
1.400000000000001 0.1 0.0
1.400000000000001 0.1 0.0
1.400000000000001 0.1 0.0
1.400000000000001 0.1 0.0
1.400000000000001 0.1 0.0
1.400000000000001 0.1 0.0
1.400000000000001 0.1 0.0
1.400000000000001 0.1 0.0
1.400000000000001 0.1 0.0
1.400000000000001 0.1 0.0
1.400000000000001 0.1 0.0
1.400000000000001 0.1 0.0
1.400000000000001 0.1 0.0
1.400000000000001 0.1 0.0
1.400000000000001 0.1 0.0
1.400000000000001 0.1 0.0
1.400000000000001 0.1 0.0
1.400000000000001 0.1 0.0
1.400000000000001 0.1 0.0
1.400000000000001 0.1 0.0
1.400000000000001 0.1 0.0
1.400000000000001 0.1 0.0
1.400000000000001 0.1 0.0
1.400000000000001 0.1 0.0
1.400000000000001 0.1 0.0
1.400000000000001 0.1 0.0
1.400000000000001 0.1 0.0
1.400000000000001 0.1 0.0
1.400000000000001 0.1 0.0
1.400000000000001 0.1 0.0
1.400000000000001 0.1 0.0
1.400000000000001 0.1 0.0
1.400000000000001 0.1 0.0
1.400000000000001 0.1 0.0
1.400000000000001 0.1 0.0
1.400000000000001 0.1 0.0
1.400000000000001 0.1 0.0
1.400000000000001 0.1 0.0
1.400000000000001 0.1 0.0
1.400000000000001 0.1 0.0
1.400000000000001 0.1 0.0
1.400000000000001 0.1 0.0
1.400000000000001 0.1 0.0
1.400000000000001 0.1 0.0
1.400000000000001 0.1 0.0
1.400000000000001 0.1 0.0
1.400000000000001 0.1 0.0
1.400000000000001 0.1 0.0
1.400000000000001 0.1 0.0
1.400000000000001 0.1 0.0
1.400000000000001 0.1 0.0
1.400000000000001 0.1 0.0
1.400000000000001 0.1 0.0
1.400000000000001 0.1 0.0
1.400000000000001 0.1 0.0
1.400000000000001 0.1 0.0
1.400000000000001 0.1 0.0
1.400000000000001 0.1 0.0
1.400000000000001 0.1 0.0
1.400000000000001 0.1 0.0
1.400000000000001 0.1 0.0
1.400000000000001 0.1 0.0
1.400000000000001 0.1 0.0
1.400000000000001 0.1 0.0
1.400000000000001 0.1 0.0
1.400000000000001 0.1 0.0
1.400000000000001 0.1 0.0
1.400000000000001 0.1 0.0
1.400000000000001 0.1 0.0
1.400000000000001 0.1 0.0
1.400000000000001 0.1 0.0
1.400000000000001 0.1 0.0
1.400000000000001 0.1 0.0
1.400000000000001 0.1 0.0
1.400000000000001 0.1 0.0
1.400000000000001 0.1 0.0
1.400000000000001 0.1 0.0
1.400000000000001 0.1 0.0
1.400000000000001 0.1 0.0
1.400000000000001 0.1 0.0
1.400000000000001 0.1 0.0
1.400000000000001 0.1 0.0
1.400000000000001 0.1 0.0
1.400000000000001 0.1 0.0
1.400000000000001 0.1 0.0
1.400000000000001 0.1 0.0
1.400000000000001 0.1 0.0
1.400000000000001 0.1 0.0
1.400000000000001 0.1 0.0
1.400000000000001 0.1 0.0
1.400000000000001 0.1 0.0
1.400000000000001 0.1 0.0
1.400000000000001 0.1 0.0
1.400000000000001 0.1 0.0
1.400000000000001 0.1 0.0
1.400000000000001 0.1 0.0
1.400000000000001 0.1 0.0
1.400000000000001 0.1 0.0
1.400000000000001 0.1 0.0
1.400000000000001 0.1 0.0
1.400000000000001 0.1 0.0
1.400000000000001 0.1 0.0
1.400000000000001 0.1 0.0
1.400000000000001 0.1 0.0
1.400000000000001 0.1 0.0
1.400000000000001 0.1 0.0
1.400000000000001 0.1 0.0
1.400000000000001 0.1 0.0
1.400000000000001 0.1 0.0
1.400000000000001 0.1 0.0
1.400000000000001 0.1 0.0
1.400000000000001 0.1 0.0
1.400000000000001 0.1 0.0
1.400000000000001 0.1 0.0
1.400000000000001 0.1 0.0
1.400000000000001 0.1 0.0
1.400000000000001 0.1 0.0
1.400000000000001 0.1 0.0
1.400000000000001 0.1 0.0
1.400000000000001 0.1 0.0
1.400000000000001 0.1 0.0
1.400000000000001 0.1 0.0
1.400000000000001 0.1 0.0
1.400000000000001 0.1 0.0
1.400000000000001 0.1 0.0
1.400000000000001 0.1 0.0
1.4002425655976687 0.1 6.345356101624323e-05
1.4009609329446073 0.1 0.0002465106205747605
1.4021411078717212 0.1 0.0005384556434818824
1.4037690962099136 0.1 0.000928892961266139
1.4058309037900885 0.1 0.001407746772178259
1.4083125364431497 0.1 0.00196526114119117
1.4112000000000011 0.1 0.0025919999999999997
1.4144793002915461 0.1 0.003278847147022074
1.4181364431486891 0.1 0.004017006247396917
1.4221574344023333 0.1 0.004798000832986255
1.426528279883383 0.1 0.00561367430237401
1.4312349854227415 0.1 0.006456189920866304
1.436263556851313 0.1 0.007318030820491461
1.441600000000001 0.1 0.008192
1.4472303206997095 0.1 0.00907122032486464
1.4531405247813423 0.1 0.009949134527280298
1.4593166180758028 0.1 0.010819505206164096
1.4657446064139952 0.1 0.01167641482715535
1.4724104956268231 0.1 0.012514265722615575
1.4793002915451905 0.1 0.013327780091628487
1.486400000000001 0.1 0.014112
1.4936956268221586 0.1 0.014862287380258223
1.5011731778425668 0.1 0.015574324031653479
1.5088186588921293 0.1 0.016244111620158264
1.5166180758017505 0.1 0.016867971678467306
1.5245574344023334 0.1 0.0174425456059975
1.5326227405247825 0.1 0.01796479466888796
1.540800000000001 0.1 0.018431999999999997
1.5490752186588932 0.1 0.01884176259891711
1.5574344023323627 0.1 0.019192003331945026
1.565863556851313 0.1 0.01948096293211162
1.5743486880466484 0.1 0.019707201999167007
1.5828758017492723 0.1 0.0198696009995835
1.5914309037900887 0.1 0.019967360266555594
1.6000000000000012 0.1 0.01999999999999999
1.6085690962099137 0.1 0.0199673602665556
1.61712419825073 0.1 0.0198696009995835
1.625651311953354 0.1 0.019707201999167007
1.6341364431486893 0.1 0.0194809629321116
1.6425655976676397 0.1 0.019192003331945026
1.650924781341109 0.1 0.018841762598917122
1.6592000000000011 0.1 0.018432000000000004
1.6673772594752199 0.1 0.01796479466888795
1.675442565597669 0.1 0.017442545605997506
1.683381924198252 0.1 0.01686797167846729
1.6911813411078729 0.1 0.016244111620158264
1.6988268221574356 0.1 0.015574324031653486
1.706304373177844 0.1 0.014862287380258216
1.7136000000000013 0.1 0.014112000000000013
1.7206997084548117 0.1 0.013327780091628494
1.727589504373179 0.1 0.012514265722615547
1.734255393586007 0.1 0.01167641482715534
1.7406833819241996 0.1 0.01081950520616412
1.7468594752186601 0.1 0.009949134527280301
1.7527696793002927 0.1 0.009071220324864626
1.7584000000000013 0.1 0.008192000000000005
1.7637364431486895 0.1 0.007318030820491456
1.7687650145772607 0.1 0.006456189920866273
1.7734717201166192 0.1 0.005613674302374
1.7778425655976688 0.1 0.004798000832986288
1.781863556851313 0.1 0.004017006247396898
1.785520699708456 0.1 0.0032788471470220903
1.7888000000000013 0.1 0.0025920000000000387
1.7916874635568525 0.1 0.001965261141191166
1.794169096209914 0.1 0.0014077467721782533
1.796230903790089 0.1 0.0009288929612661367
1.7978588921282812 0.1 0.0005384556434818721
1.7990390670553948 0.1 0.00024651062057473583
1.7997574344023337 0.1 6.345356101622457e-05
1.8000000000000014 0.1 0.0
1.8000000000000014 0.1 0.0
1.8000000000000014 0.1 0.0
1.8000000000000014 0.1 0.0
1.8000000000000014 0.1 0.0
1.8000000000000014 0.1 0.0
1.8000000000000014 0.1 0.0
1.8000000000000014 0.1 0.0
1.8000000000000014 0.1 0.0
1.8000000000000014 0.1 0.0
1.8000000000000014 0.1 0.0
1.8000000000000014 0.1 0.0
1.8000000000000014 0.1 0.0
1.8000000000000014 0.1 0.0
1.8000000000000014 0.1 0.0
1.8000000000000014 0.1 0.0
1.8000000000000014 0.1 0.0
1.8000000000000014 0.1 0.0
1.8000000000000014 0.1 0.0
1.8000000000000014 0.1 0.0
1.8000000000000014 0.1 0.0
1.8000000000000014 0.1 0.0
1.8000000000000014 0.1 0.0
1.8000000000000014 0.1 0.0
1.8000000000000014 0.1 0.0
1.8000000000000014 0.1 0.0
1.8000000000000014 0.1 0.0
1.8000000000000014 0.1 0.0
1.8000000000000014 0.1 0.0
1.8000000000000014 0.1 0.0
1.8000000000000014 0.1 0.0
1.8000000000000014 0.1 0.0
1.8000000000000014 0.1 0.0
1.8000000000000014 0.1 0.0
1.8000000000000014 0.1 0.0
1.8000000000000014 0.1 0.0
1.8000000000000014 0.1 0.0
1.8000000000000014 0.1 0.0
1.8000000000000014 0.1 0.0
1.8000000000000014 0.1 0.0
1.8000000000000014 0.1 0.0
1.8000000000000014 0.1 0.0
1.8000000000000014 0.1 0.0
1.8000000000000014 0.1 0.0
1.8000000000000014 0.1 0.0
1.8000000000000014 0.1 0.0
1.8000000000000014 0.1 0.0
1.8000000000000014 0.1 0.0
1.8000000000000014 0.1 0.0
1.8000000000000014 0.1 0.0
1.8000000000000014 0.1 0.0
1.8000000000000014 0.1 0.0
1.8000000000000014 0.1 0.0
1.8000000000000014 0.1 0.0
1.8000000000000014 0.1 0.0
1.8000000000000014 0.1 0.0
1.8000000000000014 0.1 0.0
1.8000000000000014 0.1 0.0
1.8000000000000014 0.1 0.0
1.8000000000000014 0.1 0.0
1.8000000000000014 0.1 0.0
1.8000000000000014 0.1 0.0
1.8000000000000014 0.1 0.0
1.8000000000000014 0.1 0.0
1.8000000000000014 0.1 0.0
1.8000000000000014 0.1 0.0
1.8000000000000014 0.1 0.0
1.8000000000000014 0.1 0.0
1.8000000000000014 0.1 0.0
1.8000000000000014 0.1 0.0
1.8000000000000014 0.1 0.0
1.8000000000000014 0.1 0.0
1.8000000000000014 0.1 0.0
1.8000000000000014 0.1 0.0
1.8000000000000014 0.1 0.0
1.8000000000000014 0.1 0.0
1.8000000000000014 0.1 0.0
1.8000000000000014 0.1 0.0
1.8000000000000014 0.1 0.0
1.8000000000000014 0.1 0.0
1.8000000000000014 0.1 0.0
1.8000000000000014 0.1 0.0
1.8000000000000014 0.1 0.0
1.8000000000000014 0.1 0.0
1.8000000000000014 0.1 0.0
1.8000000000000014 0.1 0.0
1.8000000000000014 0.1 0.0
1.8000000000000014 0.1 0.0
1.8000000000000014 0.1 0.0
1.8000000000000014 0.1 0.0
1.8000000000000014 0.1 0.0
1.8000000000000014 0.1 0.0
1.8000000000000014 0.1 0.0
1.8000000000000014 0.1 0.0
1.8000000000000014 0.1 0.0
1.8000000000000014 0.1 0.0
1.8000000000000014 0.1 0.0
1.8000000000000014 0.1 0.0
1.8000000000000014 0.1 0.0
1.8000000000000014 0.1 0.0
1.8000000000000014 0.1 0.0
1.8000000000000014 0.1 0.0
1.8000000000000014 0.1 0.0
1.8000000000000014 0.1 0.0
1.8000000000000014 0.1 0.0
1.8000000000000014 0.1 0.0
1.8000000000000014 0.1 0.0
1.8000000000000014 0.1 0.0
1.8000000000000014 0.1 0.0
1.8000000000000014 0.1 0.0
1.8000000000000014 0.1 0.0
1.8000000000000014 0.1 0.0
1.8000000000000014 0.1 0.0
1.8000000000000014 0.1 0.0
1.8000000000000014 0.1 0.0
1.8000000000000014 0.1 0.0
1.8000000000000014 0.1 0.0
1.8000000000000014 0.1 0.0
1.8000000000000014 0.1 0.0
1.8000000000000014 0.1 0.0
1.8000000000000014 0.1 0.0
1.8000000000000014 0.1 0.0
1.8000000000000014 0.1 0.0
1.8000000000000014 0.1 0.0
1.8000000000000014 0.1 0.0
1.8000000000000014 0.1 0.0
1.8000000000000014 0.1 0.0
1.8000000000000014 0.1 0.0
1.8000000000000014 0.1 0.0
1.8000000000000014 0.1 0.0
1.8000000000000014 0.1 0.0
1.800206180758019 0.1 6.345356101624323e-05
1.8008167930029169 0.1 0.0002465106205747605
1.8018199416909635 0.1 0.0005384556434818824
1.803203731778427 0.1 0.000928892961266139
1.8049562682215758 0.1 0.001407746772178259
1.807065655976678 0.1 0.00196526114119117
1.8095200000000016 0.1 0.0025919999999999997
1.812307405247815 0.1 0.003278847147022074
1.8154159766763864 0.1 0.004017006247396917
1.8188338192419842 0.1 0.004798000832986255
1.8225490379008764 0.1 0.00561367430237401
1.8265497376093314 0.1 0.006456189920866304
1.830824023323617 0.1 0.007318030820491461
1.835360000000002 0.1 0.008192
1.8401457725947543 0.1 0.00907122032486464
1.8451694460641421 0.1 0.009949134527280298
1.8504191253644338 0.1 0.010819505206164096
1.8558829154518974 0.1 0.01167641482715535
1.8615489212828014 0.1 0.012514265722615575
1.8674052478134138 0.1 0.013327780091628487
1.8734400000000029 0.1 0.014112
1.8796412827988367 0.1 0.014862287380258223
1.8859972011661839 0.1 0.015574324031653479
1.8924958600583122 0.1 0.016244111620158264
1.8991253644314903 0.1 0.016867971678467306
1.905873819241986 0.1 0.0174425456059975
1.9127293294460677 0.1 0.01796479466888796
1.9196800000000038 0.1 0.018431999999999997
1.9267139358600622 0.1 0.01884176259891711
1.9338192419825113 0.1 0.019192003331945026
1.9409840233236193 0.1 0.01948096293211162
1.9481963848396544 0.1 0.019707201999167007
1.9554444314868848 0.1 0.0198696009995835
1.9627162682215789 0.1 0.019967360266555594
1.9700000000000046 0.1 0.01999999999999999
1.9772837317784306 0.1 0.0199673602665556
1.9845555685131244 0.1 0.0198696009995835
1.991803615160355 0.1 0.019707201999167007
1.9990159766763902 0.1 0.0194809629321116
2.006180758017498 0.1 0.019192003331945026
2.0132860641399475 0.1 0.018841762598917122
2.0203200000000057 0.1 0.018432000000000004
2.027270670553942 0.1 0.01796479466888795
2.0341261807580233 0.1 0.017442545605997506
2.0408746355685192 0.1 0.01686797167846729
2.0475041399416973 0.1 0.016244111620158264
2.0540027988338254 0.1 0.015574324031653486
2.0603587172011726 0.1 0.014862287380258216
2.0665600000000066 0.1 0.014112000000000013
2.0725947521865957 0.1 0.013327780091628494
2.078451078717208 0.1 0.012514265722615547
2.084117084548112 0.1 0.01167641482715534
2.0895808746355757 0.1 0.01081950520616412
2.0948305539358674 0.1 0.009949134527280301
2.099854227405255 0.1 0.009071220324864626
2.1046400000000074 0.1 0.008192000000000005
2.1091759766763922 0.1 0.007318030820491456
2.113450262390678 0.1 0.006456189920866273
2.117450962099133 0.1 0.005613674302374
2.121166180758025 0.1 0.004798000832986288
2.1245840233236226 0.1 0.004017006247396898
2.1276925947521943 0.1 0.0032788471470220903
2.130480000000008 0.1 0.0025920000000000387
2.1329343440233317 0.1 0.001965261141191166
2.1350437317784334 0.1 0.0014077467721782533
2.136796268221582 0.1 0.0009288929612661367
2.138180058309046 0.1 0.0005384556434818721
2.1391832069970924 0.1 0.00024651062057473583
2.1397938192419903 0.1 6.345356101622457e-05
2.140000000000008 0.1 0.0
2.140000000000008 0.1 0.0
2.140000000000008 0.1 0.0
2.140000000000008 0.1 0.0
2.140000000000008 0.1 0.0
2.140000000000008 0.1 0.0
2.140000000000008 0.1 0.0
2.140000000000008 0.1 0.0
2.140000000000008 0.1 0.0
2.140000000000008 0.1 0.0
2.140000000000008 0.1 0.0
2.140000000000008 0.1 0.0
2.140000000000008 0.1 0.0
2.140000000000008 0.1 0.0
2.140000000000008 0.1 0.0
2.140000000000008 0.1 0.0
2.140000000000008 0.1 0.0
2.140000000000008 0.1 0.0
2.140000000000008 0.1 0.0
2.140000000000008 0.1 0.0
2.140000000000008 0.1 0.0
2.140000000000008 0.1 0.0
2.140000000000008 0.1 0.0
2.140000000000008 0.1 0.0
2.140000000000008 0.1 0.0
2.140000000000008 0.1 0.0
2.140000000000008 0.1 0.0
2.140000000000008 0.1 0.0
2.140000000000008 0.1 0.0
2.140000000000008 0.1 0.0
2.140000000000008 0.1 0.0
2.140000000000008 0.1 0.0
2.140000000000008 0.1 0.0
2.140000000000008 0.1 0.0
2.140000000000008 0.1 0.0
2.140000000000008 0.1 0.0
2.140000000000008 0.1 0.0
2.140000000000008 0.1 0.0
2.140000000000008 0.1 0.0
2.140000000000008 0.1 0.0
2.140000000000008 0.1 0.0
2.140000000000008 0.1 0.0
2.140000000000008 0.1 0.0
2.140000000000008 0.1 0.0
2.140000000000008 0.1 0.0
2.140000000000008 0.1 0.0
2.140000000000008 0.1 0.0
2.140000000000008 0.1 0.0
2.140000000000008 0.1 0.0
2.140000000000008 0.1 0.0
2.140000000000008 0.1 0.0
2.140000000000008 0.1 0.0
2.140000000000008 0.1 0.0
2.140000000000008 0.1 0.0
2.140000000000008 0.1 0.0
2.140000000000008 0.1 0.0
2.140000000000008 0.1 0.0
2.140000000000008 0.1 0.0
2.140000000000008 0.1 0.0
2.140000000000008 0.1 0.0
2.140000000000008 0.1 0.0
2.140000000000008 0.1 0.0
2.140000000000008 0.1 0.0
2.140000000000008 0.1 0.0
2.140000000000008 0.1 0.0
2.140000000000008 0.1 0.0
2.140000000000008 0.1 0.0
2.140000000000008 0.1 0.0
2.140000000000008 0.1 0.0
2.140000000000008 0.1 0.0
2.140000000000008 0.1 0.0
2.140000000000008 0.1 0.0
2.140000000000008 0.1 0.0
2.140000000000008 0.1 0.0
2.140000000000008 0.1 0.0
2.140000000000008 0.1 0.0
2.140000000000008 0.1 0.0
2.140000000000008 0.1 0.0
2.140000000000008 0.1 0.0
2.140000000000008 0.1 0.0
2.140000000000008 0.1 0.0
2.140000000000008 0.1 0.0
2.140000000000008 0.1 0.0
2.140000000000008 0.1 0.0
2.140000000000008 0.1 0.0
2.140000000000008 0.1 0.0
2.140000000000008 0.1 0.0
2.140000000000008 0.1 0.0
2.140000000000008 0.1 0.0
2.140000000000008 0.1 0.0
2.140000000000008 0.1 0.0
2.140000000000008 0.1 0.0
2.140000000000008 0.1 0.0
2.140000000000008 0.1 0.0
2.140000000000008 0.1 0.0
2.140000000000008 0.1 0.0
2.140000000000008 0.1 0.0
2.140000000000008 0.1 0.0
2.140000000000008 0.1 0.0
2.140000000000008 0.1 0.0
2.140000000000008 0.1 0.0
2.140000000000008 0.1 0.0
2.140000000000008 0.1 0.0
2.140000000000008 0.1 0.0
2.140000000000008 0.1 0.0
2.140000000000008 0.1 0.0
2.140000000000008 0.1 0.0
2.140000000000008 0.1 0.0
2.140000000000008 0.1 0.0
2.140000000000008 0.1 0.0
2.140000000000008 0.1 0.0
2.140000000000008 0.1 0.0
2.140000000000008 0.1 0.0
2.140000000000008 0.1 0.0
2.140000000000008 0.1 0.0
2.140000000000008 0.1 0.0
2.140000000000008 0.1 0.0
2.140000000000008 0.1 0.0
2.140000000000008 0.1 0.0
2.140000000000008 0.1 0.0
2.140000000000008 0.1 0.0
2.140000000000008 0.1 0.0
2.140000000000008 0.1 0.0
2.140000000000008 0.1 0.0
2.140000000000008 0.1 0.0
2.140000000000008 0.1 0.0
2.140000000000008 0.1 0.0
2.140000000000008 0.1 0.0
2.140000000000008 0.1 0.0
2.140000000000008 0.1 0.0
2.140000000000008 0.1 0.0
2.1402061807580255 0.1 6.345356101624323e-05
2.1408167930029234 0.1 0.0002465106205747605
2.1418199416909705 0.1 0.0005384556434818824
2.143203731778434 0.1 0.000928892961266139
2.1449562682215824 0.1 0.001407746772178259
2.1470656559766845 0.1 0.00196526114119117
2.1495200000000083 0.1 0.0025919999999999997
2.152307405247822 0.1 0.003278847147022074
2.155415976676393 0.1 0.004017006247396917
2.158833819241991 0.1 0.004798000832986255
2.162549037900883 0.1 0.00561367430237401
2.166549737609338 0.1 0.006456189920866304
2.170824023323624 0.1 0.007318030820491461
2.175360000000009 0.1 0.008192
2.180145772594761 0.1 0.00907122032486464
2.185169446064149 0.1 0.009949134527280298
2.1904191253644405 0.1 0.010819505206164096
2.195882915451904 0.1 0.01167641482715535
2.201548921282808 0.1 0.012514265722615575
2.2074052478134205 0.1 0.013327780091628487
2.2134400000000096 0.1 0.014112
2.2196412827988437 0.1 0.014862287380258223
2.225997201166191 0.1 0.015574324031653479
2.232495860058319 0.1 0.016244111620158264
2.239125364431497 0.1 0.016867971678467306
2.245873819241993 0.1 0.0174425456059975
2.2527293294460744 0.1 0.01796479466888796
2.2596800000000106 0.1 0.018431999999999997
2.266713935860069 0.1 0.01884176259891711
2.273819241982518 0.1 0.019192003331945026
2.2809840233236263 0.1 0.01948096293211162
2.288196384839661 0.1 0.019707201999167007
2.295444431486892 0.1 0.0198696009995835
2.3027162682215856 0.1 0.019967360266555594
2.3100000000000116 0.1 0.01999999999999999
2.3172837317784376 0.1 0.0199673602665556
2.3245555685131314 0.1 0.0198696009995835
2.331803615160362 0.1 0.019707201999167007
2.339015976676397 0.1 0.0194809629321116
2.346180758017505 0.1 0.019192003331945026
2.353286064139954 0.1 0.018841762598917122
2.3603200000000126 0.1 0.018432000000000004
2.367270670553949 0.1 0.01796479466888795
2.3741261807580303 0.1 0.017442545605997506
2.380874635568526 0.1 0.01686797167846729
2.3875041399417043 0.1 0.016244111620158264
2.3940027988338324 0.1 0.015574324031653486
2.4003587172011795 0.1 0.014862287380258216
2.4065600000000136 0.1 0.014112000000000013
2.4125947521866027 0.1 0.013327780091628494
2.418451078717215 0.1 0.012514265722615547
2.4241170845481186 0.1 0.01167641482715534
2.4295808746355827 0.1 0.01081950520616412
2.4348305539358743 0.1 0.009949134527280301
2.439854227405262 0.1 0.009071220324864626
2.4446400000000144 0.1 0.008192000000000005
2.449175976676399 0.1 0.007318030820491456
2.453450262390685 0.1 0.006456189920866273
2.45745096209914 0.1 0.005613674302374
2.461166180758032 0.1 0.004798000832986288
2.4645840233236296 0.1 0.004017006247396898
2.4676925947522013 0.1 0.0032788471470220903
2.470480000000015 0.1 0.0025920000000000387
2.4729343440233387 0.1 0.001965261141191166
2.4750437317784404 0.1 0.0014077467721782533
2.476796268221589 0.1 0.0009288929612661367
2.4781800583090527 0.1 0.0005384556434818721
2.4791832069970994 0.1 0.00024651062057473583
2.4797938192419973 0.1 6.345356101622457e-05
2.480000000000015 0.1 0.0
2.480000000000015 0.1 0.0
2.480000000000015 0.1 0.0
2.480000000000015 0.1 0.0
2.480000000000015 0.1 0.0
2.480000000000015 0.1 0.0
2.480000000000015 0.1 0.0
2.480000000000015 0.1 0.0
2.480000000000015 0.1 0.0
2.480000000000015 0.1 0.0
2.480000000000015 0.1 0.0
2.480000000000015 0.1 0.0
2.480000000000015 0.1 0.0
2.480000000000015 0.1 0.0
2.480000000000015 0.1 0.0
2.480000000000015 0.1 0.0
2.480000000000015 0.1 0.0
2.480000000000015 0.1 0.0
2.480000000000015 0.1 0.0
2.480000000000015 0.1 0.0
2.480000000000015 0.1 0.0
2.480000000000015 0.1 0.0
2.480000000000015 0.1 0.0
2.480000000000015 0.1 0.0
2.480000000000015 0.1 0.0
2.480000000000015 0.1 0.0
2.480000000000015 0.1 0.0
2.480000000000015 0.1 0.0
2.480000000000015 0.1 0.0
2.480000000000015 0.1 0.0
2.480000000000015 0.1 0.0
2.480000000000015 0.1 0.0
2.480000000000015 0.1 0.0
2.480000000000015 0.1 0.0
2.480000000000015 0.1 0.0
2.480000000000015 0.1 0.0
2.480000000000015 0.1 0.0
2.480000000000015 0.1 0.0
2.480000000000015 0.1 0.0
2.480000000000015 0.1 0.0
2.480000000000015 0.1 0.0
2.480000000000015 0.1 0.0
2.480000000000015 0.1 0.0
2.480000000000015 0.1 0.0
2.480000000000015 0.1 0.0
2.480000000000015 0.1 0.0
2.480000000000015 0.1 0.0
2.480000000000015 0.1 0.0
2.480000000000015 0.1 0.0
2.480000000000015 0.1 0.0
2.480000000000015 0.1 0.0
2.480000000000015 0.1 0.0
2.480000000000015 0.1 0.0
2.480000000000015 0.1 0.0
2.480000000000015 0.1 0.0
2.480000000000015 0.1 0.0
2.480000000000015 0.1 0.0
2.480000000000015 0.1 0.0
2.480000000000015 0.1 0.0
2.480000000000015 0.1 0.0
2.480000000000015 0.1 0.0
2.480000000000015 0.1 0.0
2.480000000000015 0.1 0.0
2.480000000000015 0.1 0.0
2.480000000000015 0.1 0.0
2.480000000000015 0.1 0.0
2.480000000000015 0.1 0.0
2.480000000000015 0.1 0.0
2.480000000000015 0.1 0.0
2.480000000000015 0.1 0.0
2.480000000000015 0.1 0.0
2.480000000000015 0.1 0.0
2.480000000000015 0.1 0.0
2.480000000000015 0.1 0.0
2.480000000000015 0.1 0.0
2.480000000000015 0.1 0.0
2.480000000000015 0.1 0.0
2.480000000000015 0.1 0.0
2.480000000000015 0.1 0.0
2.480000000000015 0.1 0.0
2.480000000000015 0.1 0.0
2.480000000000015 0.1 0.0
2.480000000000015 0.1 0.0
2.480000000000015 0.1 0.0
2.480000000000015 0.1 0.0
2.480000000000015 0.1 0.0
2.480000000000015 0.1 0.0
2.480000000000015 0.1 0.0
2.480000000000015 0.1 0.0
2.480000000000015 0.1 0.0
2.480000000000015 0.1 0.0
2.480000000000015 0.1 0.0
2.480000000000015 0.1 0.0
2.480000000000015 0.1 0.0
2.480000000000015 0.1 0.0
2.480000000000015 0.1 0.0
2.480000000000015 0.1 0.0
2.480000000000015 0.1 0.0
2.480000000000015 0.1 0.0
2.480000000000015 0.1 0.0
2.480000000000015 0.1 0.0
2.480000000000015 0.1 0.0
2.480000000000015 0.1 0.0
2.480000000000015 0.1 0.0
2.480000000000015 0.1 0.0
2.480000000000015 0.1 0.0
2.480000000000015 0.1 0.0
2.480000000000015 0.1 0.0
2.480000000000015 0.1 0.0
2.480000000000015 0.1 0.0
2.480000000000015 0.1 0.0
2.480000000000015 0.1 0.0
2.480000000000015 0.1 0.0
2.480000000000015 0.1 0.0
2.480000000000015 0.1 0.0
2.480000000000015 0.1 0.0
2.480000000000015 0.1 0.0
2.480000000000015 0.1 0.0
2.480000000000015 0.1 0.0
2.480000000000015 0.1 0.0
2.480000000000015 0.1 0.0
2.480000000000015 0.1 0.0
2.480000000000015 0.1 0.0
2.480000000000015 0.1 0.0
2.480000000000015 0.1 0.0
2.480000000000015 0.1 0.0
2.480000000000015 0.1 0.0
2.480000000000015 0.1 0.0
2.480000000000015 0.1 0.0
2.480000000000015 0.1 0.0
2.480000000000015 0.1 0.0
2.480121282798849 0.1 6.345356101624323e-05
2.480480466472318 0.1 0.0002465106205747605
2.481070553935875 0.1 0.0005384556434818824
2.481884548104971 0.1 0.000928892961266139
2.4829154518950585 0.1 0.001407746772178259
2.484156268221589 0.1 0.00196526114119117
2.4856000000000145 0.1 0.0025919999999999997
2.4872396501457867 0.1 0.003278847147022074
2.489068221574358 0.1 0.004017006247396917
2.49107871720118 0.1 0.004798000832986255
2.4932641399417044 0.1 0.00561367430237401
2.4956174927113834 0.1 0.006456189920866304
2.498131778425669 0.1 0.007318030820491461
2.500800000000013 0.1 0.008192
2.5036151603498666 0.1 0.00907122032486464
2.506570262390683 0.1 0.009949134527280298
2.5096583090379125 0.1 0.010819505206164096
2.5128723032070086 0.1 0.01167641482715535
2.516205247813422 0.1 0.012514265722615575
2.5196501457726055 0.1 0.013327780091628487
2.5232000000000103 0.1 0.014112
2.5268478134110888 0.1 0.014862287380258223
2.530586588921292 0.1 0.015574324031653479
2.5344093294460732 0.1 0.016244111620158264
2.5383090379008832 0.1 0.016867971678467306
2.5422787172011745 0.1 0.0174425456059975
2.5463113702623983 0.1 0.01796479466888796
2.5504000000000073 0.1 0.018431999999999997
2.554537609329453 0.1 0.01884176259891711
2.558717201166187 0.1 0.019192003331945026
2.562931778425662 0.1 0.01948096293211162
2.567174344023329 0.1 0.019707201999167007
2.5714379008746406 0.1 0.0198696009995835
2.5757154518950482 0.1 0.019967360266555594
2.580000000000004 0.1 0.01999999999999999
2.58428454810496 0.1 0.0199673602665556
2.5885620991253675 0.1 0.0198696009995835
2.592825655976679 0.1 0.019707201999167007
2.597068221574346 0.1 0.0194809629321116
2.601282798833821 0.1 0.019192003331945026
2.605462390670555 0.1 0.018841762598917122
2.609600000000001 0.1 0.018432000000000004
2.61368862973761 0.1 0.01796479466888795
2.6177212827988336 0.1 0.017442545605997506
2.621690962099125 0.1 0.01686797167846729
2.625590670553935 0.1 0.016244111620158264
2.629413411078716 0.1 0.015574324031653486
2.6331521865889194 0.1 0.014862287380258216
2.636799999999998 0.1 0.014112000000000013
2.6403498542274026 0.1 0.013327780091628494
2.643794752186586 0.1 0.012514265722615547
2.6471276967929995 0.1 0.01167641482715534
2.6503416909620956 0.1 0.01081950520616412
2.653429737609325 0.1 0.009949134527280301
2.6563848396501415 0.1 0.009071220324864626
2.6591999999999953 0.1 0.008192000000000005
2.661868221574339 0.1 0.007318030820491456
2.6643825072886242 0.1 0.006456189920866273
2.6667358600583033 0.1 0.005613674302374
2.668921282798828 0.1 0.004798000832986288
2.67093177842565 0.1 0.004017006247396898
2.6727603498542214 0.1 0.0032788471470220903
2.6743999999999937 0.1 0.0025920000000000387
2.675843731778419 0.1 0.001965261141191166
2.6770845481049497 0.1 0.0014077467721782533
2.678115451895037 0.1 0.0009288929612661367
2.6789294460641333 0.1 0.0005384556434818721
2.67951953352769 0.1 0.00024651062057473583
2.6798787172011593 0.1 6.345356101622457e-05
2.679999999999993 0.1 0.0
2.679999999999993 0.1 0.0
2.679999999999993 0.1 0.0
2.679999999999993 0.1 0.0
2.679999999999993 0.1 0.0
2.679999999999993 0.1 0.0
2.679999999999993 0.1 0.0
2.679999999999993 0.1 0.0
2.679999999999993 0.1 0.0
2.679999999999993 0.1 0.0
2.679999999999993 0.1 0.0
2.679999999999993 0.1 0.0
2.679999999999993 0.1 0.0
2.679999999999993 0.1 0.0
2.679999999999993 0.1 0.0
2.679999999999993 0.1 0.0
2.679999999999993 0.1 0.0
2.679999999999993 0.1 0.0
2.679999999999993 0.1 0.0
2.679999999999993 0.1 0.0
2.679999999999993 0.1 0.0
2.679999999999993 0.1 0.0
2.679999999999993 0.1 0.0
2.679999999999993 0.1 0.0
2.679999999999993 0.1 0.0
2.679999999999993 0.1 0.0
2.679999999999993 0.1 0.0
2.679999999999993 0.1 0.0
2.679999999999993 0.1 0.0
2.679999999999993 0.1 0.0
2.679999999999993 0.1 0.0
2.679999999999993 0.1 0.0
2.679999999999993 0.1 0.0
2.679999999999993 0.1 0.0
2.679999999999993 0.1 0.0
2.679999999999993 0.1 0.0
2.679999999999993 0.1 0.0
2.679999999999993 0.1 0.0
2.679999999999993 0.1 0.0
2.679999999999993 0.1 0.0
2.679999999999993 0.1 0.0
2.679999999999993 0.1 0.0
2.679999999999993 0.1 0.0
2.679999999999993 0.1 0.0
2.679999999999993 0.1 0.0
2.679999999999993 0.1 0.0
2.679999999999993 0.1 0.0
2.679999999999993 0.1 0.0
2.679999999999993 0.1 0.0
2.679999999999993 0.1 0.0
2.679999999999993 0.1 0.0
2.679999999999993 0.1 0.0
2.679999999999993 0.1 0.0
2.679999999999993 0.1 0.0
2.679999999999993 0.1 0.0
2.679999999999993 0.1 0.0
2.679999999999993 0.1 0.0
2.679999999999993 0.1 0.0
2.679999999999993 0.1 0.0
2.679999999999993 0.1 0.0
2.679999999999993 0.1 0.0
2.679999999999993 0.1 0.0
2.679999999999993 0.1 0.0
2.679999999999993 0.1 0.0
2.679999999999993 0.1 0.0
2.679999999999993 0.1 0.0
2.679999999999993 0.1 0.0
2.679999999999993 0.1 0.0
2.679999999999993 0.1 0.0
2.679999999999993 0.1 0.0
2.679999999999993 0.1 0.0
2.679999999999993 0.1 0.0
2.679999999999993 0.1 0.0
2.679999999999993 0.1 0.0
2.679999999999993 0.1 0.0
2.679999999999993 0.1 0.0
2.679999999999993 0.1 0.0
2.679999999999993 0.1 0.0
2.679999999999993 0.1 0.0
2.679999999999993 0.1 0.0
2.679999999999993 0.1 0.0
2.679999999999993 0.1 0.0
2.679999999999993 0.1 0.0
2.679999999999993 0.1 0.0
2.679999999999993 0.1 0.0
2.679999999999993 0.1 0.0
2.679999999999993 0.1 0.0
2.679999999999993 0.1 0.0
2.679999999999993 0.1 0.0
2.679999999999993 0.1 0.0
2.679999999999993 0.1 0.0
2.679999999999993 0.1 0.0
2.679999999999993 0.1 0.0
2.679999999999993 0.1 0.0
2.679999999999993 0.1 0.0
2.679999999999993 0.1 0.0
2.679999999999993 0.1 0.0
2.679999999999993 0.1 0.0
2.679999999999993 0.1 0.0
2.679999999999993 0.1 0.0
2.679999999999993 0.1 0.0
2.679999999999993 0.1 0.0
2.679999999999993 0.1 0.0
2.679999999999993 0.1 0.0
2.679999999999993 0.1 0.0
2.679999999999993 0.1 0.0
2.679999999999993 0.1 0.0
2.679999999999993 0.1 0.0
2.679999999999993 0.1 0.0
2.679999999999993 0.1 0.0
2.679999999999993 0.1 0.0
2.679999999999993 0.1 0.0
2.679999999999993 0.1 0.0
2.679999999999993 0.1 0.0
2.679999999999993 0.1 0.0
2.679999999999993 0.1 0.0
2.679999999999993 0.1 0.0
2.679999999999993 0.1 0.0
2.679999999999993 0.1 0.0
2.679999999999993 0.1 0.0
2.679999999999993 0.1 0.0
2.679999999999993 0.1 0.0
2.679999999999993 0.1 0.0
2.679999999999993 0.1 0.0
2.679999999999993 0.1 0.0
2.679999999999993 0.1 0.0
2.679999999999993 0.1 0.0
2.679999999999993 0.1 0.0
2.679999999999993 0.1 0.0
2.679999999999993 0.1 0.0
