1.0310923973763693e-17
-0.1
0.0
end
1.0310923973763693e-17
0.1
0.0
end
0.0999999136510344
-0.09999991304737947
-1.4311688653443682e-08
end
0.19999998987208323
0.0999999779624353
-2.63388364803948e-09
end
0.2999974834412539
-0.10000159853660212
-1.3147216754960566e-08
end
0.3999999681525358
0.09999996109890084
-5.075898351676101e-09
end
0.5000000176520908
-0.10000003305094743
4.534617520428472e-09
end
0.5999978882271888
0.10000110562091555
-1.6428812609176223e-08
end
0.7000000000000006
-0.1
0.0
end
0.8000000000000007
0.1
0.0
end
0.9000000000000008
-0.1
0.0
end
1.0000000000000009
0.1
0.0
end
1.0999999999999899
-0.1
0.0
end
1.1999999999999789
0.1
0.0
end
1.2999999999999678
-0.1
0.0
end
1.3999999999999568
0.1
0.0
end
1.4999999999999458
-0.1
0.0
end
1.5999999999999348
0.1
0.0
end
1.6999999999999238
-0.1
0.0
end
1.7999999999999128
0.1
0.0
end
1.8999999999999018
-0.1
0.0
end
1.9999999999998908
0.1
0.0
end
2.0999999999998797
-0.1
0.0
end
2.1999999999998687
0.1
0.0
end
