1.0310923973763693e-17 0.10163857612916291 -1.3877787807814457e-17
1.0310923973763693e-17 0.10163857612916291 -1.3877787807814457e-17
1.0310923973763693e-17 0.10163857612916291 -1.3877787807814457e-17
1.0310923973763693e-17 0.10163857612916291 -1.3877787807814457e-17
1.0310923973763693e-17 0.10163857612916291 -1.3877787807814457e-17
1.0310923973763693e-17 0.10163857612916291 -1.3877787807814457e-17
1.0310923973763693e-17 0.10163857612916291 -1.3877787807814457e-17
1.0310923973763693e-17 0.10163857612916291 -1.3877787807814457e-17
1.0310923973763693e-17 0.10163857612916291 -1.3877787807814457e-17
1.0310923973763693e-17 0.10163857612916291 -1.3877787807814457e-17
1.0310923973763693e-17 0.10163857612916291 -1.3877787807814457e-17
1.0310923973763693e-17 0.10163857612916291 -1.3877787807814457e-17
1.0310923973763693e-17 0.10163857612916291 -1.3877787807814457e-17
1.0310923973763693e-17 0.10163857612916291 -1.3877787807814457e-17
1.0310923973763693e-17 0.10163857612916291 -1.3877787807814457e-17
1.0310923973763693e-17 0.10163857612916291 -1.3877787807814457e-17
1.0310923973763693e-17 0.10163857612916291 -1.3877787807814457e-17
1.0310923973763693e-17 0.10163857612916291 -1.3877787807814457e-17
1.0310923973763693e-17 0.10163857612916291 -1.3877787807814457e-17
1.0310923973763693e-17 0.10163857612916291 -1.3877787807814457e-17
1.0310923973763693e-17 0.10163857612916291 -1.3877787807814457e-17
1.0310923973763693e-17 0.10163857612916291 -1.3877787807814457e-17
1.0310923973763693e-17 0.10163857612916291 -1.3877787807814457e-17
1.0310923973763693e-17 0.10163857612916291 -1.3877787807814457e-17
1.0310923973763693e-17 0.10163857612916291 -1.3877787807814457e-17
1.0310923973763693e-17 0.10163857612916291 -1.3877787807814457e-17
1.0310923973763693e-17 0.10163857612916291 -1.3877787807814457e-17
1.0310923973763693e-17 0.10163857612916291 -1.3877787807814457e-17
1.0310923973763693e-17 0.10163857612916291 -1.3877787807814457e-17
1.0310923973763693e-17 0.10163857612916291 -1.3877787807814457e-17
1.0310923973763693e-17 0.10163857612916291 -1.3877787807814457e-17
1.0310923973763693e-17 0.10163857612916291 -1.3877787807814457e-17
1.0310923973763693e-17 0.10163857612916291 -1.3877787807814457e-17
1.0310923973763693e-17 0.10163857612916291 -1.3877787807814457e-17
1.0310923973763693e-17 0.10163857612916291 -1.3877787807814457e-17
1.0310923973763693e-17 0.10163857612916291 -1.3877787807814457e-17
1.0310923973763693e-17 0.10163857612916291 -1.3877787807814457e-17
1.0310923973763693e-17 0.10163857612916291 -1.3877787807814457e-17
1.0310923973763693e-17 0.10163857612916291 -1.3877787807814457e-17
1.0310923973763693e-17 0.10163857612916291 -1.3877787807814457e-17
1.0310923973763693e-17 0.10163857612916291 -1.3877787807814457e-17
1.0310923973763693e-17 0.10163857612916291 -1.3877787807814457e-17
1.0310923973763693e-17 0.10163857612916291 -1.3877787807814457e-17
1.0310923973763693e-17 0.10163857612916291 -1.3877787807814457e-17
1.0310923973763693e-17 0.10163857612916291 -1.3877787807814457e-17
1.0310923973763693e-17 0.10163857612916291 -1.3877787807814457e-17
1.0310923973763693e-17 0.10163857612916291 -1.3877787807814457e-17
1.0310923973763693e-17 0.10163857612916291 -1.3877787807814457e-17
1.0310923973763693e-17 0.10163857612916291 -1.3877787807814457e-17
1.0310923973763693e-17 0.10163857612916291 -1.3877787807814457e-17
1.0310923973763693e-17 0.10163857612916291 -1.3877787807814457e-17
1.0310923973763693e-17 0.10163857612916291 -1.3877787807814457e-17
1.0310923973763693e-17 0.10163857612916291 -1.3877787807814457e-17
1.0310923973763693e-17 0.10163857612916291 -1.3877787807814457e-17
1.0310923973763693e-17 0.10163857612916291 -1.3877787807814457e-17
1.0310923973763693e-17 0.10163857612916291 -1.3877787807814457e-17
1.0310923973763693e-17 0.10163857612916291 -1.3877787807814457e-17
1.0310923973763693e-17 0.10163857612916291 -1.3877787807814457e-17
1.0310923973763693e-17 0.10163857612916291 -1.3877787807814457e-17
1.0310923973763693e-17 0.10163857612916291 -1.3877787807814457e-17
1.0310923973763693e-17 0.10163857612916291 -1.3877787807814457e-17
1.0310923973763693e-17 0.10163857612916291 -1.3877787807814457e-17
1.0310923973763693e-17 0.10163857612916291 -1.3877787807814457e-17
1.0310923973763693e-17 0.10163857612916291 -1.3877787807814457e-17
1.0310923973763693e-17 0.10163857612916291 -1.3877787807814457e-17
1.0310923973763693e-17 0.10163857612916291 -1.3877787807814457e-17
1.0310923973763693e-17 0.10163857612916291 -1.3877787807814457e-17
1.0310923973763693e-17 0.10163857612916291 -1.3877787807814457e-17
1.0310923973763693e-17 0.10163857612916291 -1.3877787807814457e-17
1.0310923973763693e-17 0.10163857612916291 -1.3877787807814457e-17
1.0310923973763693e-17 0.10163857612916291 -1.3877787807814457e-17
1.0310923973763693e-17 0.10163857612916291 -1.3877787807814457e-17
1.0310923973763693e-17 0.10163857612916291 -1.3877787807814457e-17
1.0310923973763693e-17 0.10163857612916291 -1.3877787807814457e-17
1.0310923973763693e-17 0.10163857612916291 -1.3877787807814457e-17
1.0310923973763693e-17 0.10163857612916291 -1.3877787807814457e-17
1.0310923973763693e-17 0.10163857612916291 -1.3877787807814457e-17
1.0310923973763693e-17 0.10163857612916291 -1.3877787807814457e-17
1.0310923973763693e-17 0.10163857612916291 -1.3877787807814457e-17
1.0310923973763693e-17 0.10163857612916291 -1.3877787807814457e-17
1.0310923973763693e-17 0.10163857612916291 -1.3877787807814457e-17
1.0310923973763693e-17 0.10163857612916291 -1.3877787807814457e-17
1.0310923973763693e-17 0.10163857612916291 -1.3877787807814457e-17
1.0310923973763693e-17 0.10163857612916291 -1.3877787807814457e-17
1.0310923973763693e-17 0.10163857612916291 -1.3877787807814457e-17
1.0310923973763693e-17 0.10163857612916291 -1.3877787807814457e-17
1.0310923973763693e-17 0.10163857612916291 -1.3877787807814457e-17
1.0310923973763693e-17 0.10163857612916291 -1.3877787807814457e-17
1.0310923973763693e-17 0.10163857612916291 -1.3877787807814457e-17
1.0310923973763693e-17 0.10163857612916291 -1.3877787807814457e-17
1.0310923973763693e-17 0.10163857612916291 -1.3877787807814457e-17
1.0310923973763693e-17 0.10163857612916291 -1.3877787807814457e-17
1.0310923973763693e-17 0.10163857612916291 -1.3877787807814457e-17
1.0310923973763693e-17 0.10163857612916291 -1.3877787807814457e-17
1.0310923973763693e-17 0.10163857612916291 -1.3877787807814457e-17
1.0310923973763693e-17 0.10163857612916291 -1.3877787807814457e-17
1.0310923973763693e-17 0.10163857612916291 -1.3877787807814457e-17
1.0310923973763693e-17 0.10163857612916291 -1.3877787807814457e-17
1.0310923973763693e-17 0.10163857612916291 -1.3877787807814457e-17
1.0310923973763693e-17 0.10163857612916291 -1.3877787807814457e-17
1.0310923973763693e-17 0.10163857612916291 -1.3877787807814457e-17
1.0310923973763693e-17 0.10163857612916291 -1.3877787807814457e-17
1.0310923973763693e-17 0.10163857612916291 -1.3877787807814457e-17
1.0310923973763693e-17 0.10163857612916291 -1.3877787807814457e-17
1.0310923973763693e-17 0.10163857612916291 -1.3877787807814457e-17
1.0310923973763693e-17 0.10163857612916291 -1.3877787807814457e-17
1.0310923973763693e-17 0.10163857612916291 -1.3877787807814457e-17
1.0310923973763693e-17 0.10163857612916291 -1.3877787807814457e-17
1.0310923973763693e-17 0.10163857612916291 -1.3877787807814457e-17
1.0310923973763693e-17 0.10163857612916291 -1.3877787807814457e-17
1.0310923973763693e-17 0.10163857612916291 -1.3877787807814457e-17
1.0310923973763693e-17 0.10163857612916291 -1.3877787807814457e-17
1.0310923973763693e-17 0.10163857612916291 -1.3877787807814457e-17
1.0310923973763693e-17 0.10163857612916291 -1.3877787807814457e-17
1.0310923973763693e-17 0.10163857612916291 -1.3877787807814457e-17
1.0310923973763693e-17 0.10163857612916291 -1.3877787807814457e-17
1.0310923973763693e-17 0.10163857612916291 -1.3877787807814457e-17
1.0310923973763693e-17 0.10163857612916291 -1.3877787807814457e-17
1.0310923973763693e-17 0.10163857612916291 -1.3877787807814457e-17
1.0310923973763693e-17 0.10163857612916291 -1.3877787807814457e-17
1.0310923973763693e-17 0.10163857612916291 -1.3877787807814457e-17
1.0310923973763693e-17 0.10163857612916291 -1.3877787807814457e-17
1.0310923973763693e-17 0.10163857612916291 -1.3877787807814457e-17
1.0310923973763693e-17 0.10163857612916291 -1.3877787807814457e-17
1.0310923973763693e-17 0.10163857612916291 -1.3877787807814457e-17
1.0310923973763693e-17 0.10163857612916291 -1.3877787807814457e-17
1.0310923973763693e-17 0.10163857612916291 -1.3877787807814457e-17
1.0310923973763693e-17 0.10163857612916291 -1.3877787807814457e-17
1.0310923973763693e-17 0.10163857612916291 -1.3877787807814457e-17
1.0310923973763693e-17 0.10163857612916291 -1.3877787807814457e-17
1.0310923973763693e-17 0.10163857612916291 -1.3877787807814457e-17
1.0310923973763693e-17 0.10163857612916291 -1.3877787807814457e-17
1.0310923973763693e-17 0.10163857612916291 -1.3877787807814457e-17
1.0310923973763693e-17 0.10163857612916291 -1.3877787807814457e-17
1.0310923973763693e-17 0.10163857612916291 -1.3877787807814457e-17
1.0310923973763693e-17 0.10163857612916291 -1.3877787807814457e-17
1.0310923973763693e-17 0.10163857612916291 -1.3877787807814457e-17
1.0310923973763693e-17 0.10163857612916291 -1.3877787807814457e-17
1.0310923973763693e-17 0.10163857612916291 -1.3877787807814457e-17
1.0310923973763693e-17 0.10163857612916291 -1.3877787807814457e-17
1.0310923973763693e-17 0.10163857612916291 -1.3877787807814457e-17
1.0310923973763693e-17 0.10163857612916291 -1.3877787807814457e-17
1.0310923973763693e-17 0.10163857612916291 -1.3877787807814457e-17
1.0310923973763693e-17 0.10163857612916291 -1.3877787807814457e-17
1.0310923973763693e-17 0.10163857612916291 -1.3877787807814457e-17
1.0310923973763693e-17 0.10163857612916291 -1.3877787807814457e-17
1.0310923973763693e-17 0.10163857612916291 -1.3877787807814457e-17
1.0310923973763693e-17 0.10163857612916291 -1.3877787807814457e-17
1.0310923973763693e-17 0.10163857612916291 -1.3877787807814457e-17
1.0310923973763693e-17 0.10163857612916291 -1.3877787807814457e-17
1.0310923973763693e-17 0.10163857612916291 -1.3877787807814457e-17
1.0310923973763693e-17 0.10163857612916291 -1.3877787807814457e-17
1.0310923973763693e-17 0.10163857612916291 -1.3877787807814457e-17
1.0310923973763693e-17 0.10163857612916291 -1.3877787807814457e-17
1.0310923973763693e-17 0.10163857612916291 -1.3877787807814457e-17
1.0310923973763693e-17 0.10163857612916291 -1.3877787807814457e-17
1.0310923973763693e-17 0.10163857612916291 -1.3877787807814457e-17
1.0310923973763693e-17 0.10163857612916291 -1.3877787807814457e-17
1.0310923973763693e-17 0.10163857612916291 -1.3877787807814457e-17
1.0310923973763693e-17 0.10163857612916291 -1.3877787807814457e-17
1.0310923973763693e-17 0.10163857612916291 -1.3877787807814457e-17
1.0310923973763693e-17 0.10163857612916291 -1.3877787807814457e-17
1.0310923973763693e-17 0.10163857612916291 -1.3877787807814457e-17
1.0310923973763693e-17 0.10163857612916291 -1.3877787807814457e-17
1.0310923973763693e-17 0.10163857612916291 -1.3877787807814457e-17
1.0310923973763693e-17 0.10163857612916291 -1.3877787807814457e-17
1.0310923973763693e-17 0.10163857612916291 -1.3877787807814457e-17
1.0310923973763693e-17 0.10163857612916291 -1.3877787807814457e-17
1.0310923973763693e-17 0.10163857612916291 -1.3877787807814457e-17
1.0310923973763693e-17 0.10163857612916291 -1.3877787807814457e-17
1.0310923973763693e-17 0.10163857612916291 -1.3877787807814457e-17
1.0310923973763693e-17 0.10163857612916291 -1.3877787807814457e-17
1.0310923973763693e-17 0.10163857612916291 -1.3877787807814457e-17
1.0310923973763693e-17 0.10163857612916291 -1.3877787807814457e-17
1.0310923973763693e-17 0.10163857612916291 -1.3877787807814457e-17
1.0310923973763693e-17 0.10163857612916291 -1.3877787807814457e-17
1.0310923973763693e-17 0.10163857612916291 -1.3877787807814457e-17
1.0310923973763693e-17 0.10163857612916291 -1.3877787807814457e-17
1.0310923973763693e-17 0.10163857612916291 -1.3877787807814457e-17
1.0310923973763693e-17 0.10163857612916291 -1.3877787807814457e-17
1.0310923973763693e-17 0.10163857612916291 -1.3877787807814457e-17
1.0310923973763693e-17 0.10163857612916291 -1.3877787807814457e-17
1.0310923973763693e-17 0.10163857612916291 -1.3877787807814457e-17
1.0310923973763693e-17 0.10163857612916291 -1.3877787807814457e-17
1.0310923973763693e-17 0.10163857612916291 -1.3877787807814457e-17
1.0310923973763693e-17 0.10163857612916291 -1.3877787807814457e-17
1.0310923973763693e-17 0.10163857612916291 -1.3877787807814457e-17
1.0310923973763693e-17 0.10163857612916291 -1.3877787807814457e-17
1.0310923973763693e-17 0.10163857612916291 -1.3877787807814457e-17
1.0310923973763693e-17 0.10163857612916291 -1.3877787807814457e-17
1.0310923973763693e-17 0.10163857612916291 -1.3877787807814457e-17
1.0310923973763693e-17 0.10163857612916291 -1.3877787807814457e-17
1.0310923973763693e-17 0.10163857612916291 -1.3877787807814457e-17
1.0310923973763693e-17 0.10163857612916291 -1.3877787807814457e-17
1.0310923973763693e-17 0.10163857612916291 -1.3877787807814457e-17
1.0310923973763693e-17 0.10163857612916291 -1.3877787807814457e-17
1.0310923973763693e-17 0.10163857612916291 -1.3877787807814457e-17
1.0310923973763693e-17 0.10163857612916291 -1.3877787807814457e-17
1.0310923973763693e-17 0.10163857612916291 -1.3877787807814457e-17
1.0310923973763693e-17 0.10163857612916291 -1.3877787807814457e-17
1.0310923973763693e-17 0.1 0.0
1.0310923973763693e-17 0.1 0.0
1.0310923973763693e-17 0.1 0.0
1.0310923973763693e-17 0.1 0.0
1.0310923973763693e-17 0.1 0.0
1.0310923973763693e-17 0.1 0.0
1.0310923973763693e-17 0.1 0.0
1.0310923973763693e-17 0.1 0.0
1.0310923973763693e-17 0.1 0.0
1.0310923973763693e-17 0.1 0.0
1.0310923973763693e-17 0.1 0.0
1.0310923973763693e-17 0.1 0.0
1.0310923973763693e-17 0.1 0.0
1.0310923973763693e-17 0.1 0.0
1.0310923973763693e-17 0.1 0.0
1.0310923973763693e-17 0.1 0.0
1.0310923973763693e-17 0.1 0.0
1.0310923973763693e-17 0.1 0.0
1.0310923973763693e-17 0.1 0.0
1.0310923973763693e-17 0.1 0.0
1.0310923973763693e-17 0.1 0.0
1.0310923973763693e-17 0.1 0.0
1.0310923973763693e-17 0.1 0.0
1.0310923973763693e-17 0.1 0.0
1.0310923973763693e-17 0.1 0.0
1.0310923973763693e-17 0.1 0.0
1.0310923973763693e-17 0.1 0.0
1.0310923973763693e-17 0.1 0.0
1.0310923973763693e-17 0.1 0.0
1.0310923973763693e-17 0.1 0.0
1.0310923973763693e-17 0.1 0.0
1.0310923973763693e-17 0.1 0.0
1.0310923973763693e-17 0.1 0.0
1.0310923973763693e-17 0.1 0.0
1.0310923973763693e-17 0.1 0.0
1.0310923973763693e-17 0.1 0.0
1.0310923973763693e-17 0.1 0.0
1.0310923973763693e-17 0.1 0.0
1.0310923973763693e-17 0.1 0.0
1.0310923973763693e-17 0.1 0.0
1.0310923973763693e-17 0.1 0.0
1.0310923973763693e-17 0.1 0.0
1.0310923973763693e-17 0.1 0.0
1.0310923973763693e-17 0.1 0.0
1.0310923973763693e-17 0.1 0.0
1.0310923973763693e-17 0.1 0.0
1.0310923973763693e-17 0.1 0.0
1.0310923973763693e-17 0.1 0.0
1.0310923973763693e-17 0.1 0.0
1.0310923973763693e-17 0.1 0.0
1.0310923973763693e-17 0.1 0.0
1.0310923973763693e-17 0.1 0.0
1.0310923973763693e-17 0.1 0.0
1.0310923973763693e-17 0.1 0.0
1.0310923973763693e-17 0.1 0.0
1.0310923973763693e-17 0.1 0.0
1.0310923973763693e-17 0.1 0.0
1.0310923973763693e-17 0.1 0.0
1.0310923973763693e-17 0.1 0.0
1.0310923973763693e-17 0.1 0.0
1.0310923973763693e-17 0.1 0.0
1.0310923973763693e-17 0.1 0.0
1.0310923973763693e-17 0.1 0.0
1.0310923973763693e-17 0.1 0.0
1.0310923973763693e-17 0.1 0.0
1.0310923973763693e-17 0.1 0.0
1.0310923973763693e-17 0.1 0.0
1.0310923973763693e-17 0.1 0.0
1.0310923973763693e-17 0.1 0.0
1.0310923973763693e-17 0.1 0.0
1.0310923973763693e-17 0.1 0.0
1.0310923973763693e-17 0.1 0.0
1.0310923973763693e-17 0.1 0.0
1.0310923973763693e-17 0.1 0.0
1.0310923973763693e-17 0.1 0.0
1.0310923973763693e-17 0.1 0.0
1.0310923973763693e-17 0.1 0.0
1.0310923973763693e-17 0.1 0.0
1.0310923973763693e-17 0.1 0.0
1.0310923973763693e-17 0.1 0.0
1.0310923973763693e-17 0.1 0.0
1.0310923973763693e-17 0.1 0.0
1.0310923973763693e-17 0.1 0.0
1.0310923973763693e-17 0.1 0.0
1.0310923973763693e-17 0.1 0.0
1.0310923973763693e-17 0.1 0.0
1.0310923973763693e-17 0.1 0.0
1.0310923973763693e-17 0.1 0.0
1.0310923973763693e-17 0.1 0.0
1.0310923973763693e-17 0.1 0.0
1.0310923973763693e-17 0.1 0.0
1.0310923973763693e-17 0.1 0.0
1.0310923973763693e-17 0.1 0.0
1.0310923973763693e-17 0.1 0.0
1.0310923973763693e-17 0.1 0.0
1.0310923973763693e-17 0.1 0.0
1.0310923973763693e-17 0.1 0.0
1.0310923973763693e-17 0.1 0.0
1.0310923973763693e-17 0.1 0.0
1.0310923973763693e-17 0.1 0.0
1.0310923973763693e-17 0.1 0.0
0.00018192419825073929 0.1 6.345356101624323e-05
0.0007206997084548213 0.1 0.0002465106205747605
0.0016058309037900991 0.1 0.0005384556434818824
0.0028268221574344146 0.1 0.000928892961266139
0.004373177842565611 0.1 0.001407746772178259
0.006234402332361531 0.1 0.00196526114119117
0.008400000000000015 0.1 0.0025919999999999997
0.010859475218658909 0.1 0.003278847147022074
0.013602332361516055 0.1 0.004017006247396917
0.01661807580174929 0.1 0.004798000832986255
0.019896209912536465 0.1 0.00561367430237401
0.02342623906705542 0.1 0.006456189920866304
0.027197667638483993 0.1 0.007318030820491461
0.03120000000000003 0.1 0.008192
0.03542274052478137 0.1 0.00907122032486464
0.039855393586005865 0.1 0.009949134527280298
0.04448746355685135 0.1 0.010819505206164096
0.049308454810495665 0.1 0.01167641482715535
0.05430787172011666 0.1 0.012514265722615575
0.05947521865889218 0.1 0.013327780091628487
0.06480000000000005 0.1 0.014112
0.07027172011661814 0.1 0.014862287380258223
0.07587988338192428 0.1 0.015574324031653479
0.08161399416909627 0.1 0.016244111620158264
0.08746355685131202 0.1 0.016867971678467306
0.09341807580174935 0.1 0.0174425456059975
0.09946705539358608 0.1 0.01796479466888796
0.10560000000000008 0.1 0.018431999999999997
0.11180641399416917 0.1 0.01884176259891711
0.11807580174927122 0.1 0.019192003331945026
0.12439766763848405 0.1 0.01948096293211162
0.1307615160349855 0.1 0.019707201999167007
0.13715685131195346 0.1 0.0198696009995835
0.14357317784256568 0.1 0.019967360266555594
0.1500000000000001 0.1 0.01999999999999999
0.1564268221574345 0.1 0.0199673602665556
0.16284314868804672 0.1 0.0198696009995835
0.16923848396501467 0.1 0.019707201999167007
0.17560233236151615 0.1 0.0194809629321116
0.181924198250729 0.1 0.019192003331945026
0.18819358600583103 0.1 0.018841762598917122
0.1944000000000001 0.1 0.018432000000000004
0.2005329446064141 0.1 0.01796479466888795
0.2065819241982509 0.1 0.017442545605997506
0.21253644314868814 0.1 0.01686797167846729
0.21838600583090395 0.1 0.016244111620158264
0.2241201166180759 0.1 0.015574324031653486
0.2297282798833821 0.1 0.014862287380258216
0.23520000000000013 0.1 0.014112000000000013
0.240524781341108 0.1 0.013327780091628494
0.24569212827988351 0.1 0.012514265722615547
0.2506915451895045 0.1 0.01167641482715534
0.2555125364431488 0.1 0.01081950520616412
0.26014460641399434 0.1 0.009949134527280301
0.2645772594752188 0.1 0.009071220324864626
0.26880000000000015 0.1 0.008192000000000005
0.27280233236151624 0.1 0.007318030820491456
0.2765737609329447 0.1 0.006456189920866273
0.28010379008746367 0.1 0.005613674302374
0.2833819241982508 0.1 0.004798000832986288
0.28639766763848407 0.1 0.004017006247396898
0.2891405247813412 0.1 0.0032788471470220903
0.29160000000000014 0.1 0.0025920000000000387
0.29376559766763866 0.1 0.001965261141191166
0.2956268221574345 0.1 0.0014077467721782533
0.2971731778425658 0.1 0.0009288929612661367
0.29839416909621014 0.1 0.0005384556434818721
0.2992793002915453 0.1 0.00024651062057473583
0.29981807580174935 0.1 6.345356101622457e-05
0.3000000000000002 0.1 0.0
0.3000000000000002 0.1 0.0
0.3000000000000002 0.1 0.0
0.3000000000000002 0.1 0.0
0.3000000000000002 0.1 0.0
0.3000000000000002 0.1 0.0
0.3000000000000002 0.1 0.0
0.3000000000000002 0.1 0.0
0.3000000000000002 0.1 0.0
0.3000000000000002 0.1 0.0
0.3000000000000002 0.1 0.0
0.3000000000000002 0.1 0.0
0.3000000000000002 0.1 0.0
0.3000000000000002 0.1 0.0
0.3000000000000002 0.1 0.0
0.3000000000000002 0.1 0.0
0.3000000000000002 0.1 0.0
0.3000000000000002 0.1 0.0
0.3000000000000002 0.1 0.0
0.3000000000000002 0.1 0.0
0.3000000000000002 0.1 0.0
0.3000000000000002 0.1 0.0
0.3000000000000002 0.1 0.0
0.3000000000000002 0.1 0.0
0.3000000000000002 0.1 0.0
0.3000000000000002 0.1 0.0
0.3000000000000002 0.1 0.0
0.3000000000000002 0.1 0.0
0.3000000000000002 0.1 0.0
0.3000000000000002 0.1 0.0
0.3000000000000002 0.1 0.0
0.3000000000000002 0.1 0.0
0.3000000000000002 0.1 0.0
0.3000000000000002 0.1 0.0
0.3000000000000002 0.1 0.0
0.3000000000000002 0.1 0.0
0.3000000000000002 0.1 0.0
0.3000000000000002 0.1 0.0
0.3000000000000002 0.1 0.0
0.3000000000000002 0.1 0.0
0.3000000000000002 0.1 0.0
0.3000000000000002 0.1 0.0
0.3000000000000002 0.1 0.0
0.3000000000000002 0.1 0.0
0.3000000000000002 0.1 0.0
0.3000000000000002 0.1 0.0
0.3000000000000002 0.1 0.0
0.3000000000000002 0.1 0.0
0.3000000000000002 0.1 0.0
0.3000000000000002 0.1 0.0
0.3000000000000002 0.1 0.0
0.3000000000000002 0.1 0.0
0.3000000000000002 0.1 0.0
0.3000000000000002 0.1 0.0
0.3000000000000002 0.1 0.0
0.3000000000000002 0.1 0.0
0.3000000000000002 0.1 0.0
0.3000000000000002 0.1 0.0
0.3000000000000002 0.1 0.0
0.3000000000000002 0.1 0.0
0.3000000000000002 0.1 0.0
0.3000000000000002 0.1 0.0
0.3000000000000002 0.1 0.0
0.3000000000000002 0.1 0.0
0.3000000000000002 0.1 0.0
0.3000000000000002 0.1 0.0
0.3000000000000002 0.1 0.0
0.3000000000000002 0.1 0.0
0.3000000000000002 0.1 0.0
0.3000000000000002 0.1 0.0
0.3000000000000002 0.1 0.0
0.3000000000000002 0.1 0.0
0.3000000000000002 0.1 0.0
0.3000000000000002 0.1 0.0
0.3000000000000002 0.1 0.0
0.3000000000000002 0.1 0.0
0.3000000000000002 0.1 0.0
0.3000000000000002 0.1 0.0
0.3000000000000002 0.1 0.0
0.3000000000000002 0.1 0.0
0.3000000000000002 0.1 0.0
0.3000000000000002 0.1 0.0
0.3000000000000002 0.1 0.0
0.3000000000000002 0.1 0.0
0.3000000000000002 0.1 0.0
0.3000000000000002 0.1 0.0
0.3000000000000002 0.1 0.0
0.3000000000000002 0.1 0.0
0.3000000000000002 0.1 0.0
0.3000000000000002 0.1 0.0
0.3000000000000002 0.1 0.0
0.3000000000000002 0.1 0.0
0.3000000000000002 0.1 0.0
0.3000000000000002 0.1 0.0
0.3000000000000002 0.1 0.0
0.3000000000000002 0.1 0.0
0.3000000000000002 0.1 0.0
0.3000000000000002 0.1 0.0
0.3000000000000002 0.1 0.0
0.3000000000000002 0.1 0.0
0.3000000000000002 0.1 0.0
0.3000000000000002 0.1 0.0
0.3000000000000002 0.1 0.0
0.3000000000000002 0.1 0.0
0.3000000000000002 0.1 0.0
0.3000000000000002 0.1 0.0
0.3000000000000002 0.1 0.0
0.3000000000000002 0.1 0.0
0.3000000000000002 0.1 0.0
0.3000000000000002 0.1 0.0
0.3000000000000002 0.1 0.0
0.3000000000000002 0.1 0.0
0.3000000000000002 0.1 0.0
0.3000000000000002 0.1 0.0
0.3000000000000002 0.1 0.0
0.3000000000000002 0.1 0.0
0.3000000000000002 0.1 0.0
0.3000000000000002 0.1 0.0
0.3000000000000002 0.1 0.0
0.3000000000000002 0.1 0.0
0.3000000000000002 0.1 0.0
0.3000000000000002 0.1 0.0
0.3000000000000002 0.1 0.0
0.3000000000000002 0.1 0.0
0.3000000000000002 0.1 0.0
0.3000000000000002 0.1 0.0
0.3000000000000002 0.1 0.0
0.3000000000000002 0.1 0.0
0.3000000000000002 0.1 0.0
0.3000000000000002 0.1 0.0
0.3000000000000002 0.1 0.0
0.30018192419825096 0.1 6.345356101624323e-05
0.300720699708455 0.1 0.0002465106205747605
0.3016058309037903 0.1 0.0005384556434818824
0.30282682215743456 0.1 0.000928892961266139
0.30437317784256573 0.1 0.001407746772178259
0.30623440233236165 0.1 0.00196526114119117
0.3084000000000001 0.1 0.0025919999999999997
0.310859475218659 0.1 0.003278847147022074
0.3136023323615161 0.1 0.004017006247396917
0.3166180758017493 0.1 0.004798000832986255
0.3198962099125364 0.1 0.00561367430237401
0.3234262390670553 0.1 0.006456189920866304
0.32719766763848385 0.1 0.007318030820491461
0.33119999999999983 0.1 0.008192
0.33542274052478116 0.1 0.00907122032486464
0.3398553935860056 0.1 0.009949134527280298
0.344487463556851 0.1 0.010819505206164096
0.3493084548104953 0.1 0.01167641482715535
0.3543078717201162 0.1 0.012514265722615575
0.35947521865889165 0.1 0.013327780091628487
0.36479999999999946 0.1 0.014112
0.37027172011661746 0.1 0.014862287380258223
0.3758798833819236 0.1 0.015574324031653479
0.38161399416909547 0.1 0.016244111620158264
0.3874635568513112 0.1 0.016867971678467306
0.3934180758017484 0.1 0.0174425456059975
0.39946705539358507 0.1 0.01796479466888796
0.40559999999999896 0.1 0.018431999999999997
0.411806413994168 0.1 0.01884176259891711
0.41807580174926995 0.1 0.019192003331945026
0.42439766763848275 0.1 0.01948096293211162
0.43076151603498414 0.1 0.019707201999167007
0.437156851311952 0.1 0.0198696009995835
0.4435731778425641 0.1 0.019967360266555594
0.4499999999999985 0.1 0.01999999999999999
0.4564268221574328 0.1 0.0199673602665556
0.46284314868804494 0.1 0.0198696009995835
0.46923848396501283 0.1 0.019707201999167007
0.4756023323615142 0.1 0.0194809629321116
0.48192419825072697 0.1 0.019192003331945026
0.48819358600582896 0.1 0.018841762598917122
0.49439999999999795 0.1 0.018432000000000004
0.5005329446064118 0.1 0.01796479466888795
0.5065819241982485 0.1 0.017442545605997506
0.5125364431486857 0.1 0.01686797167846729
0.5183860058309016 0.1 0.016244111620158264
0.5241201166180733 0.1 0.015574324031653486
0.5297282798833796 0.1 0.014862287380258216
0.5351999999999975 0.1 0.014112000000000013
0.5405247813411053 0.1 0.013327780091628494
0.5456921282798808 0.1 0.012514265722615547
0.5506915451895016 0.1 0.01167641482715534
0.5555125364431459 0.1 0.01081950520616412
0.5601446064139913 0.1 0.009949134527280301
0.5645772594752159 0.1 0.009071220324864626
0.5687999999999971 0.1 0.008192000000000005
0.5728023323615131 0.1 0.007318030820491456
0.5765737609329415 0.1 0.006456189920866273
0.5801037900874604 0.1 0.005613674302374
0.5833819241982476 0.1 0.004798000832986288
0.5863976676384808 0.1 0.004017006247396898
0.5891405247813379 0.1 0.0032788471470220903
0.5915999999999968 0.1 0.0025920000000000387
0.5937655976676353 0.1 0.001965261141191166
0.5956268221574311 0.1 0.0014077467721782533
0.5971731778425624 0.1 0.0009288929612661367
0.5983941690962067 0.1 0.0005384556434818721
0.5992793002915419 0.1 0.00024651062057473583
0.599818075801746 0.1 6.345356101622457e-05
0.5999999999999968 0.1 0.0
0.5999999999999968 0.1 0.0
0.5999999999999968 0.1 0.0
0.5999999999999968 0.1 0.0
0.5999999999999968 0.1 0.0
0.5999999999999968 0.1 0.0
0.5999999999999968 0.1 0.0
0.5999999999999968 0.1 0.0
0.5999999999999968 0.1 0.0
0.5999999999999968 0.1 0.0
0.5999999999999968 0.1 0.0
0.5999999999999968 0.1 0.0
0.5999999999999968 0.1 0.0
0.5999999999999968 0.1 0.0
0.5999999999999968 0.1 0.0
0.5999999999999968 0.1 0.0
0.5999999999999968 0.1 0.0
0.5999999999999968 0.1 0.0
0.5999999999999968 0.1 0.0
0.5999999999999968 0.1 0.0
0.5999999999999968 0.1 0.0
0.5999999999999968 0.1 0.0
0.5999999999999968 0.1 0.0
0.5999999999999968 0.1 0.0
0.5999999999999968 0.1 0.0
0.5999999999999968 0.1 0.0
0.5999999999999968 0.1 0.0
0.5999999999999968 0.1 0.0
0.5999999999999968 0.1 0.0
0.5999999999999968 0.1 0.0
0.5999999999999968 0.1 0.0
0.5999999999999968 0.1 0.0
0.5999999999999968 0.1 0.0
0.5999999999999968 0.1 0.0
0.5999999999999968 0.1 0.0
0.5999999999999968 0.1 0.0
0.5999999999999968 0.1 0.0
0.5999999999999968 0.1 0.0
0.5999999999999968 0.1 0.0
0.5999999999999968 0.1 0.0
0.5999999999999968 0.1 0.0
0.5999999999999968 0.1 0.0
0.5999999999999968 0.1 0.0
0.5999999999999968 0.1 0.0
0.5999999999999968 0.1 0.0
0.5999999999999968 0.1 0.0
0.5999999999999968 0.1 0.0
0.5999999999999968 0.1 0.0
0.5999999999999968 0.1 0.0
0.5999999999999968 0.1 0.0
0.5999999999999968 0.1 0.0
0.5999999999999968 0.1 0.0
0.5999999999999968 0.1 0.0
0.5999999999999968 0.1 0.0
0.5999999999999968 0.1 0.0
0.5999999999999968 0.1 0.0
0.5999999999999968 0.1 0.0
0.5999999999999968 0.1 0.0
0.5999999999999968 0.1 0.0
0.5999999999999968 0.1 0.0
0.5999999999999968 0.1 0.0
0.5999999999999968 0.1 0.0
0.5999999999999968 0.1 0.0
0.5999999999999968 0.1 0.0
0.5999999999999968 0.1 0.0
0.5999999999999968 0.1 0.0
0.5999999999999968 0.1 0.0
0.5999999999999968 0.1 0.0
0.5999999999999968 0.1 0.0
0.5999999999999968 0.1 0.0
0.5999999999999968 0.1 0.0
0.5999999999999968 0.1 0.0
0.5999999999999968 0.1 0.0
0.5999999999999968 0.1 0.0
0.5999999999999968 0.1 0.0
0.5999999999999968 0.1 0.0
0.5999999999999968 0.1 0.0
0.5999999999999968 0.1 0.0
0.5999999999999968 0.1 0.0
0.5999999999999968 0.1 0.0
0.5999999999999968 0.1 0.0
0.5999999999999968 0.1 0.0
0.5999999999999968 0.1 0.0
0.5999999999999968 0.1 0.0
0.5999999999999968 0.1 0.0
0.5999999999999968 0.1 0.0
0.5999999999999968 0.1 0.0
0.5999999999999968 0.1 0.0
0.5999999999999968 0.1 0.0
0.5999999999999968 0.1 0.0
0.5999999999999968 0.1 0.0
0.5999999999999968 0.1 0.0
0.5999999999999968 0.1 0.0
0.5999999999999968 0.1 0.0
0.5999999999999968 0.1 0.0
0.5999999999999968 0.1 0.0
0.5999999999999968 0.1 0.0
0.5999999999999968 0.1 0.0
0.5999999999999968 0.1 0.0
0.5999999999999968 0.1 0.0
0.5999999999999968 0.1 0.0
0.5999999999999968 0.1 0.0
0.5999999999999968 0.1 0.0
0.5999999999999968 0.1 0.0
0.5999999999999968 0.1 0.0
0.5999999999999968 0.1 0.0
0.5999999999999968 0.1 0.0
0.5999999999999968 0.1 0.0
0.5999999999999968 0.1 0.0
0.5999999999999968 0.1 0.0
0.5999999999999968 0.1 0.0
0.5999999999999968 0.1 0.0
0.5999999999999968 0.1 0.0
0.5999999999999968 0.1 0.0
0.5999999999999968 0.1 0.0
0.5999999999999968 0.1 0.0
0.5999999999999968 0.1 0.0
0.5999999999999968 0.1 0.0
0.5999999999999968 0.1 0.0
0.5999999999999968 0.1 0.0
0.5999999999999968 0.1 0.0
0.5999999999999968 0.1 0.0
0.5999999999999968 0.1 0.0
0.5999999999999968 0.1 0.0
0.5999999999999968 0.1 0.0
0.5999999999999968 0.1 0.0
0.5999999999999968 0.1 0.0
0.5999999999999968 0.1 0.0
0.5999999999999968 0.1 0.0
0.5999999999999968 0.1 0.0
0.5999999999999968 0.1 0.0
0.6001819241982475 0.1 6.345356101624323e-05
0.6007206997084515 0.1 0.0002465106205747605
0.6016058309037868 0.1 0.0005384556434818824
0.6028268221574311 0.1 0.000928892961266139
0.6043731778425622 0.1 0.001407746772178259
0.606234402332358 0.1 0.00196526114119117
0.6083999999999965 0.1 0.0025919999999999997
0.6108594752186552 0.1 0.003278847147022074
0.6136023323615123 0.1 0.004017006247396917
0.6166180758017454 0.1 0.004798000832986255
0.6198962099125325 0.1 0.00561367430237401
0.6234262390670513 0.1 0.006456189920866304
0.6271976676384797 0.1 0.007318030820491461
0.6311999999999957 0.1 0.008192
0.6354227405247768 0.1 0.00907122032486464
0.6398553935860012 0.1 0.009949134527280298
0.6444874635568465 0.1 0.010819505206164096
0.6493084548104906 0.1 0.01167641482715535
0.6543078717201114 0.1 0.012514265722615575
0.6594752186588867 0.1 0.013327780091628487
0.6647999999999944 0.1 0.014112
0.6702717201166123 0.1 0.014862287380258223
0.6758798833819182 0.1 0.015574324031653479
0.68161399416909 0.1 0.016244111620158264
0.6874635568513056 0.1 0.016867971678467306
0.6934180758017426 0.1 0.0174425456059975
0.6994670553935791 0.1 0.01796479466888796
0.7055999999999929 0.1 0.018431999999999997
0.7118064139941618 0.1 0.01884176259891711
0.7180758017492637 0.1 0.019192003331945026
0.7243976676384762 0.1 0.01948096293211162
0.7307615160349774 0.1 0.019707201999167007
0.7371568513119452 0.1 0.0198696009995835
0.7435731778425572 0.1 0.019967360266555594
0.7499999999999913 0.1 0.01999999999999999
0.7564268221574255 0.1 0.0199673602665556
0.7628431486880375 0.1 0.0198696009995835
0.7692384839650053 0.1 0.019707201999167007
0.7756023323615064 0.1 0.0194809629321116
0.781924198250719 0.1 0.019192003331945026
0.7881935860058209 0.1 0.018841762598917122
0.7943999999999897 0.1 0.018432000000000004
0.8005329446064035 0.1 0.01796479466888795
0.80658192419824 0.1 0.017442545605997506
0.812536443148677 0.1 0.01686797167846729
0.8183860058308927 0.1 0.016244111620158264
0.8241201166180644 0.1 0.015574324031653486
0.8297282798833704 0.1 0.014862287380258216
0.8351999999999882 0.1 0.014112000000000013
0.8405247813410959 0.1 0.013327780091628494
0.8456921282798713 0.1 0.012514265722615547
0.8506915451894921 0.1 0.01167641482715534
0.8555125364431362 0.1 0.01081950520616412
0.8601446064139815 0.1 0.009949134527280301
0.8645772594752058 0.1 0.009071220324864626
0.868799999999987 0.1 0.008192000000000005
0.872802332361503 0.1 0.007318030820491456
0.8765737609329313 0.1 0.006456189920866273
0.8801037900874501 0.1 0.005613674302374
0.8833819241982371 0.1 0.004798000832986288
0.8863976676384703 0.1 0.004017006247396898
0.8891405247813273 0.1 0.0032788471470220903
0.8915999999999862 0.1 0.0025920000000000387
0.8937655976676246 0.1 0.001965261141191166
0.8956268221574204 0.1 0.0014077467721782533
0.8971731778425516 0.1 0.0009288929612661367
0.8983941690961958 0.1 0.0005384556434818721
0.899279300291531 0.1 0.00024651062057473583
0.8998180758017351 0.1 6.345356101622457e-05
0.8999999999999859 0.1 0.0
0.8999999999999859 0.1 0.0
0.8999999999999859 0.1 0.0
0.8999999999999859 0.1 0.0
0.8999999999999859 0.1 0.0
0.8999999999999859 0.1 0.0
0.8999999999999859 0.1 0.0
0.8999999999999859 0.1 0.0
0.8999999999999859 0.1 0.0
0.8999999999999859 0.1 0.0
0.8999999999999859 0.1 0.0
0.8999999999999859 0.1 0.0
0.8999999999999859 0.1 0.0
0.8999999999999859 0.1 0.0
0.8999999999999859 0.1 0.0
0.8999999999999859 0.1 0.0
0.8999999999999859 0.1 0.0
0.8999999999999859 0.1 0.0
0.8999999999999859 0.1 0.0
0.8999999999999859 0.1 0.0
0.8999999999999859 0.1 0.0
0.8999999999999859 0.1 0.0
0.8999999999999859 0.1 0.0
0.8999999999999859 0.1 0.0
0.8999999999999859 0.1 0.0
0.8999999999999859 0.1 0.0
0.8999999999999859 0.1 0.0
0.8999999999999859 0.1 0.0
0.8999999999999859 0.1 0.0
0.8999999999999859 0.1 0.0
0.8999999999999859 0.1 0.0
0.8999999999999859 0.1 0.0
0.8999999999999859 0.1 0.0
0.8999999999999859 0.1 0.0
0.8999999999999859 0.1 0.0
0.8999999999999859 0.1 0.0
0.8999999999999859 0.1 0.0
0.8999999999999859 0.1 0.0
0.8999999999999859 0.1 0.0
0.8999999999999859 0.1 0.0
0.8999999999999859 0.1 0.0
0.8999999999999859 0.1 0.0
0.8999999999999859 0.1 0.0
0.8999999999999859 0.1 0.0
0.8999999999999859 0.1 0.0
0.8999999999999859 0.1 0.0
0.8999999999999859 0.1 0.0
0.8999999999999859 0.1 0.0
0.8999999999999859 0.1 0.0
0.8999999999999859 0.1 0.0
0.8999999999999859 0.1 0.0
0.8999999999999859 0.1 0.0
0.8999999999999859 0.1 0.0
0.8999999999999859 0.1 0.0
0.8999999999999859 0.1 0.0
0.8999999999999859 0.1 0.0
0.8999999999999859 0.1 0.0
0.8999999999999859 0.1 0.0
0.8999999999999859 0.1 0.0
0.8999999999999859 0.1 0.0
0.8999999999999859 0.1 0.0
0.8999999999999859 0.1 0.0
0.8999999999999859 0.1 0.0
0.8999999999999859 0.1 0.0
0.8999999999999859 0.1 0.0
0.8999999999999859 0.1 0.0
0.8999999999999859 0.1 0.0
0.8999999999999859 0.1 0.0
0.8999999999999859 0.1 0.0
0.8999999999999859 0.1 0.0
0.8999999999999859 0.1 0.0
0.8999999999999859 0.1 0.0
0.8999999999999859 0.1 0.0
0.8999999999999859 0.1 0.0
0.8999999999999859 0.1 0.0
0.8999999999999859 0.1 0.0
0.8999999999999859 0.1 0.0
0.8999999999999859 0.1 0.0
0.8999999999999859 0.1 0.0
0.8999999999999859 0.1 0.0
0.8999999999999859 0.1 0.0
0.8999999999999859 0.1 0.0
0.8999999999999859 0.1 0.0
0.8999999999999859 0.1 0.0
0.8999999999999859 0.1 0.0
0.8999999999999859 0.1 0.0
0.8999999999999859 0.1 0.0
0.8999999999999859 0.1 0.0
0.8999999999999859 0.1 0.0
0.8999999999999859 0.1 0.0
0.8999999999999859 0.1 0.0
0.8999999999999859 0.1 0.0
0.8999999999999859 0.1 0.0
0.8999999999999859 0.1 0.0
0.8999999999999859 0.1 0.0
0.8999999999999859 0.1 0.0
0.8999999999999859 0.1 0.0
0.8999999999999859 0.1 0.0
0.8999999999999859 0.1 0.0
0.8999999999999859 0.1 0.0
0.8999999999999859 0.1 0.0
0.8999999999999859 0.1 0.0
0.8999999999999859 0.1 0.0
0.8999999999999859 0.1 0.0
0.8999999999999859 0.1 0.0
0.8999999999999859 0.1 0.0
0.8999999999999859 0.1 0.0
0.8999999999999859 0.1 0.0
0.8999999999999859 0.1 0.0
0.8999999999999859 0.1 0.0
0.8999999999999859 0.1 0.0
0.8999999999999859 0.1 0.0
0.8999999999999859 0.1 0.0
0.8999999999999859 0.1 0.0
0.8999999999999859 0.1 0.0
0.8999999999999859 0.1 0.0
0.8999999999999859 0.1 0.0
0.8999999999999859 0.1 0.0
0.8999999999999859 0.1 0.0
0.8999999999999859 0.1 0.0
0.8999999999999859 0.1 0.0
0.8999999999999859 0.1 0.0
0.8999999999999859 0.1 0.0
0.8999999999999859 0.1 0.0
0.8999999999999859 0.1 0.0
0.8999999999999859 0.1 0.0
0.8999999999999859 0.1 0.0
0.8999999999999859 0.1 0.0
0.8999999999999859 0.1 0.0
0.8999999999999859 0.1 0.0
0.8999999999999859 0.1 0.0
0.9001819241982366 0.1 6.345356101624323e-05
0.9007206997084407 0.1 0.0002465106205747605
0.901605830903776 0.1 0.0005384556434818824
0.9028268221574204 0.1 0.000928892961266139
0.9043731778425516 0.1 0.001407746772178259
0.9062344023323475 0.1 0.00196526114119117
0.908399999999986 0.1 0.0025919999999999997
0.910859475218645 0.1 0.003278847147022074
0.9136023323615021 0.1 0.004017006247396917
0.9166180758017354 0.1 0.004798000832986255
0.9198962099125226 0.1 0.00561367430237401
0.9234262390670416 0.1 0.006456189920866304
0.9271976676384702 0.1 0.007318030820491461
0.9311999999999864 0.1 0.008192
0.9354227405247677 0.1 0.00907122032486464
0.9398553935859922 0.1 0.009949134527280298
0.9444874635568379 0.1 0.010819505206164096
0.9493084548104822 0.1 0.01167641482715535
0.9543078717201032 0.1 0.012514265722615575
0.9594752186588789 0.1 0.013327780091628487
0.9647999999999868 0.1 0.014112
0.9702717201166049 0.1 0.014862287380258223
0.9758798833819111 0.1 0.015574324031653479
0.9816139941690832 0.1 0.016244111620158264
0.987463556851299 0.1 0.016867971678467306
0.9934180758017365 0.1 0.0174425456059975
0.9994670553935733 0.1 0.01796479466888796
1.0055999999999874 0.1 0.018431999999999997
1.0118064139941565 0.1 0.01884176259891711
1.0180758017492586 0.1 0.019192003331945026
1.0243976676384716 0.1 0.01948096293211162
1.030761516034973 0.1 0.019707201999167007
1.0371568513119411 0.1 0.0198696009995835
1.0435731778425534 0.1 0.019967360266555594
1.0499999999999878 0.1 0.01999999999999999
1.0564268221574225 0.1 0.0199673602665556
1.0628431486880348 0.1 0.0198696009995835
1.0692384839650027 0.1 0.019707201999167007
1.0756023323615043 0.1 0.0194809629321116
1.0819241982507173 0.1 0.019192003331945026
1.0881935860058194 0.1 0.018841762598917122
1.0943999999999885 0.1 0.018432000000000004
1.1005329446064025 0.1 0.01796479466888795
1.1065819241982395 0.1 0.017442545605997506
1.1125364431486768 0.1 0.01686797167846729
1.1183860058308928 0.1 0.016244111620158264
1.1241201166180648 0.1 0.015574324031653486
1.129728279883371 0.1 0.014862287380258216
1.135199999999989 0.1 0.014112000000000013
1.140524781341097 0.1 0.013327780091628494
1.1456921282798727 0.1 0.012514265722615547
1.1506915451894937 0.1 0.01167641482715534
1.155512536443138 0.1 0.01081950520616412
1.1601446064139835 0.1 0.009949134527280301
1.1645772594752082 0.1 0.009071220324864626
1.1687999999999894 0.1 0.008192000000000005
1.1728023323615058 0.1 0.007318030820491456
1.1765737609329343 0.1 0.006456189920866273
1.1801037900874531 0.1 0.005613674302374
1.1833819241982404 0.1 0.004798000832986288
1.1863976676384735 0.1 0.004017006247396898
1.189140524781331 0.1 0.0032788471470220903
1.1915999999999898 0.1 0.0025920000000000387
1.1937655976676282 0.1 0.001965261141191166
1.1956268221574242 0.1 0.0014077467721782533
1.1971731778425556 0.1 0.0009288929612661367
1.1983941690962 0.1 0.0005384556434818721
1.199279300291535 0.1 0.00024651062057473583
1.1998180758017392 0.1 6.345356101622457e-05
1.19999999999999 0.1 0.0
1.19999999999999 0.1 0.0
1.19999999999999 0.1 0.0
1.19999999999999 0.1 0.0
1.19999999999999 0.1 0.0
1.19999999999999 0.1 0.0
1.19999999999999 0.1 0.0
1.19999999999999 0.1 0.0
1.19999999999999 0.1 0.0
1.19999999999999 0.1 0.0
1.19999999999999 0.1 0.0
1.19999999999999 0.1 0.0
1.19999999999999 0.1 0.0
1.19999999999999 0.1 0.0
1.19999999999999 0.1 0.0
1.19999999999999 0.1 0.0
1.19999999999999 0.1 0.0
1.19999999999999 0.1 0.0
1.19999999999999 0.1 0.0
1.19999999999999 0.1 0.0
1.19999999999999 0.1 0.0
1.19999999999999 0.1 0.0
1.19999999999999 0.1 0.0
1.19999999999999 0.1 0.0
1.19999999999999 0.1 0.0
1.19999999999999 0.1 0.0
1.19999999999999 0.1 0.0
1.19999999999999 0.1 0.0
1.19999999999999 0.1 0.0
1.19999999999999 0.1 0.0
1.19999999999999 0.1 0.0
1.19999999999999 0.1 0.0
1.19999999999999 0.1 0.0
1.19999999999999 0.1 0.0
1.19999999999999 0.1 0.0
1.19999999999999 0.1 0.0
1.19999999999999 0.1 0.0
1.19999999999999 0.1 0.0
1.19999999999999 0.1 0.0
1.19999999999999 0.1 0.0
1.19999999999999 0.1 0.0
1.19999999999999 0.1 0.0
1.19999999999999 0.1 0.0
1.19999999999999 0.1 0.0
1.19999999999999 0.1 0.0
1.19999999999999 0.1 0.0
1.19999999999999 0.1 0.0
1.19999999999999 0.1 0.0
1.19999999999999 0.1 0.0
1.19999999999999 0.1 0.0
1.19999999999999 0.1 0.0
1.19999999999999 0.1 0.0
1.19999999999999 0.1 0.0
1.19999999999999 0.1 0.0
1.19999999999999 0.1 0.0
1.19999999999999 0.1 0.0
1.19999999999999 0.1 0.0
1.19999999999999 0.1 0.0
1.19999999999999 0.1 0.0
1.19999999999999 0.1 0.0
1.19999999999999 0.1 0.0
1.19999999999999 0.1 0.0
1.19999999999999 0.1 0.0
1.19999999999999 0.1 0.0
1.19999999999999 0.1 0.0
1.19999999999999 0.1 0.0
1.19999999999999 0.1 0.0
1.19999999999999 0.1 0.0
1.19999999999999 0.1 0.0
1.19999999999999 0.1 0.0
1.19999999999999 0.1 0.0
1.19999999999999 0.1 0.0
1.19999999999999 0.1 0.0
1.19999999999999 0.1 0.0
1.19999999999999 0.1 0.0
1.19999999999999 0.1 0.0
1.19999999999999 0.1 0.0
1.19999999999999 0.1 0.0
1.19999999999999 0.1 0.0
1.19999999999999 0.1 0.0
1.19999999999999 0.1 0.0
1.19999999999999 0.1 0.0
1.19999999999999 0.1 0.0
1.19999999999999 0.1 0.0
1.19999999999999 0.1 0.0
1.19999999999999 0.1 0.0
1.19999999999999 0.1 0.0
1.19999999999999 0.1 0.0
1.19999999999999 0.1 0.0
1.19999999999999 0.1 0.0
1.19999999999999 0.1 0.0
1.19999999999999 0.1 0.0
1.19999999999999 0.1 0.0
1.19999999999999 0.1 0.0
1.19999999999999 0.1 0.0
1.19999999999999 0.1 0.0
1.19999999999999 0.1 0.0
1.19999999999999 0.1 0.0
1.19999999999999 0.1 0.0
1.19999999999999 0.1 0.0
1.19999999999999 0.1 0.0
1.19999999999999 0.1 0.0
1.19999999999999 0.1 0.0
1.19999999999999 0.1 0.0
1.19999999999999 0.1 0.0
1.19999999999999 0.1 0.0
1.19999999999999 0.1 0.0
1.19999999999999 0.1 0.0
1.19999999999999 0.1 0.0
1.19999999999999 0.1 0.0
1.19999999999999 0.1 0.0
1.19999999999999 0.1 0.0
1.19999999999999 0.1 0.0
1.19999999999999 0.1 0.0
1.19999999999999 0.1 0.0
1.19999999999999 0.1 0.0
1.19999999999999 0.1 0.0
1.19999999999999 0.1 0.0
1.19999999999999 0.1 0.0
1.19999999999999 0.1 0.0
1.19999999999999 0.1 0.0
1.19999999999999 0.1 0.0
1.19999999999999 0.1 0.0
1.19999999999999 0.1 0.0
1.19999999999999 0.1 0.0
1.19999999999999 0.1 0.0
1.19999999999999 0.1 0.0
1.19999999999999 0.1 0.0
1.19999999999999 0.1 0.0
1.19999999999999 0.1 0.0
1.19999999999999 0.1 0.0
1.2001819241982408 0.1 6.345356101624323e-05
1.2007206997084447 0.1 0.0002465106205747605
1.20160583090378 0.1 0.0005384556434818824
1.2028268221574245 0.1 0.000928892961266139
1.2043731778425557 0.1 0.001407746772178259
1.2062344023323517 0.1 0.00196526114119117
1.2083999999999904 0.1 0.0025919999999999997
1.2108594752186492 0.1 0.003278847147022074
1.2136023323615066 0.1 0.004017006247396917
1.21661807580174 0.1 0.004798000832986255
1.2198962099125272 0.1 0.00561367430237401
1.2234262390670463 0.1 0.006456189920866304
1.227197667638475 0.1 0.007318030820491461
1.2311999999999912 0.1 0.008192
1.2354227405247726 0.1 0.00907122032486464
1.2398553935859973 0.1 0.009949134527280298
1.244487463556843 0.1 0.010819505206164096
1.2493084548104874 0.1 0.01167641482715535
1.2543078717201086 0.1 0.012514265722615575
1.2594752186588845 0.1 0.013327780091628487
1.2647999999999924 0.1 0.014112
1.2702717201166107 0.1 0.014862287380258223
1.2758798833819172 0.1 0.015574324031653479
1.2816139941690892 0.1 0.016244111620158264
1.2874635568513053 0.1 0.016867971678467306
1.2934180758017428 0.1 0.0174425456059975
1.2994670553935797 0.1 0.01796479466888796
1.3055999999999939 0.1 0.018431999999999997
1.3118064139941632 0.1 0.01884176259891711
1.3180758017492655 0.1 0.019192003331945026
1.3243976676384785 0.1 0.01948096293211162
1.3307615160349804 0.1 0.019707201999167007
1.3371568513119485 0.1 0.0198696009995835
1.343573177842561 0.1 0.019967360266555594
1.3499999999999956 0.1 0.01999999999999999
1.3564268221574303 0.1 0.0199673602665556
1.3628431486880428 0.1 0.0198696009995835
1.369238483965011 0.1 0.019707201999167007
1.3756023323615127 0.1 0.0194809629321116
1.3819241982507258 0.1 0.019192003331945026
1.388193586005828 0.1 0.018841762598917122
1.3943999999999974 0.1 0.018432000000000004
1.4005329446064114 0.1 0.01796479466888795
1.4065819241982485 0.1 0.017442545605997506
1.412536443148686 0.1 0.01686797167846729
1.4183860058309021 0.1 0.016244111620158264
1.4241201166180741 0.1 0.015574324031653486
1.4297282798833806 0.1 0.014862287380258216
1.435199999999999 0.1 0.014112000000000013
1.4405247813411068 0.1 0.013327780091628494
1.4456921282798827 0.1 0.012514265722615547
1.4506915451895037 0.1 0.01167641482715534
1.4555125364431483 0.1 0.01081950520616412
1.460144606413994 0.1 0.009949134527280301
1.4645772594752187 0.1 0.009071220324864626
1.4688 0.1 0.008192000000000005
1.4728023323615163 0.1 0.007318030820491456
1.476573760932945 0.1 0.006456189920866273
1.480103790087464 0.1 0.005613674302374
1.4833819241982513 0.1 0.004798000832986288
1.4863976676384847 0.1 0.004017006247396898
1.4891405247813418 0.1 0.0032788471470220903
1.491600000000001 0.1 0.0025920000000000387
1.4937655976676396 0.1 0.001965261141191166
1.4956268221574356 0.1 0.0014077467721782533
1.4971731778425668 0.1 0.0009288929612661367
1.4983941690962113 0.1 0.0005384556434818721
1.4992793002915463 0.1 0.00024651062057473583
1.4998180758017505 0.1 6.345356101622457e-05
1.5000000000000013 0.1 0.0
1.5000000000000013 0.1 0.0
1.5000000000000013 0.1 0.0
1.5000000000000013 0.1 0.0
1.5000000000000013 0.1 0.0
1.5000000000000013 0.1 0.0
1.5000000000000013 0.1 0.0
1.5000000000000013 0.1 0.0
1.5000000000000013 0.1 0.0
1.5000000000000013 0.1 0.0
1.5000000000000013 0.1 0.0
1.5000000000000013 0.1 0.0
1.5000000000000013 0.1 0.0
1.5000000000000013 0.1 0.0
1.5000000000000013 0.1 0.0
1.5000000000000013 0.1 0.0
1.5000000000000013 0.1 0.0
1.5000000000000013 0.1 0.0
1.5000000000000013 0.1 0.0
1.5000000000000013 0.1 0.0
1.5000000000000013 0.1 0.0
1.5000000000000013 0.1 0.0
1.5000000000000013 0.1 0.0
1.5000000000000013 0.1 0.0
1.5000000000000013 0.1 0.0
1.5000000000000013 0.1 0.0
1.5000000000000013 0.1 0.0
1.5000000000000013 0.1 0.0
1.5000000000000013 0.1 0.0
1.5000000000000013 0.1 0.0
1.5000000000000013 0.1 0.0
1.5000000000000013 0.1 0.0
1.5000000000000013 0.1 0.0
1.5000000000000013 0.1 0.0
1.5000000000000013 0.1 0.0
1.5000000000000013 0.1 0.0
1.5000000000000013 0.1 0.0
1.5000000000000013 0.1 0.0
1.5000000000000013 0.1 0.0
1.5000000000000013 0.1 0.0
1.5000000000000013 0.1 0.0
1.5000000000000013 0.1 0.0
1.5000000000000013 0.1 0.0
1.5000000000000013 0.1 0.0
1.5000000000000013 0.1 0.0
1.5000000000000013 0.1 0.0
1.5000000000000013 0.1 0.0
1.5000000000000013 0.1 0.0
1.5000000000000013 0.1 0.0
1.5000000000000013 0.1 0.0
1.5000000000000013 0.1 0.0
1.5000000000000013 0.1 0.0
1.5000000000000013 0.1 0.0
1.5000000000000013 0.1 0.0
1.5000000000000013 0.1 0.0
1.5000000000000013 0.1 0.0
1.5000000000000013 0.1 0.0
1.5000000000000013 0.1 0.0
1.5000000000000013 0.1 0.0
1.5000000000000013 0.1 0.0
1.5000000000000013 0.1 0.0
1.5000000000000013 0.1 0.0
1.5000000000000013 0.1 0.0
1.5000000000000013 0.1 0.0
1.5000000000000013 0.1 0.0
1.5000000000000013 0.1 0.0
1.5000000000000013 0.1 0.0
1.5000000000000013 0.1 0.0
1.5000000000000013 0.1 0.0
1.5000000000000013 0.1 0.0
1.5000000000000013 0.1 0.0
1.5000000000000013 0.1 0.0
1.5000000000000013 0.1 0.0
1.5000000000000013 0.1 0.0
1.5000000000000013 0.1 0.0
1.5000000000000013 0.1 0.0
1.5000000000000013 0.1 0.0
1.5000000000000013 0.1 0.0
1.5000000000000013 0.1 0.0
1.5000000000000013 0.1 0.0
1.5000000000000013 0.1 0.0
1.5000000000000013 0.1 0.0
1.5000000000000013 0.1 0.0
1.5000000000000013 0.1 0.0
1.5000000000000013 0.1 0.0
1.5000000000000013 0.1 0.0
1.5000000000000013 0.1 0.0
1.5000000000000013 0.1 0.0
1.5000000000000013 0.1 0.0
1.5000000000000013 0.1 0.0
1.5000000000000013 0.1 0.0
1.5000000000000013 0.1 0.0
1.5000000000000013 0.1 0.0
1.5000000000000013 0.1 0.0
1.5000000000000013 0.1 0.0
1.5000000000000013 0.1 0.0
1.5000000000000013 0.1 0.0
1.5000000000000013 0.1 0.0
1.5000000000000013 0.1 0.0
1.5000000000000013 0.1 0.0
1.5000000000000013 0.1 0.0
1.5000000000000013 0.1 0.0
1.5000000000000013 0.1 0.0
1.5000000000000013 0.1 0.0
1.5000000000000013 0.1 0.0
1.5000000000000013 0.1 0.0
1.5000000000000013 0.1 0.0
1.5000000000000013 0.1 0.0
1.5000000000000013 0.1 0.0
1.5000000000000013 0.1 0.0
1.5000000000000013 0.1 0.0
1.5000000000000013 0.1 0.0
1.5000000000000013 0.1 0.0
1.5000000000000013 0.1 0.0
1.5000000000000013 0.1 0.0
1.5000000000000013 0.1 0.0
1.5000000000000013 0.1 0.0
1.5000000000000013 0.1 0.0
1.5000000000000013 0.1 0.0
1.5000000000000013 0.1 0.0
1.5000000000000013 0.1 0.0
1.5000000000000013 0.1 0.0
1.5000000000000013 0.1 0.0
1.5000000000000013 0.1 0.0
1.5000000000000013 0.1 0.0
1.5000000000000013 0.1 0.0
1.5000000000000013 0.1 0.0
1.5000000000000013 0.1 0.0
1.5000000000000013 0.1 0.0
1.5000000000000013 0.1 0.0
1.5000000000000013 0.1 0.0
1.5001819241982521 0.1 6.345356101624323e-05
1.5007206997084561 0.1 0.0002465106205747605
1.5016058309037914 0.1 0.0005384556434818824
1.502826822157436 0.1 0.000928892961266139
1.504373177842567 0.1 0.001407746772178259
1.506234402332363 0.1 0.00196526114119117
1.5084000000000017 0.1 0.0025919999999999997
1.5108594752186606 0.1 0.003278847147022074
1.513602332361518 0.1 0.004017006247396917
1.5166180758017513 0.1 0.004798000832986255
1.5198962099125386 0.1 0.00561367430237401
1.5234262390670577 0.1 0.006456189920866304
1.5271976676384864 0.1 0.007318030820491461
1.5312000000000026 0.1 0.008192
1.535422740524784 0.1 0.00907122032486464
1.5398553935860086 0.1 0.009949134527280298
1.5444874635568544 0.1 0.010819505206164096
1.5493084548104987 0.1 0.01167641482715535
1.55430787172012 0.1 0.012514265722615575
1.5594752186588958 0.1 0.013327780091628487
1.5648000000000037 0.1 0.014112
1.570271720116622 0.1 0.014862287380258223
1.5758798833819285 0.1 0.015574324031653479
1.5816139941691005 0.1 0.016244111620158264
1.5874635568513167 0.1 0.016867971678467306
1.5934180758017542 0.1 0.0174425456059975
1.599467055393591 0.1 0.01796479466888796
1.6056000000000052 0.1 0.018431999999999997
1.6118064139941746 0.1 0.01884176259891711
1.618075801749277 0.1 0.019192003331945026
1.62439766763849 0.1 0.01948096293211162
1.6307615160349918 0.1 0.019707201999167007
1.6371568513119599 0.1 0.0198696009995835
1.6435731778425724 0.1 0.019967360266555594
1.650000000000007 0.1 0.01999999999999999
1.6564268221574416 0.1 0.0199673602665556
1.6628431486880542 0.1 0.0198696009995835
1.6692384839650223 0.1 0.019707201999167007
1.6756023323615241 0.1 0.0194809629321116
1.6819241982507371 0.1 0.019192003331945026
1.6881935860058395 0.1 0.018841762598917122
1.6944000000000088 0.1 0.018432000000000004
1.7005329446064228 0.1 0.01796479466888795
1.7065819241982598 0.1 0.017442545605997506
1.7125364431486974 0.1 0.01686797167846729
1.7183860058309135 0.1 0.016244111620158264
1.7241201166180855 0.1 0.015574324031653486
1.729728279883392 0.1 0.014862287380258216
1.7352000000000103 0.1 0.014112000000000013
1.7405247813411182 0.1 0.013327780091628494
1.745692128279894 0.1 0.012514265722615547
1.750691545189515 0.1 0.01167641482715534
1.7555125364431596 0.1 0.01081950520616412
1.7601446064140054 0.1 0.009949134527280301
1.76457725947523 0.1 0.009071220324864626
1.7688000000000115 0.1 0.008192000000000005
1.7728023323615276 0.1 0.007318030820491456
1.7765737609329564 0.1 0.006456189920866273
1.7801037900874754 0.1 0.005613674302374
1.7833819241982627 0.1 0.004798000832986288
1.786397667638496 0.1 0.004017006247396898
1.7891405247813532 0.1 0.0032788471470220903
1.7916000000000123 0.1 0.0025920000000000387
1.793765597667651 0.1 0.001965261141191166
1.795626822157447 0.1 0.0014077467721782533
1.7971731778425781 0.1 0.0009288929612661367
1.7983941690962226 0.1 0.0005384556434818721
1.7992793002915577 0.1 0.00024651062057473583
1.799818075801762 0.1 6.345356101622457e-05
1.8000000000000127 0.1 0.0
1.8000000000000127 0.1 0.0
1.8000000000000127 0.1 0.0
1.8000000000000127 0.1 0.0
1.8000000000000127 0.1 0.0
1.8000000000000127 0.1 0.0
1.8000000000000127 0.1 0.0
1.8000000000000127 0.1 0.0
1.8000000000000127 0.1 0.0
1.8000000000000127 0.1 0.0
1.8000000000000127 0.1 0.0
1.8000000000000127 0.1 0.0
1.8000000000000127 0.1 0.0
1.8000000000000127 0.1 0.0
1.8000000000000127 0.1 0.0
1.8000000000000127 0.1 0.0
1.8000000000000127 0.1 0.0
1.8000000000000127 0.1 0.0
1.8000000000000127 0.1 0.0
1.8000000000000127 0.1 0.0
1.8000000000000127 0.1 0.0
1.8000000000000127 0.1 0.0
1.8000000000000127 0.1 0.0
1.8000000000000127 0.1 0.0
1.8000000000000127 0.1 0.0
1.8000000000000127 0.1 0.0
1.8000000000000127 0.1 0.0
1.8000000000000127 0.1 0.0
1.8000000000000127 0.1 0.0
1.8000000000000127 0.1 0.0
1.8000000000000127 0.1 0.0
1.8000000000000127 0.1 0.0
1.8000000000000127 0.1 0.0
1.8000000000000127 0.1 0.0
1.8000000000000127 0.1 0.0
1.8000000000000127 0.1 0.0
1.8000000000000127 0.1 0.0
1.8000000000000127 0.1 0.0
1.8000000000000127 0.1 0.0
1.8000000000000127 0.1 0.0
1.8000000000000127 0.1 0.0
1.8000000000000127 0.1 0.0
1.8000000000000127 0.1 0.0
1.8000000000000127 0.1 0.0
1.8000000000000127 0.1 0.0
1.8000000000000127 0.1 0.0
1.8000000000000127 0.1 0.0
1.8000000000000127 0.1 0.0
1.8000000000000127 0.1 0.0
1.8000000000000127 0.1 0.0
1.8000000000000127 0.1 0.0
1.8000000000000127 0.1 0.0
1.8000000000000127 0.1 0.0
1.8000000000000127 0.1 0.0
1.8000000000000127 0.1 0.0
1.8000000000000127 0.1 0.0
1.8000000000000127 0.1 0.0
1.8000000000000127 0.1 0.0
1.8000000000000127 0.1 0.0
1.8000000000000127 0.1 0.0
1.8000000000000127 0.1 0.0
1.8000000000000127 0.1 0.0
1.8000000000000127 0.1 0.0
1.8000000000000127 0.1 0.0
1.8000000000000127 0.1 0.0
1.8000000000000127 0.1 0.0
1.8000000000000127 0.1 0.0
1.8000000000000127 0.1 0.0
1.8000000000000127 0.1 0.0
1.8000000000000127 0.1 0.0
1.8000000000000127 0.1 0.0
1.8000000000000127 0.1 0.0
1.8000000000000127 0.1 0.0
1.8000000000000127 0.1 0.0
1.8000000000000127 0.1 0.0
1.8000000000000127 0.1 0.0
1.8000000000000127 0.1 0.0
1.8000000000000127 0.1 0.0
1.8000000000000127 0.1 0.0
1.8000000000000127 0.1 0.0
1.8000000000000127 0.1 0.0
1.8000000000000127 0.1 0.0
1.8000000000000127 0.1 0.0
1.8000000000000127 0.1 0.0
1.8000000000000127 0.1 0.0
1.8000000000000127 0.1 0.0
1.8000000000000127 0.1 0.0
1.8000000000000127 0.1 0.0
1.8000000000000127 0.1 0.0
1.8000000000000127 0.1 0.0
1.8000000000000127 0.1 0.0
1.8000000000000127 0.1 0.0
1.8000000000000127 0.1 0.0
1.8000000000000127 0.1 0.0
1.8000000000000127 0.1 0.0
1.8000000000000127 0.1 0.0
1.8000000000000127 0.1 0.0
1.8000000000000127 0.1 0.0
1.8000000000000127 0.1 0.0
1.8000000000000127 0.1 0.0
1.8000000000000127 0.1 0.0
1.8000000000000127 0.1 0.0
1.8000000000000127 0.1 0.0
1.8000000000000127 0.1 0.0
1.8000000000000127 0.1 0.0
1.8000000000000127 0.1 0.0
1.8000000000000127 0.1 0.0
1.8000000000000127 0.1 0.0
1.8000000000000127 0.1 0.0
1.8000000000000127 0.1 0.0
1.8000000000000127 0.1 0.0
1.8000000000000127 0.1 0.0
1.8000000000000127 0.1 0.0
1.8000000000000127 0.1 0.0
1.8000000000000127 0.1 0.0
1.8000000000000127 0.1 0.0
1.8000000000000127 0.1 0.0
1.8000000000000127 0.1 0.0
1.8000000000000127 0.1 0.0
1.8000000000000127 0.1 0.0
1.8000000000000127 0.1 0.0
1.8000000000000127 0.1 0.0
1.8000000000000127 0.1 0.0
1.8000000000000127 0.1 0.0
1.8000000000000127 0.1 0.0
1.8000000000000127 0.1 0.0
1.8000000000000127 0.1 0.0
1.8000000000000127 0.1 0.0
1.8000000000000127 0.1 0.0
1.8000000000000127 0.1 0.0
1.8000000000000127 0.1 0.0
1.8001819241982635 0.1 6.345356101624323e-05
1.8007206997084675 0.1 0.0002465106205747605
1.8016058309038028 0.1 0.0005384556434818824
1.8028268221574473 0.1 0.000928892961266139
1.8043731778425784 0.1 0.001407746772178259
1.8062344023323744 0.1 0.00196526114119117
1.808400000000013 0.1 0.0025919999999999997
1.810859475218672 0.1 0.003278847147022074
1.8136023323615293 0.1 0.004017006247396917
1.8166180758017627 0.1 0.004798000832986255
1.81989620991255 0.1 0.00561367430237401
1.823426239067069 0.1 0.006456189920866304
1.8271976676384978 0.1 0.007318030820491461
1.831200000000014 0.1 0.008192
1.8354227405247954 0.1 0.00907122032486464
1.83985539358602 0.1 0.009949134527280298
1.8444874635568658 0.1 0.010819505206164096
1.84930845481051 0.1 0.01167641482715535
1.8543078717201313 0.1 0.012514265722615575
1.8594752186589072 0.1 0.013327780091628487
1.8648000000000151 0.1 0.014112
1.8702717201166335 0.1 0.014862287380258223
1.87587988338194 0.1 0.015574324031653479
1.881613994169112 0.1 0.016244111620158264
1.887463556851328 0.1 0.016867971678467306
1.8934180758017656 0.1 0.0174425456059975
1.8994670553936024 0.1 0.01796479466888796
1.9056000000000166 0.1 0.018431999999999997
1.911806413994186 0.1 0.01884176259891711
1.9180758017492883 0.1 0.019192003331945026
1.9243976676385013 0.1 0.01948096293211162
1.9307615160350031 0.1 0.019707201999167007
1.9371568513119712 0.1 0.0198696009995835
1.9435731778425838 0.1 0.019967360266555594
1.9500000000000184 0.1 0.01999999999999999
1.956426822157453 0.1 0.0199673602665556
1.9628431486880655 0.1 0.0198696009995835
1.9692384839650336 0.1 0.019707201999167007
1.9756023323615355 0.1 0.0194809629321116
1.9819241982507485 0.1 0.019192003331945026
1.9881935860058508 0.1 0.018841762598917122
1.9944000000000202 0.1 0.018432000000000004
2.000532944606434 0.1 0.01796479466888795
2.0065819241982714 0.1 0.017442545605997506
2.0125364431487087 0.1 0.01686797167846729
2.0183860058309246 0.1 0.016244111620158264
2.024120116618097 0.1 0.015574324031653486
2.0297282798834035 0.1 0.014862287380258216
2.0352000000000214 0.1 0.014112000000000013
2.0405247813411296 0.1 0.013327780091628494
2.045692128279905 0.1 0.012514265722615547
2.0506915451895265 0.1 0.01167641482715534
2.055512536443171 0.1 0.01081950520616412
2.0601446064140165 0.1 0.009949134527280301
2.064577259475241 0.1 0.009071220324864626
2.0688000000000226 0.1 0.008192000000000005
2.072802332361539 0.1 0.007318030820491456
2.0765737609329675 0.1 0.006456189920866273
2.080103790087487 0.1 0.005613674302374
2.083381924198274 0.1 0.004798000832986288
2.0863976676385074 0.1 0.004017006247396898
2.0891405247813646 0.1 0.0032788471470220903
2.0916000000000237 0.1 0.0025920000000000387
2.0937655976676623 0.1 0.001965261141191166
2.0956268221574583 0.1 0.0014077467721782533
2.0971731778425897 0.1 0.0009288929612661367
2.0983941690962338 0.1 0.0005384556434818721
2.099279300291569 0.1 0.00024651062057473583
2.0998180758017733 0.1 6.345356101622457e-05
2.100000000000024 0.1 0.0
2.100000000000024 0.1 0.0
2.100000000000024 0.1 0.0
2.100000000000024 0.1 0.0
2.100000000000024 0.1 0.0
2.100000000000024 0.1 0.0
2.100000000000024 0.1 0.0
2.100000000000024 0.1 0.0
2.100000000000024 0.1 0.0
2.100000000000024 0.1 0.0
2.100000000000024 0.1 0.0
2.100000000000024 0.1 0.0
2.100000000000024 0.1 0.0
2.100000000000024 0.1 0.0
2.100000000000024 0.1 0.0
2.100000000000024 0.1 0.0
2.100000000000024 0.1 0.0
2.100000000000024 0.1 0.0
2.100000000000024 0.1 0.0
2.100000000000024 0.1 0.0
2.100000000000024 0.1 0.0
2.100000000000024 0.1 0.0
2.100000000000024 0.1 0.0
2.100000000000024 0.1 0.0
2.100000000000024 0.1 0.0
2.100000000000024 0.1 0.0
2.100000000000024 0.1 0.0
2.100000000000024 0.1 0.0
2.100000000000024 0.1 0.0
2.100000000000024 0.1 0.0
2.100000000000024 0.1 0.0
2.100000000000024 0.1 0.0
2.100000000000024 0.1 0.0
2.100000000000024 0.1 0.0
2.100000000000024 0.1 0.0
2.100000000000024 0.1 0.0
2.100000000000024 0.1 0.0
2.100000000000024 0.1 0.0
2.100000000000024 0.1 0.0
2.100000000000024 0.1 0.0
2.100000000000024 0.1 0.0
2.100000000000024 0.1 0.0
2.100000000000024 0.1 0.0
2.100000000000024 0.1 0.0
2.100000000000024 0.1 0.0
2.100000000000024 0.1 0.0
2.100000000000024 0.1 0.0
2.100000000000024 0.1 0.0
2.100000000000024 0.1 0.0
2.100000000000024 0.1 0.0
2.100000000000024 0.1 0.0
2.100000000000024 0.1 0.0
2.100000000000024 0.1 0.0
2.100000000000024 0.1 0.0
2.100000000000024 0.1 0.0
2.100000000000024 0.1 0.0
2.100000000000024 0.1 0.0
2.100000000000024 0.1 0.0
2.100000000000024 0.1 0.0
2.100000000000024 0.1 0.0
2.100000000000024 0.1 0.0
2.100000000000024 0.1 0.0
2.100000000000024 0.1 0.0
2.100000000000024 0.1 0.0
2.100000000000024 0.1 0.0
2.100000000000024 0.1 0.0
2.100000000000024 0.1 0.0
2.100000000000024 0.1 0.0
2.100000000000024 0.1 0.0
2.100000000000024 0.1 0.0
2.100000000000024 0.1 0.0
2.100000000000024 0.1 0.0
2.100000000000024 0.1 0.0
2.100000000000024 0.1 0.0
2.100000000000024 0.1 0.0
2.100000000000024 0.1 0.0
2.100000000000024 0.1 0.0
2.100000000000024 0.1 0.0
2.100000000000024 0.1 0.0
2.100000000000024 0.1 0.0
2.100000000000024 0.1 0.0
2.100000000000024 0.1 0.0
2.100000000000024 0.1 0.0
2.100000000000024 0.1 0.0
2.100000000000024 0.1 0.0
2.100000000000024 0.1 0.0
2.100000000000024 0.1 0.0
2.100000000000024 0.1 0.0
2.100000000000024 0.1 0.0
2.100000000000024 0.1 0.0
2.100000000000024 0.1 0.0
2.100000000000024 0.1 0.0
2.100000000000024 0.1 0.0
2.100000000000024 0.1 0.0
2.100000000000024 0.1 0.0
2.100000000000024 0.1 0.0
2.100000000000024 0.1 0.0
2.100000000000024 0.1 0.0
2.100000000000024 0.1 0.0
2.100000000000024 0.1 0.0
2.100000000000024 0.1 0.0
2.100000000000024 0.1 0.0
2.100000000000024 0.1 0.0
2.100000000000024 0.1 0.0
2.100000000000024 0.1 0.0
2.100000000000024 0.1 0.0
2.100000000000024 0.1 0.0
2.100000000000024 0.1 0.0
2.100000000000024 0.1 0.0
2.100000000000024 0.1 0.0
2.100000000000024 0.1 0.0
2.100000000000024 0.1 0.0
2.100000000000024 0.1 0.0
2.100000000000024 0.1 0.0
2.100000000000024 0.1 0.0
2.100000000000024 0.1 0.0
2.100000000000024 0.1 0.0
2.100000000000024 0.1 0.0
2.100000000000024 0.1 0.0
2.100000000000024 0.1 0.0
2.100000000000024 0.1 0.0
2.100000000000024 0.1 0.0
2.100000000000024 0.1 0.0
2.100000000000024 0.1 0.0
2.100000000000024 0.1 0.0
2.100000000000024 0.1 0.0
2.100000000000024 0.1 0.0
2.100000000000024 0.1 0.0
2.100000000000024 0.1 0.0
2.100000000000024 0.1 0.0
2.100000000000024 0.1 0.0
2.100181924198275 0.1 6.345356101624323e-05
2.100720699708479 0.1 0.0002465106205747605
2.1016058309038144 0.1 0.0005384556434818824
2.1028268221574584 0.1 0.000928892961266139
2.10437317784259 0.1 0.001407746772178259
2.106234402332386 0.1 0.00196526114119117
2.1084000000000245 0.1 0.0025919999999999997
2.1108594752186836 0.1 0.003278847147022074
2.1136023323615407 0.1 0.004017006247396917
2.116618075801774 0.1 0.004798000832986255
2.1198962099125613 0.1 0.00561367430237401
2.12342623906708 0.1 0.006456189920866304
2.127197667638509 0.1 0.007318030820491461
2.131200000000025 0.1 0.008192
2.135422740524807 0.1 0.00907122032486464
2.1398553935860316 0.1 0.009949134527280298
2.144487463556877 0.1 0.010819505206164096
2.1493084548105217 0.1 0.01167641482715535
2.154307871720143 0.1 0.012514265722615575
2.1594752186589186 0.1 0.013327780091628487
2.1648000000000267 0.1 0.014112
2.1702717201166446 0.1 0.014862287380258223
2.1758798833819513 0.1 0.015574324031653479
2.1816139941691235 0.1 0.016244111620158264
2.1874635568513394 0.1 0.016867971678467306
2.1934180758017767 0.1 0.0174425456059975
2.199467055393614 0.1 0.01796479466888796
2.205600000000028 0.1 0.018431999999999997
2.2118064139941973 0.1 0.01884176259891711
2.2180758017492996 0.1 0.019192003331945026
2.2243976676385127 0.1 0.01948096293211162
2.2307615160350145 0.1 0.019707201999167007
2.2371568513119824 0.1 0.0198696009995835
2.243573177842595 0.1 0.019967360266555594
2.2500000000000298 0.1 0.01999999999999999
2.2564268221574646 0.1 0.0199673602665556
2.2628431486880767 0.1 0.0198696009995835
2.269238483965045 0.1 0.019707201999167007
2.275602332361547 0.1 0.0194809629321116
2.28192419825076 0.1 0.019192003331945026
2.288193586005862 0.1 0.018841762598917122
2.2944000000000315 0.1 0.018432000000000004
2.3005329446064455 0.1 0.01796479466888795
2.306581924198283 0.1 0.017442545605997506
2.31253644314872 0.1 0.01686797167846729
2.318386005830936 0.1 0.016244111620158264
2.3241201166181082 0.1 0.015574324031653486
2.329728279883415 0.1 0.014862287380258216
2.335200000000033 0.1 0.014112000000000013
2.340524781341141 0.1 0.013327780091628494
2.3456921282799166 0.1 0.012514265722615547
2.350691545189538 0.1 0.01167641482715534
2.3555125364431824 0.1 0.01081950520616412
2.360144606414028 0.1 0.009949134527280301
2.3645772594752525 0.1 0.009071220324864626
2.368800000000034 0.1 0.008192000000000005
2.3728023323615504 0.1 0.007318030820491456
2.376573760932979 0.1 0.006456189920866273
2.380103790087498 0.1 0.005613674302374
2.3833819241982854 0.1 0.004798000832986288
2.386397667638519 0.1 0.004017006247396898
2.389140524781376 0.1 0.0032788471470220903
2.391600000000035 0.1 0.0025920000000000387
2.3937655976676737 0.1 0.001965261141191166
2.3956268221574697 0.1 0.0014077467721782533
2.397173177842601 0.1 0.0009288929612661367
2.398394169096245 0.1 0.0005384556434818721
2.3992793002915804 0.1 0.00024651062057473583
2.3998180758017846 0.1 6.345356101622457e-05
2.4000000000000354 0.1 0.0
2.4000000000000354 0.1 0.0
2.4000000000000354 0.1 0.0
2.4000000000000354 0.1 0.0
2.4000000000000354 0.1 0.0
2.4000000000000354 0.1 0.0
2.4000000000000354 0.1 0.0
2.4000000000000354 0.1 0.0
2.4000000000000354 0.1 0.0
2.4000000000000354 0.1 0.0
2.4000000000000354 0.1 0.0
2.4000000000000354 0.1 0.0
2.4000000000000354 0.1 0.0
2.4000000000000354 0.1 0.0
2.4000000000000354 0.1 0.0
2.4000000000000354 0.1 0.0
2.4000000000000354 0.1 0.0
2.4000000000000354 0.1 0.0
2.4000000000000354 0.1 0.0
2.4000000000000354 0.1 0.0
2.4000000000000354 0.1 0.0
2.4000000000000354 0.1 0.0
2.4000000000000354 0.1 0.0
2.4000000000000354 0.1 0.0
2.4000000000000354 0.1 0.0
2.4000000000000354 0.1 0.0
2.4000000000000354 0.1 0.0
2.4000000000000354 0.1 0.0
2.4000000000000354 0.1 0.0
2.4000000000000354 0.1 0.0
2.4000000000000354 0.1 0.0
2.4000000000000354 0.1 0.0
2.4000000000000354 0.1 0.0
2.4000000000000354 0.1 0.0
2.4000000000000354 0.1 0.0
2.4000000000000354 0.1 0.0
2.4000000000000354 0.1 0.0
2.4000000000000354 0.1 0.0
2.4000000000000354 0.1 0.0
2.4000000000000354 0.1 0.0
2.4000000000000354 0.1 0.0
2.4000000000000354 0.1 0.0
2.4000000000000354 0.1 0.0
2.4000000000000354 0.1 0.0
2.4000000000000354 0.1 0.0
2.4000000000000354 0.1 0.0
2.4000000000000354 0.1 0.0
2.4000000000000354 0.1 0.0
2.4000000000000354 0.1 0.0
2.4000000000000354 0.1 0.0
2.4000000000000354 0.1 0.0
2.4000000000000354 0.1 0.0
2.4000000000000354 0.1 0.0
2.4000000000000354 0.1 0.0
2.4000000000000354 0.1 0.0
2.4000000000000354 0.1 0.0
2.4000000000000354 0.1 0.0
2.4000000000000354 0.1 0.0
2.4000000000000354 0.1 0.0
2.4000000000000354 0.1 0.0
2.4000000000000354 0.1 0.0
2.4000000000000354 0.1 0.0
2.4000000000000354 0.1 0.0
2.4000000000000354 0.1 0.0
2.4000000000000354 0.1 0.0
2.4000000000000354 0.1 0.0
2.4000000000000354 0.1 0.0
2.4000000000000354 0.1 0.0
2.4000000000000354 0.1 0.0
2.4000000000000354 0.1 0.0
2.4000000000000354 0.1 0.0
2.4000000000000354 0.1 0.0
2.4000000000000354 0.1 0.0
2.4000000000000354 0.1 0.0
2.4000000000000354 0.1 0.0
2.4000000000000354 0.1 0.0
2.4000000000000354 0.1 0.0
2.4000000000000354 0.1 0.0
2.4000000000000354 0.1 0.0
2.4000000000000354 0.1 0.0
2.4000000000000354 0.1 0.0
2.4000000000000354 0.1 0.0
2.4000000000000354 0.1 0.0
2.4000000000000354 0.1 0.0
2.4000000000000354 0.1 0.0
2.4000000000000354 0.1 0.0
2.4000000000000354 0.1 0.0
2.4000000000000354 0.1 0.0
2.4000000000000354 0.1 0.0
2.4000000000000354 0.1 0.0
2.4000000000000354 0.1 0.0
2.4000000000000354 0.1 0.0
2.4000000000000354 0.1 0.0
2.4000000000000354 0.1 0.0
2.4000000000000354 0.1 0.0
2.4000000000000354 0.1 0.0
2.4000000000000354 0.1 0.0
2.4000000000000354 0.1 0.0
2.4000000000000354 0.1 0.0
2.4000000000000354 0.1 0.0
2.4000000000000354 0.1 0.0
2.4000000000000354 0.1 0.0
2.4000000000000354 0.1 0.0
2.4000000000000354 0.1 0.0
2.4000000000000354 0.1 0.0
2.4000000000000354 0.1 0.0
2.4000000000000354 0.1 0.0
2.4000000000000354 0.1 0.0
2.4000000000000354 0.1 0.0
2.4000000000000354 0.1 0.0
2.4000000000000354 0.1 0.0
2.4000000000000354 0.1 0.0
2.4000000000000354 0.1 0.0
2.4000000000000354 0.1 0.0
2.4000000000000354 0.1 0.0
2.4000000000000354 0.1 0.0
2.4000000000000354 0.1 0.0
2.4000000000000354 0.1 0.0
2.4000000000000354 0.1 0.0
2.4000000000000354 0.1 0.0
2.4000000000000354 0.1 0.0
2.4000000000000354 0.1 0.0
2.4000000000000354 0.1 0.0
2.4000000000000354 0.1 0.0
2.4000000000000354 0.1 0.0
2.4000000000000354 0.1 0.0
2.4000000000000354 0.1 0.0
2.4000000000000354 0.1 0.0
2.4000000000000354 0.1 0.0
2.4000000000000354 0.1 0.0
2.4000000000000354 0.1 0.0
2.4001819241982862 0.1 6.345356101624323e-05
2.4007206997084904 0.1 0.0002465106205747605
2.4016058309038257 0.1 0.0005384556434818824
2.40282682215747 0.1 0.000928892961266139
2.404373177842601 0.1 0.001407746772178259
2.406234402332397 0.1 0.00196526114119117
2.408400000000036 0.1 0.0025919999999999997
2.410859475218695 0.1 0.003278847147022074
2.413602332361552 0.1 0.004017006247396917
2.4166180758017854 0.1 0.004798000832986255
2.4198962099125727 0.1 0.00561367430237401
2.4234262390670915 0.1 0.006456189920866304
2.4271976676385205 0.1 0.007318030820491461
2.4312000000000364 0.1 0.008192
2.4354227405248183 0.1 0.00907122032486464
2.439855393586043 0.1 0.009949134527280298
2.4444874635568885 0.1 0.010819505206164096
2.449308454810533 0.1 0.01167641482715535
2.4543078717201543 0.1 0.012514265722615575
2.45947521865893 0.1 0.013327780091628487
2.464800000000038 0.1 0.014112
2.470271720116656 0.1 0.014862287380258223
2.4758798833819626 0.1 0.015574324031653479
2.481613994169135 0.1 0.016244111620158264
2.487463556851351 0.1 0.016867971678467306
2.493418075801788 0.1 0.0174425456059975
2.4994670553936253 0.1 0.01796479466888796
2.5056000000000394 0.1 0.018431999999999997
2.5118064139942087 0.1 0.01884176259891711
2.518075801749311 0.1 0.019192003331945026
2.524397667638524 0.1 0.01948096293211162
2.530761516035026 0.1 0.019707201999167007
2.5371568513119938 0.1 0.0198696009995835
2.5435731778426063 0.1 0.019967360266555594
2.550000000000041 0.1 0.01999999999999999
2.556426822157476 0.1 0.0199673602665556
2.562843148688088 0.1 0.0198696009995835
2.5692384839650564 0.1 0.019707201999167007
2.5756023323615582 0.1 0.0194809629321116
2.5819241982507712 0.1 0.019192003331945026
2.5881935860058736 0.1 0.018841762598917122
2.594400000000043 0.1 0.018432000000000004
2.600532944606457 0.1 0.01796479466888795
2.606581924198294 0.1 0.017442545605997506
2.6125364431487315 0.1 0.01686797167846729
2.6183860058309474 0.1 0.016244111620158264
2.6241201166181196 0.1 0.015574324031653486
2.6297282798834263 0.1 0.014862287380258216
2.635200000000044 0.1 0.014112000000000013
2.6405247813411523 0.1 0.013327780091628494
2.645692128279928 0.1 0.012514265722615547
2.650691545189549 0.1 0.01167641482715534
2.6555125364431937 0.1 0.01081950520616412
2.6601446064140393 0.1 0.009949134527280301
2.664577259475264 0.1 0.009071220324864626
2.6688000000000454 0.1 0.008192000000000005
2.6728023323615617 0.1 0.007318030820491456
2.6765737609329903 0.1 0.006456189920866273
2.6801037900875095 0.1 0.005613674302374
2.683381924198297 0.1 0.004798000832986288
2.68639766763853 0.1 0.004017006247396898
2.6891405247813873 0.1 0.0032788471470220903
2.6916000000000464 0.1 0.0025920000000000387
2.693765597667685 0.1 0.001965261141191166
2.695626822157481 0.1 0.0014077467721782533
2.6971731778426125 0.1 0.0009288929612661367
2.6983941690962565 0.1 0.0005384556434818721
2.699279300291592 0.1 0.00024651062057473583
2.699818075801796 0.1 6.345356101622457e-05
2.700000000000047 0.1 0.0
2.700000000000047 0.1 0.0
2.700000000000047 0.1 0.0
2.700000000000047 0.1 0.0
2.700000000000047 0.1 0.0
2.700000000000047 0.1 0.0
2.700000000000047 0.1 0.0
2.700000000000047 0.1 0.0
2.700000000000047 0.1 0.0
2.700000000000047 0.1 0.0
2.700000000000047 0.1 0.0
2.700000000000047 0.1 0.0
2.700000000000047 0.1 0.0
2.700000000000047 0.1 0.0
2.700000000000047 0.1 0.0
2.700000000000047 0.1 0.0
2.700000000000047 0.1 0.0
2.700000000000047 0.1 0.0
2.700000000000047 0.1 0.0
2.700000000000047 0.1 0.0
2.700000000000047 0.1 0.0
2.700000000000047 0.1 0.0
2.700000000000047 0.1 0.0
2.700000000000047 0.1 0.0
2.700000000000047 0.1 0.0
2.700000000000047 0.1 0.0
2.700000000000047 0.1 0.0
2.700000000000047 0.1 0.0
2.700000000000047 0.1 0.0
2.700000000000047 0.1 0.0
2.700000000000047 0.1 0.0
2.700000000000047 0.1 0.0
2.700000000000047 0.1 0.0
2.700000000000047 0.1 0.0
2.700000000000047 0.1 0.0
2.700000000000047 0.1 0.0
2.700000000000047 0.1 0.0
2.700000000000047 0.1 0.0
2.700000000000047 0.1 0.0
2.700000000000047 0.1 0.0
2.700000000000047 0.1 0.0
2.700000000000047 0.1 0.0
2.700000000000047 0.1 0.0
2.700000000000047 0.1 0.0
2.700000000000047 0.1 0.0
2.700000000000047 0.1 0.0
2.700000000000047 0.1 0.0
2.700000000000047 0.1 0.0
2.700000000000047 0.1 0.0
2.700000000000047 0.1 0.0
2.700000000000047 0.1 0.0
2.700000000000047 0.1 0.0
2.700000000000047 0.1 0.0
2.700000000000047 0.1 0.0
2.700000000000047 0.1 0.0
2.700000000000047 0.1 0.0
2.700000000000047 0.1 0.0
2.700000000000047 0.1 0.0
2.700000000000047 0.1 0.0
2.700000000000047 0.1 0.0
2.700000000000047 0.1 0.0
2.700000000000047 0.1 0.0
2.700000000000047 0.1 0.0
2.700000000000047 0.1 0.0
2.700000000000047 0.1 0.0
2.700000000000047 0.1 0.0
2.700000000000047 0.1 0.0
2.700000000000047 0.1 0.0
2.700000000000047 0.1 0.0
2.700000000000047 0.1 0.0
2.700000000000047 0.1 0.0
2.700000000000047 0.1 0.0
2.700000000000047 0.1 0.0
2.700000000000047 0.1 0.0
2.700000000000047 0.1 0.0
2.700000000000047 0.1 0.0
2.700000000000047 0.1 0.0
2.700000000000047 0.1 0.0
2.700000000000047 0.1 0.0
2.700000000000047 0.1 0.0
2.700000000000047 0.1 0.0
2.700000000000047 0.1 0.0
2.700000000000047 0.1 0.0
2.700000000000047 0.1 0.0
2.700000000000047 0.1 0.0
2.700000000000047 0.1 0.0
2.700000000000047 0.1 0.0
2.700000000000047 0.1 0.0
2.700000000000047 0.1 0.0
2.700000000000047 0.1 0.0
2.700000000000047 0.1 0.0
2.700000000000047 0.1 0.0
2.700000000000047 0.1 0.0
2.700000000000047 0.1 0.0
2.700000000000047 0.1 0.0
2.700000000000047 0.1 0.0
2.700000000000047 0.1 0.0
2.700000000000047 0.1 0.0
2.700000000000047 0.1 0.0
2.700000000000047 0.1 0.0
2.700000000000047 0.1 0.0
2.700000000000047 0.1 0.0
2.700000000000047 0.1 0.0
2.700000000000047 0.1 0.0
2.700000000000047 0.1 0.0
2.700000000000047 0.1 0.0
2.700000000000047 0.1 0.0
2.700000000000047 0.1 0.0
2.700000000000047 0.1 0.0
2.700000000000047 0.1 0.0
2.700000000000047 0.1 0.0
2.700000000000047 0.1 0.0
2.700000000000047 0.1 0.0
2.700000000000047 0.1 0.0
2.700000000000047 0.1 0.0
2.700000000000047 0.1 0.0
2.700000000000047 0.1 0.0
2.700000000000047 0.1 0.0
2.700000000000047 0.1 0.0
2.700000000000047 0.1 0.0
2.700000000000047 0.1 0.0
2.700000000000047 0.1 0.0
2.700000000000047 0.1 0.0
2.700000000000047 0.1 0.0
2.700000000000047 0.1 0.0
2.700000000000047 0.1 0.0
2.700000000000047 0.1 0.0
2.700000000000047 0.1 0.0
2.700000000000047 0.1 0.0
2.700000000000047 0.1 0.0
2.700000000000047 0.1 0.0
2.7001819241982976 0.1 6.345356101624323e-05
2.700720699708502 0.1 0.0002465106205747605
2.701605830903837 0.1 0.0005384556434818824
2.702826822157481 0.1 0.000928892961266139
2.7043731778426126 0.1 0.001407746772178259
2.7062344023324085 0.1 0.00196526114119117
2.708400000000047 0.1 0.0025919999999999997
2.7108594752187063 0.1 0.003278847147022074
2.7136023323615635 0.1 0.004017006247396917
2.716618075801797 0.1 0.004798000832986255
2.719896209912584 0.1 0.00561367430237401
2.723426239067103 0.1 0.006456189920866304
2.727197667638532 0.1 0.007318030820491461
2.731200000000048 0.1 0.008192
2.7354227405248297 0.1 0.00907122032486464
2.7398553935860543 0.1 0.009949134527280298
2.7444874635569 0.1 0.010819505206164096
2.7493084548105444 0.1 0.01167641482715535
2.7543078717201657 0.1 0.012514265722615575
2.7594752186589413 0.1 0.013327780091628487
2.7648000000000494 0.1 0.014112
2.7702717201166673 0.1 0.014862287380258223
2.775879883381974 0.1 0.015574324031653479
2.7816139941691462 0.1 0.016244111620158264
2.787463556851362 0.1 0.016867971678467306
2.7934180758017995 0.1 0.0174425456059975
2.7994670553936367 0.1 0.01796479466888796
2.8056000000000507 0.1 0.018431999999999997
2.81180641399422 0.1 0.01884176259891711
2.8180758017493224 0.1 0.019192003331945026
2.8243976676385354 0.1 0.01948096293211162
2.8307615160350372 0.1 0.019707201999167007
2.837156851312005 0.1 0.0198696009995835
2.8435731778426176 0.1 0.019967360266555594
2.8500000000000525 0.1 0.01999999999999999
2.8564268221574873 0.1 0.0199673602665556
2.8628431486880994 0.1 0.0198696009995835
2.8692384839650678 0.1 0.019707201999167007
2.8756023323615696 0.1 0.0194809629321116
2.8819241982507826 0.1 0.019192003331945026
2.888193586005885 0.1 0.018841762598917122
2.8944000000000543 0.1 0.018432000000000004
2.9005329446064683 0.1 0.01796479466888795
2.9065819241983055 0.1 0.017442545605997506
2.912536443148743 0.1 0.01686797167846729
2.9183860058309588 0.1 0.016244111620158264
2.924120116618131 0.1 0.015574324031653486
2.9297282798834376 0.1 0.014862287380258216
2.9352000000000555 0.1 0.014112000000000013
2.9405247813411637 0.1 0.013327780091628494
2.9456921282799393 0.1 0.012514265722615547
2.9506915451895606 0.1 0.01167641482715534
2.955512536443205 0.1 0.01081950520616412
2.9601446064140506 0.1 0.009949134527280301
2.9645772594752753 0.1 0.009071220324864626
2.9688000000000567 0.1 0.008192000000000005
2.972802332361573 0.1 0.007318030820491456
2.9765737609330016 0.1 0.006456189920866273
2.980103790087521 0.1 0.005613674302374
2.983381924198308 0.1 0.004798000832986288
2.9863976676385415 0.1 0.004017006247396898
2.9891405247813987 0.1 0.0032788471470220903
2.9916000000000578 0.1 0.0025920000000000387
2.9937655976676965 0.1 0.001965261141191166
2.9956268221574924 0.1 0.0014077467721782533
2.997173177842624 0.1 0.0009288929612661367
2.998394169096268 0.1 0.0005384556434818721
2.999279300291603 0.1 0.00024651062057473583
2.9998180758018074 0.1 6.345356101622457e-05
3.000000000000058 0.1 0.0
3.000000000000058 0.1 0.0
3.000000000000058 0.1 0.0
3.000000000000058 0.1 0.0
3.000000000000058 0.1 0.0
3.000000000000058 0.1 0.0
3.000000000000058 0.1 0.0
3.000000000000058 0.1 0.0
3.000000000000058 0.1 0.0
3.000000000000058 0.1 0.0
3.000000000000058 0.1 0.0
3.000000000000058 0.1 0.0
3.000000000000058 0.1 0.0
3.000000000000058 0.1 0.0
3.000000000000058 0.1 0.0
3.000000000000058 0.1 0.0
3.000000000000058 0.1 0.0
3.000000000000058 0.1 0.0
3.000000000000058 0.1 0.0
3.000000000000058 0.1 0.0
3.000000000000058 0.1 0.0
3.000000000000058 0.1 0.0
3.000000000000058 0.1 0.0
3.000000000000058 0.1 0.0
3.000000000000058 0.1 0.0
3.000000000000058 0.1 0.0
3.000000000000058 0.1 0.0
3.000000000000058 0.1 0.0
3.000000000000058 0.1 0.0
3.000000000000058 0.1 0.0
3.000000000000058 0.1 0.0
3.000000000000058 0.1 0.0
3.000000000000058 0.1 0.0
3.000000000000058 0.1 0.0
3.000000000000058 0.1 0.0
3.000000000000058 0.1 0.0
3.000000000000058 0.1 0.0
3.000000000000058 0.1 0.0
3.000000000000058 0.1 0.0
3.000000000000058 0.1 0.0
3.000000000000058 0.1 0.0
3.000000000000058 0.1 0.0
3.000000000000058 0.1 0.0
3.000000000000058 0.1 0.0
3.000000000000058 0.1 0.0
3.000000000000058 0.1 0.0
3.000000000000058 0.1 0.0
3.000000000000058 0.1 0.0
3.000000000000058 0.1 0.0
3.000000000000058 0.1 0.0
3.000000000000058 0.1 0.0
3.000000000000058 0.1 0.0
3.000000000000058 0.1 0.0
3.000000000000058 0.1 0.0
3.000000000000058 0.1 0.0
3.000000000000058 0.1 0.0
3.000000000000058 0.1 0.0
3.000000000000058 0.1 0.0
3.000000000000058 0.1 0.0
3.000000000000058 0.1 0.0
3.000000000000058 0.1 0.0
3.000000000000058 0.1 0.0
3.000000000000058 0.1 0.0
3.000000000000058 0.1 0.0
3.000000000000058 0.1 0.0
3.000000000000058 0.1 0.0
3.000000000000058 0.1 0.0
3.000000000000058 0.1 0.0
3.000000000000058 0.1 0.0
3.000000000000058 0.1 0.0
3.000000000000058 0.1 0.0
3.000000000000058 0.1 0.0
3.000000000000058 0.1 0.0
3.000000000000058 0.1 0.0
3.000000000000058 0.1 0.0
3.000000000000058 0.1 0.0
3.000000000000058 0.1 0.0
3.000000000000058 0.1 0.0
3.000000000000058 0.1 0.0
3.000000000000058 0.1 0.0
3.000000000000058 0.1 0.0
3.000000000000058 0.1 0.0
3.000000000000058 0.1 0.0
3.000000000000058 0.1 0.0
3.000000000000058 0.1 0.0
3.000000000000058 0.1 0.0
3.000000000000058 0.1 0.0
3.000000000000058 0.1 0.0
3.000000000000058 0.1 0.0
3.000000000000058 0.1 0.0
3.000000000000058 0.1 0.0
3.000000000000058 0.1 0.0
3.000000000000058 0.1 0.0
3.000000000000058 0.1 0.0
3.000000000000058 0.1 0.0
3.000000000000058 0.1 0.0
3.000000000000058 0.1 0.0
3.000000000000058 0.1 0.0
3.000000000000058 0.1 0.0
3.000000000000058 0.1 0.0
3.000000000000058 0.1 0.0
3.000000000000058 0.1 0.0
3.000000000000058 0.1 0.0
3.000000000000058 0.1 0.0
3.000000000000058 0.1 0.0
3.000000000000058 0.1 0.0
3.000000000000058 0.1 0.0
3.000000000000058 0.1 0.0
3.000000000000058 0.1 0.0
3.000000000000058 0.1 0.0
3.000000000000058 0.1 0.0
3.000000000000058 0.1 0.0
3.000000000000058 0.1 0.0
3.000000000000058 0.1 0.0
3.000000000000058 0.1 0.0
3.000000000000058 0.1 0.0
3.000000000000058 0.1 0.0
3.000000000000058 0.1 0.0
3.000000000000058 0.1 0.0
3.000000000000058 0.1 0.0
3.000000000000058 0.1 0.0
3.000000000000058 0.1 0.0
3.000000000000058 0.1 0.0
3.000000000000058 0.1 0.0
3.000000000000058 0.1 0.0
3.000000000000058 0.1 0.0
3.000000000000058 0.1 0.0
3.000000000000058 0.1 0.0
3.000000000000058 0.1 0.0
3.000000000000058 0.1 0.0
3.000000000000058 0.1 0.0
3.000181924198309 0.1 6.345356101624323e-05
3.000720699708513 0.1 0.0002465106205747605
3.0016058309038485 0.1 0.0005384556434818824
3.0028268221574925 0.1 0.000928892961266139
3.004373177842624 0.1 0.001407746772178259
3.00623440233242 0.1 0.00196526114119117
3.0084000000000586 0.1 0.0025919999999999997
3.0108594752187177 0.1 0.003278847147022074
3.013602332361575 0.1 0.004017006247396917
3.016618075801808 0.1 0.004798000832986255
3.0198962099125954 0.1 0.00561367430237401
3.0234262390671143 0.1 0.006456189920866304
3.0271976676385433 0.1 0.007318030820491461
3.031200000000059 0.1 0.008192
3.035422740524841 0.1 0.00907122032486464
3.0398553935860657 0.1 0.009949134527280298
3.0444874635569112 0.1 0.010819505206164096
3.049308454810556 0.1 0.01167641482715535
3.054307871720177 0.1 0.012514265722615575
3.0594752186589527 0.1 0.013327780091628487
3.064800000000061 0.1 0.014112
3.0702717201166787 0.1 0.014862287380258223
3.0758798833819854 0.1 0.015574324031653479
3.0816139941691576 0.1 0.016244111620158264
3.0874635568513735 0.1 0.016867971678467306
3.093418075801811 0.1 0.0174425456059975
3.099467055393648 0.1 0.01796479466888796
3.105600000000062 0.1 0.018431999999999997
3.1118064139942314 0.1 0.01884176259891711
3.1180758017493337 0.1 0.019192003331945026
3.1243976676385468 0.1 0.01948096293211162
3.1307615160350486 0.1 0.019707201999167007
3.1371568513120165 0.1 0.0198696009995835
3.143573177842629 0.1 0.019967360266555594
3.150000000000064 0.1 0.01999999999999999
3.1564268221574987 0.1 0.0199673602665556
3.162843148688111 0.1 0.0198696009995835
3.169238483965079 0.1 0.019707201999167007
3.175602332361581 0.1 0.0194809629321116
3.181924198250794 0.1 0.019192003331945026
3.1881935860058963 0.1 0.018841762598917122
3.1944000000000656 0.1 0.018432000000000004
3.2005329446064796 0.1 0.01796479466888795
3.206581924198317 0.1 0.017442545605997506
3.212536443148754 0.1 0.01686797167846729
3.21838600583097 0.1 0.016244111620158264
3.2241201166181424 0.1 0.015574324031653486
3.229728279883449 0.1 0.014862287380258216
3.235200000000067 0.1 0.014112000000000013
3.240524781341175 0.1 0.013327780091628494
3.2456921282799507 0.1 0.012514265722615547
3.250691545189572 0.1 0.01167641482715534
3.2555125364432165 0.1 0.01081950520616412
3.260144606414062 0.1 0.009949134527280301
3.2645772594752867 0.1 0.009071220324864626
3.268800000000068 0.1 0.008192000000000005
3.2728023323615845 0.1 0.007318030820491456
3.276573760933013 0.1 0.006456189920866273
3.2801037900875323 0.1 0.005613674302374
3.2833819241983195 0.1 0.004798000832986288
3.286397667638553 0.1 0.004017006247396898
3.28914052478141 0.1 0.0032788471470220903
3.291600000000069 0.1 0.0025920000000000387
3.293765597667708 0.1 0.001965261141191166
3.295626822157504 0.1 0.0014077467721782533
3.297173177842635 0.1 0.0009288929612661367
3.2983941690962792 0.1 0.0005384556434818721
3.2992793002916145 0.1 0.00024651062057473583
3.2998180758018187 0.1 6.345356101622457e-05
3.3000000000000695 0.1 0.0
3.3000000000000695 0.1 0.0
3.3000000000000695 0.1 0.0
3.3000000000000695 0.1 0.0
3.3000000000000695 0.1 0.0
3.3000000000000695 0.1 0.0
3.3000000000000695 0.1 0.0
3.3000000000000695 0.1 0.0
3.3000000000000695 0.1 0.0
3.3000000000000695 0.1 0.0
3.3000000000000695 0.1 0.0
3.3000000000000695 0.1 0.0
3.3000000000000695 0.1 0.0
3.3000000000000695 0.1 0.0
3.3000000000000695 0.1 0.0
3.3000000000000695 0.1 0.0
3.3000000000000695 0.1 0.0
3.3000000000000695 0.1 0.0
3.3000000000000695 0.1 0.0
3.3000000000000695 0.1 0.0
3.3000000000000695 0.1 0.0
3.3000000000000695 0.1 0.0
3.3000000000000695 0.1 0.0
3.3000000000000695 0.1 0.0
3.3000000000000695 0.1 0.0
3.3000000000000695 0.1 0.0
3.3000000000000695 0.1 0.0
3.3000000000000695 0.1 0.0
3.3000000000000695 0.1 0.0
3.3000000000000695 0.1 0.0
3.3000000000000695 0.1 0.0
3.3000000000000695 0.1 0.0
3.3000000000000695 0.1 0.0
3.3000000000000695 0.1 0.0
3.3000000000000695 0.1 0.0
3.3000000000000695 0.1 0.0
3.3000000000000695 0.1 0.0
3.3000000000000695 0.1 0.0
3.3000000000000695 0.1 0.0
3.3000000000000695 0.1 0.0
3.3000000000000695 0.1 0.0
3.3000000000000695 0.1 0.0
3.3000000000000695 0.1 0.0
3.3000000000000695 0.1 0.0
3.3000000000000695 0.1 0.0
3.3000000000000695 0.1 0.0
3.3000000000000695 0.1 0.0
3.3000000000000695 0.1 0.0
3.3000000000000695 0.1 0.0
3.3000000000000695 0.1 0.0
3.3000000000000695 0.1 0.0
3.3000000000000695 0.1 0.0
3.3000000000000695 0.1 0.0
3.3000000000000695 0.1 0.0
3.3000000000000695 0.1 0.0
3.3000000000000695 0.1 0.0
3.3000000000000695 0.1 0.0
3.3000000000000695 0.1 0.0
3.3000000000000695 0.1 0.0
3.3000000000000695 0.1 0.0
3.3000000000000695 0.1 0.0
3.3000000000000695 0.1 0.0
3.3000000000000695 0.1 0.0
3.3000000000000695 0.1 0.0
3.3000000000000695 0.1 0.0
3.3000000000000695 0.1 0.0
3.3000000000000695 0.1 0.0
3.3000000000000695 0.1 0.0
3.3000000000000695 0.1 0.0
3.3000000000000695 0.1 0.0
3.3000000000000695 0.1 0.0
3.3000000000000695 0.1 0.0
3.3000000000000695 0.1 0.0
3.3000000000000695 0.1 0.0
3.3000000000000695 0.1 0.0
3.3000000000000695 0.1 0.0
3.3000000000000695 0.1 0.0
3.3000000000000695 0.1 0.0
3.3000000000000695 0.1 0.0
3.3000000000000695 0.1 0.0
3.3000000000000695 0.1 0.0
3.3000000000000695 0.1 0.0
3.3000000000000695 0.1 0.0
3.3000000000000695 0.1 0.0
3.3000000000000695 0.1 0.0
3.3000000000000695 0.1 0.0
3.3000000000000695 0.1 0.0
3.3000000000000695 0.1 0.0
3.3000000000000695 0.1 0.0
3.3000000000000695 0.1 0.0
3.3000000000000695 0.1 0.0
3.3000000000000695 0.1 0.0
3.3000000000000695 0.1 0.0
3.3000000000000695 0.1 0.0
3.3000000000000695 0.1 0.0
3.3000000000000695 0.1 0.0
3.3000000000000695 0.1 0.0
3.3000000000000695 0.1 0.0
3.3000000000000695 0.1 0.0
3.3000000000000695 0.1 0.0
3.3000000000000695 0.1 0.0
3.3000000000000695 0.1 0.0
3.3000000000000695 0.1 0.0
3.3000000000000695 0.1 0.0
3.3000000000000695 0.1 0.0
3.3000000000000695 0.1 0.0
3.3000000000000695 0.1 0.0
3.3000000000000695 0.1 0.0
3.3000000000000695 0.1 0.0
3.3000000000000695 0.1 0.0
3.3000000000000695 0.1 0.0
3.3000000000000695 0.1 0.0
3.3000000000000695 0.1 0.0
3.3000000000000695 0.1 0.0
3.3000000000000695 0.1 0.0
3.3000000000000695 0.1 0.0
3.3000000000000695 0.1 0.0
3.3000000000000695 0.1 0.0
3.3000000000000695 0.1 0.0
3.3000000000000695 0.1 0.0
3.3000000000000695 0.1 0.0
3.3000000000000695 0.1 0.0
3.3000000000000695 0.1 0.0
3.3000000000000695 0.1 0.0
3.3000000000000695 0.1 0.0
3.3000000000000695 0.1 0.0
3.3000000000000695 0.1 0.0
3.3000000000000695 0.1 0.0
3.3000000000000695 0.1 0.0
3.3000000000000695 0.1 0.0
