1.0310923973763693e-17 -0.10163857612916291 -1.3877787807814457e-17
1.0310923973763693e-17 -0.10163857612916291 -1.3877787807814457e-17
1.0310923973763693e-17 -0.10163857612916291 -1.3877787807814457e-17
1.0310923973763693e-17 -0.10163857612916291 -1.3877787807814457e-17
1.0310923973763693e-17 -0.10163857612916291 -1.3877787807814457e-17
1.0310923973763693e-17 -0.10163857612916291 -1.3877787807814457e-17
1.0310923973763693e-17 -0.10163857612916291 -1.3877787807814457e-17
1.0310923973763693e-17 -0.10163857612916291 -1.3877787807814457e-17
1.0310923973763693e-17 -0.10163857612916291 -1.3877787807814457e-17
1.0310923973763693e-17 -0.10163857612916291 -1.3877787807814457e-17
1.0310923973763693e-17 -0.10163857612916291 -1.3877787807814457e-17
1.0310923973763693e-17 -0.10163857612916291 -1.3877787807814457e-17
1.0310923973763693e-17 -0.10163857612916291 -1.3877787807814457e-17
1.0310923973763693e-17 -0.10163857612916291 -1.3877787807814457e-17
1.0310923973763693e-17 -0.10163857612916291 -1.3877787807814457e-17
1.0310923973763693e-17 -0.10163857612916291 -1.3877787807814457e-17
1.0310923973763693e-17 -0.10163857612916291 -1.3877787807814457e-17
1.0310923973763693e-17 -0.10163857612916291 -1.3877787807814457e-17
1.0310923973763693e-17 -0.10163857612916291 -1.3877787807814457e-17
1.0310923973763693e-17 -0.10163857612916291 -1.3877787807814457e-17
1.0310923973763693e-17 -0.10163857612916291 -1.3877787807814457e-17
1.0310923973763693e-17 -0.10163857612916291 -1.3877787807814457e-17
1.0310923973763693e-17 -0.10163857612916291 -1.3877787807814457e-17
1.0310923973763693e-17 -0.10163857612916291 -1.3877787807814457e-17
1.0310923973763693e-17 -0.10163857612916291 -1.3877787807814457e-17
1.0310923973763693e-17 -0.10163857612916291 -1.3877787807814457e-17
1.0310923973763693e-17 -0.10163857612916291 -1.3877787807814457e-17
1.0310923973763693e-17 -0.10163857612916291 -1.3877787807814457e-17
1.0310923973763693e-17 -0.10163857612916291 -1.3877787807814457e-17
1.0310923973763693e-17 -0.10163857612916291 -1.3877787807814457e-17
1.0310923973763693e-17 -0.10163857612916291 -1.3877787807814457e-17
1.0310923973763693e-17 -0.10163857612916291 -1.3877787807814457e-17
1.0310923973763693e-17 -0.10163857612916291 -1.3877787807814457e-17
1.0310923973763693e-17 -0.10163857612916291 -1.3877787807814457e-17
1.0310923973763693e-17 -0.10163857612916291 -1.3877787807814457e-17
1.0310923973763693e-17 -0.10163857612916291 -1.3877787807814457e-17
1.0310923973763693e-17 -0.10163857612916291 -1.3877787807814457e-17
1.0310923973763693e-17 -0.10163857612916291 -1.3877787807814457e-17
1.0310923973763693e-17 -0.10163857612916291 -1.3877787807814457e-17
1.0310923973763693e-17 -0.10163857612916291 -1.3877787807814457e-17
1.0310923973763693e-17 -0.10163857612916291 -1.3877787807814457e-17
1.0310923973763693e-17 -0.10163857612916291 -1.3877787807814457e-17
1.0310923973763693e-17 -0.10163857612916291 -1.3877787807814457e-17
1.0310923973763693e-17 -0.10163857612916291 -1.3877787807814457e-17
1.0310923973763693e-17 -0.10163857612916291 -1.3877787807814457e-17
1.0310923973763693e-17 -0.10163857612916291 -1.3877787807814457e-17
1.0310923973763693e-17 -0.10163857612916291 -1.3877787807814457e-17
1.0310923973763693e-17 -0.10163857612916291 -1.3877787807814457e-17
1.0310923973763693e-17 -0.10163857612916291 -1.3877787807814457e-17
1.0310923973763693e-17 -0.10163857612916291 -1.3877787807814457e-17
1.0310923973763693e-17 -0.10163857612916291 -1.3877787807814457e-17
1.0310923973763693e-17 -0.10163857612916291 -1.3877787807814457e-17
1.0310923973763693e-17 -0.10163857612916291 -1.3877787807814457e-17
1.0310923973763693e-17 -0.10163857612916291 -1.3877787807814457e-17
1.0310923973763693e-17 -0.10163857612916291 -1.3877787807814457e-17
1.0310923973763693e-17 -0.10163857612916291 -1.3877787807814457e-17
1.0310923973763693e-17 -0.10163857612916291 -1.3877787807814457e-17
1.0310923973763693e-17 -0.10163857612916291 -1.3877787807814457e-17
1.0310923973763693e-17 -0.10163857612916291 -1.3877787807814457e-17
1.0310923973763693e-17 -0.10163857612916291 -1.3877787807814457e-17
1.0310923973763693e-17 -0.10163857612916291 -1.3877787807814457e-17
1.0310923973763693e-17 -0.10163857612916291 -1.3877787807814457e-17
1.0310923973763693e-17 -0.10163857612916291 -1.3877787807814457e-17
1.0310923973763693e-17 -0.10163857612916291 -1.3877787807814457e-17
1.0310923973763693e-17 -0.10163857612916291 -1.3877787807814457e-17
1.0310923973763693e-17 -0.10163857612916291 -1.3877787807814457e-17
1.0310923973763693e-17 -0.10163857612916291 -1.3877787807814457e-17
1.0310923973763693e-17 -0.10163857612916291 -1.3877787807814457e-17
1.0310923973763693e-17 -0.10163857612916291 -1.3877787807814457e-17
1.0310923973763693e-17 -0.10163857612916291 -1.3877787807814457e-17
1.0310923973763693e-17 -0.10163857612916291 -1.3877787807814457e-17
1.0310923973763693e-17 -0.10163857612916291 -1.3877787807814457e-17
1.0310923973763693e-17 -0.10163857612916291 -1.3877787807814457e-17
1.0310923973763693e-17 -0.10163857612916291 -1.3877787807814457e-17
1.0310923973763693e-17 -0.10163857612916291 -1.3877787807814457e-17
1.0310923973763693e-17 -0.10163857612916291 -1.3877787807814457e-17
1.0310923973763693e-17 -0.10163857612916291 -1.3877787807814457e-17
1.0310923973763693e-17 -0.10163857612916291 -1.3877787807814457e-17
1.0310923973763693e-17 -0.10163857612916291 -1.3877787807814457e-17
1.0310923973763693e-17 -0.10163857612916291 -1.3877787807814457e-17
1.0310923973763693e-17 -0.10163857612916291 -1.3877787807814457e-17
1.0310923973763693e-17 -0.10163857612916291 -1.3877787807814457e-17
1.0310923973763693e-17 -0.10163857612916291 -1.3877787807814457e-17
1.0310923973763693e-17 -0.10163857612916291 -1.3877787807814457e-17
1.0310923973763693e-17 -0.10163857612916291 -1.3877787807814457e-17
1.0310923973763693e-17 -0.10163857612916291 -1.3877787807814457e-17
1.0310923973763693e-17 -0.10163857612916291 -1.3877787807814457e-17
1.0310923973763693e-17 -0.10163857612916291 -1.3877787807814457e-17
1.0310923973763693e-17 -0.10163857612916291 -1.3877787807814457e-17
1.0310923973763693e-17 -0.10163857612916291 -1.3877787807814457e-17
1.0310923973763693e-17 -0.10163857612916291 -1.3877787807814457e-17
1.0310923973763693e-17 -0.10163857612916291 -1.3877787807814457e-17
1.0310923973763693e-17 -0.10163857612916291 -1.3877787807814457e-17
1.0310923973763693e-17 -0.10163857612916291 -1.3877787807814457e-17
1.0310923973763693e-17 -0.10163857612916291 -1.3877787807814457e-17
1.0310923973763693e-17 -0.10163857612916291 -1.3877787807814457e-17
1.0310923973763693e-17 -0.10163857612916291 -1.3877787807814457e-17
1.0310923973763693e-17 -0.10163857612916291 -1.3877787807814457e-17
1.0310923973763693e-17 -0.10163857612916291 -1.3877787807814457e-17
1.0310923973763693e-17 -0.10163857612916291 -1.3877787807814457e-17
1.0310923973763693e-17 -0.10163857612916291 -1.3877787807814457e-17
1.0310923973763693e-17 -0.10163857612916291 -1.3877787807814457e-17
1.0310923973763693e-17 -0.10163857612916291 -1.3877787807814457e-17
1.0310923973763693e-17 -0.10163857612916291 -1.3877787807814457e-17
1.0310923973763693e-17 -0.10163857612916291 -1.3877787807814457e-17
1.0310923973763693e-17 -0.10163857612916291 -1.3877787807814457e-17
1.0310923973763693e-17 -0.10163857612916291 -1.3877787807814457e-17
1.0310923973763693e-17 -0.10163857612916291 -1.3877787807814457e-17
1.0310923973763693e-17 -0.10163857612916291 -1.3877787807814457e-17
1.0310923973763693e-17 -0.10163857612916291 -1.3877787807814457e-17
1.0310923973763693e-17 -0.10163857612916291 -1.3877787807814457e-17
1.0310923973763693e-17 -0.10163857612916291 -1.3877787807814457e-17
1.0310923973763693e-17 -0.10163857612916291 -1.3877787807814457e-17
1.0310923973763693e-17 -0.10163857612916291 -1.3877787807814457e-17
1.0310923973763693e-17 -0.10163857612916291 -1.3877787807814457e-17
1.0310923973763693e-17 -0.10163857612916291 -1.3877787807814457e-17
1.0310923973763693e-17 -0.10163857612916291 -1.3877787807814457e-17
1.0310923973763693e-17 -0.10163857612916291 -1.3877787807814457e-17
1.0310923973763693e-17 -0.10163857612916291 -1.3877787807814457e-17
1.0310923973763693e-17 -0.10163857612916291 -1.3877787807814457e-17
1.0310923973763693e-17 -0.10163857612916291 -1.3877787807814457e-17
1.0310923973763693e-17 -0.10163857612916291 -1.3877787807814457e-17
1.0310923973763693e-17 -0.10163857612916291 -1.3877787807814457e-17
1.0310923973763693e-17 -0.10163857612916291 -1.3877787807814457e-17
1.0310923973763693e-17 -0.10163857612916291 -1.3877787807814457e-17
1.0310923973763693e-17 -0.10163857612916291 -1.3877787807814457e-17
1.0310923973763693e-17 -0.10163857612916291 -1.3877787807814457e-17
1.0310923973763693e-17 -0.10163857612916291 -1.3877787807814457e-17
1.0310923973763693e-17 -0.10163857612916291 -1.3877787807814457e-17
1.0310923973763693e-17 -0.10163857612916291 -1.3877787807814457e-17
1.0310923973763693e-17 -0.10163857612916291 -1.3877787807814457e-17
1.0310923973763693e-17 -0.10163857612916291 -1.3877787807814457e-17
1.0310923973763693e-17 -0.10163857612916291 -1.3877787807814457e-17
1.0310923973763693e-17 -0.10163857612916291 -1.3877787807814457e-17
1.0310923973763693e-17 -0.10163857612916291 -1.3877787807814457e-17
1.0310923973763693e-17 -0.10163857612916291 -1.3877787807814457e-17
1.0310923973763693e-17 -0.10163857612916291 -1.3877787807814457e-17
1.0310923973763693e-17 -0.10163857612916291 -1.3877787807814457e-17
1.0310923973763693e-17 -0.10163857612916291 -1.3877787807814457e-17
1.0310923973763693e-17 -0.10163857612916291 -1.3877787807814457e-17
1.0310923973763693e-17 -0.10163857612916291 -1.3877787807814457e-17
1.0310923973763693e-17 -0.10163857612916291 -1.3877787807814457e-17
1.0310923973763693e-17 -0.10163857612916291 -1.3877787807814457e-17
1.0310923973763693e-17 -0.10163857612916291 -1.3877787807814457e-17
1.0310923973763693e-17 -0.10163857612916291 -1.3877787807814457e-17
1.0310923973763693e-17 -0.10163857612916291 -1.3877787807814457e-17
1.0310923973763693e-17 -0.10163857612916291 -1.3877787807814457e-17
1.0310923973763693e-17 -0.10163857612916291 -1.3877787807814457e-17
1.0310923973763693e-17 -0.10163857612916291 -1.3877787807814457e-17
1.0310923973763693e-17 -0.10163857612916291 -1.3877787807814457e-17
1.0310923973763693e-17 -0.10163857612916291 -1.3877787807814457e-17
1.0310923973763693e-17 -0.10163857612916291 -1.3877787807814457e-17
1.0310923973763693e-17 -0.10163857612916291 -1.3877787807814457e-17
1.0310923973763693e-17 -0.10163857612916291 -1.3877787807814457e-17
1.0310923973763693e-17 -0.10163857612916291 -1.3877787807814457e-17
1.0310923973763693e-17 -0.10163857612916291 -1.3877787807814457e-17
1.0310923973763693e-17 -0.10163857612916291 -1.3877787807814457e-17
1.0310923973763693e-17 -0.10163857612916291 -1.3877787807814457e-17
1.0310923973763693e-17 -0.10163857612916291 -1.3877787807814457e-17
1.0310923973763693e-17 -0.10163857612916291 -1.3877787807814457e-17
1.0310923973763693e-17 -0.10163857612916291 -1.3877787807814457e-17
1.0310923973763693e-17 -0.10163857612916291 -1.3877787807814457e-17
1.0310923973763693e-17 -0.10163857612916291 -1.3877787807814457e-17
1.0310923973763693e-17 -0.10163857612916291 -1.3877787807814457e-17
1.0310923973763693e-17 -0.10163857612916291 -1.3877787807814457e-17
1.0310923973763693e-17 -0.10163857612916291 -1.3877787807814457e-17
1.0310923973763693e-17 -0.10163857612916291 -1.3877787807814457e-17
1.0310923973763693e-17 -0.10163857612916291 -1.3877787807814457e-17
1.0310923973763693e-17 -0.10163857612916291 -1.3877787807814457e-17
1.0310923973763693e-17 -0.10163857612916291 -1.3877787807814457e-17
1.0310923973763693e-17 -0.10163857612916291 -1.3877787807814457e-17
1.0310923973763693e-17 -0.10163857612916291 -1.3877787807814457e-17
1.0310923973763693e-17 -0.10163857612916291 -1.3877787807814457e-17
1.0310923973763693e-17 -0.10163857612916291 -1.3877787807814457e-17
1.0310923973763693e-17 -0.10163857612916291 -1.3877787807814457e-17
1.0310923973763693e-17 -0.10163857612916291 -1.3877787807814457e-17
1.0310923973763693e-17 -0.10163857612916291 -1.3877787807814457e-17
1.0310923973763693e-17 -0.10163857612916291 -1.3877787807814457e-17
1.0310923973763693e-17 -0.10163857612916291 -1.3877787807814457e-17
1.0310923973763693e-17 -0.10163857612916291 -1.3877787807814457e-17
1.0310923973763693e-17 -0.10163857612916291 -1.3877787807814457e-17
1.0310923973763693e-17 -0.10163857612916291 -1.3877787807814457e-17
1.0310923973763693e-17 -0.10163857612916291 -1.3877787807814457e-17
1.0310923973763693e-17 -0.10163857612916291 -1.3877787807814457e-17
1.0310923973763693e-17 -0.10163857612916291 -1.3877787807814457e-17
1.0310923973763693e-17 -0.10163857612916291 -1.3877787807814457e-17
1.0310923973763693e-17 -0.10163857612916291 -1.3877787807814457e-17
1.0310923973763693e-17 -0.10163857612916291 -1.3877787807814457e-17
1.0310923973763693e-17 -0.10163857612916291 -1.3877787807814457e-17
1.0310923973763693e-17 -0.10163857612916291 -1.3877787807814457e-17
1.0310923973763693e-17 -0.10163857612916291 -1.3877787807814457e-17
1.0310923973763693e-17 -0.10163857612916291 -1.3877787807814457e-17
1.0310923973763693e-17 -0.10163857612916291 -1.3877787807814457e-17
1.0310923973763693e-17 -0.10163857612916291 -1.3877787807814457e-17
1.0310923973763693e-17 -0.10163857612916291 -1.3877787807814457e-17
1.0310923973763693e-17 -0.10163857612916291 -1.3877787807814457e-17
1.0310923973763693e-17 -0.10163857612916291 -1.3877787807814457e-17
1.0310923973763693e-17 -0.10163857612916291 -1.3877787807814457e-17
1.0310923973763693e-17 -0.10163857612916291 -1.3877787807814457e-17
1.0310923973763693e-17 -0.10163857612916291 -1.3877787807814457e-17
1.0310923973763693e-17 -0.1 0.0
9.09620991253748e-05 -0.1 6.345356101624323e-05
0.0003603498542274158 -0.1 0.0002465106205747605
0.0008029154518950547 -0.1 0.0005384556434818824
0.0014134110787172125 -0.1 0.000928892961266139
0.0021865889212828106 -0.1 0.001407746772178259
0.0031172011661807705 -0.1 0.00196526114119117
0.004200000000000013 -0.1 0.0025919999999999997
0.00542973760932946 -0.1 0.003278847147022074
0.006801166180758033 -0.1 0.004017006247396917
0.008309037900874651 -0.1 0.004798000832986255
0.009948104956268237 -0.1 0.00561367430237401
0.011713119533527716 -0.1 0.006456189920866304
0.013598833819242002 -0.1 0.007318030820491461
0.01560000000000002 -0.1 0.008192
0.017711370262390693 -0.1 0.00907122032486464
0.01992769679300294 -0.1 0.009949134527280298
0.02224373177842568 -0.1 0.010819505206164096
0.02465422740524784 -0.1 0.01167641482715535
0.027153935860058338 -0.1 0.012514265722615575
0.029737609329446097 -0.1 0.013327780091628487
0.032400000000000026 -0.1 0.014112
0.03513586005830907 -0.1 0.014862287380258223
0.03793994169096214 -0.1 0.015574324031653479
0.04080699708454814 -0.1 0.016244111620158264
0.04373177842565601 -0.1 0.016867971678467306
0.046709037900874675 -0.1 0.0174425456059975
0.04973352769679304 -0.1 0.01796479466888796
0.05280000000000004 -0.1 0.018431999999999997
0.055903206997084585 -0.1 0.01884176259891711
0.05903790087463561 -0.1 0.019192003331945026
0.06219883381924202 -0.1 0.01948096293211162
0.06538075801749277 -0.1 0.019707201999167007
0.06857842565597674 -0.1 0.0198696009995835
0.07178658892128285 -0.1 0.019967360266555594
0.07500000000000007 -0.1 0.01999999999999999
0.07821341107871727 -0.1 0.0199673602665556
0.08142157434402338 -0.1 0.0198696009995835
0.08461924198250735 -0.1 0.019707201999167007
0.08780116618075809 -0.1 0.0194809629321116
0.09096209912536452 -0.1 0.019192003331945026
0.09409679300291553 -0.1 0.018841762598917122
0.09720000000000006 -0.1 0.018432000000000004
0.10026647230320707 -0.1 0.01796479466888795
0.10329096209912546 -0.1 0.017442545605997506
0.10626822157434408 -0.1 0.01686797167846729
0.10919300291545199 -0.1 0.016244111620158264
0.11206005830903797 -0.1 0.015574324031653486
0.11486413994169106 -0.1 0.014862287380258216
0.11760000000000008 -0.1 0.014112000000000013
0.12026239067055401 -0.1 0.013327780091628494
0.12284606413994177 -0.1 0.012514265722615547
0.12534577259475224 -0.1 0.01167641482715534
0.1277562682215744 -0.1 0.01081950520616412
0.13007230320699717 -0.1 0.009949134527280301
0.1322886297376094 -0.1 0.009071220324864626
0.13440000000000007 -0.1 0.008192000000000005
0.13640116618075812 -0.1 0.007318030820491456
0.13828688046647236 -0.1 0.006456189920866273
0.14005189504373183 -0.1 0.005613674302374
0.1416909620991254 -0.1 0.004798000832986288
0.14319883381924203 -0.1 0.004017006247396898
0.1445702623906706 -0.1 0.0032788471470220903
0.14580000000000007 -0.1 0.0025920000000000387
0.14688279883381933 -0.1 0.001965261141191166
0.14781341107871726 -0.1 0.0014077467721782533
0.1485865889212829 -0.1 0.0009288929612661367
0.14919708454810507 -0.1 0.0005384556434818721
0.14963965014577266 -0.1 0.00024651062057473583
0.14990903790087468 -0.1 6.345356101622457e-05
0.1500000000000001 -0.1 0.0
0.1500000000000001 -0.1 0.0
0.1500000000000001 -0.1 0.0
0.1500000000000001 -0.1 0.0
0.1500000000000001 -0.1 0.0
0.1500000000000001 -0.1 0.0
0.1500000000000001 -0.1 0.0
0.1500000000000001 -0.1 0.0
0.1500000000000001 -0.1 0.0
0.1500000000000001 -0.1 0.0
0.1500000000000001 -0.1 0.0
0.1500000000000001 -0.1 0.0
0.1500000000000001 -0.1 0.0
0.1500000000000001 -0.1 0.0
0.1500000000000001 -0.1 0.0
0.1500000000000001 -0.1 0.0
0.1500000000000001 -0.1 0.0
0.1500000000000001 -0.1 0.0
0.1500000000000001 -0.1 0.0
0.1500000000000001 -0.1 0.0
0.1500000000000001 -0.1 0.0
0.1500000000000001 -0.1 0.0
0.1500000000000001 -0.1 0.0
0.1500000000000001 -0.1 0.0
0.1500000000000001 -0.1 0.0
0.1500000000000001 -0.1 0.0
0.1500000000000001 -0.1 0.0
0.1500000000000001 -0.1 0.0
0.1500000000000001 -0.1 0.0
0.1500000000000001 -0.1 0.0
0.1500000000000001 -0.1 0.0
0.1500000000000001 -0.1 0.0
0.1500000000000001 -0.1 0.0
0.1500000000000001 -0.1 0.0
0.1500000000000001 -0.1 0.0
0.1500000000000001 -0.1 0.0
0.1500000000000001 -0.1 0.0
0.1500000000000001 -0.1 0.0
0.1500000000000001 -0.1 0.0
0.1500000000000001 -0.1 0.0
0.1500000000000001 -0.1 0.0
0.1500000000000001 -0.1 0.0
0.1500000000000001 -0.1 0.0
0.1500000000000001 -0.1 0.0
0.1500000000000001 -0.1 0.0
0.1500000000000001 -0.1 0.0
0.1500000000000001 -0.1 0.0
0.1500000000000001 -0.1 0.0
0.1500000000000001 -0.1 0.0
0.1500000000000001 -0.1 0.0
0.1500000000000001 -0.1 0.0
0.1500000000000001 -0.1 0.0
0.1500000000000001 -0.1 0.0
0.1500000000000001 -0.1 0.0
0.1500000000000001 -0.1 0.0
0.1500000000000001 -0.1 0.0
0.1500000000000001 -0.1 0.0
0.1500000000000001 -0.1 0.0
0.1500000000000001 -0.1 0.0
0.1500000000000001 -0.1 0.0
0.1500000000000001 -0.1 0.0
0.1500000000000001 -0.1 0.0
0.1500000000000001 -0.1 0.0
0.1500000000000001 -0.1 0.0
0.1500000000000001 -0.1 0.0
0.1500000000000001 -0.1 0.0
0.1500000000000001 -0.1 0.0
0.1500000000000001 -0.1 0.0
0.1500000000000001 -0.1 0.0
0.1500000000000001 -0.1 0.0
0.1500000000000001 -0.1 0.0
0.1500000000000001 -0.1 0.0
0.1500000000000001 -0.1 0.0
0.1500000000000001 -0.1 0.0
0.1500000000000001 -0.1 0.0
0.1500000000000001 -0.1 0.0
0.1500000000000001 -0.1 0.0
0.1500000000000001 -0.1 0.0
0.1500000000000001 -0.1 0.0
0.1500000000000001 -0.1 0.0
0.1500000000000001 -0.1 0.0
0.1500000000000001 -0.1 0.0
0.1500000000000001 -0.1 0.0
0.1500000000000001 -0.1 0.0
0.1500000000000001 -0.1 0.0
0.1500000000000001 -0.1 0.0
0.1500000000000001 -0.1 0.0
0.1500000000000001 -0.1 0.0
0.1500000000000001 -0.1 0.0
0.1500000000000001 -0.1 0.0
0.1500000000000001 -0.1 0.0
0.1500000000000001 -0.1 0.0
0.1500000000000001 -0.1 0.0
0.1500000000000001 -0.1 0.0
0.1500000000000001 -0.1 0.0
0.1500000000000001 -0.1 0.0
0.1500000000000001 -0.1 0.0
0.1500000000000001 -0.1 0.0
0.1500000000000001 -0.1 0.0
0.1500000000000001 -0.1 0.0
0.1500000000000001 -0.1 0.0
0.1500000000000001 -0.1 0.0
0.1500000000000001 -0.1 0.0
0.1500000000000001 -0.1 0.0
0.1500000000000001 -0.1 0.0
0.1500000000000001 -0.1 0.0
0.1500000000000001 -0.1 0.0
0.1500000000000001 -0.1 0.0
0.1500000000000001 -0.1 0.0
0.1500000000000001 -0.1 0.0
0.1500000000000001 -0.1 0.0
0.1500000000000001 -0.1 0.0
0.1500000000000001 -0.1 0.0
0.1500000000000001 -0.1 0.0
0.1500000000000001 -0.1 0.0
0.1500000000000001 -0.1 0.0
0.1500000000000001 -0.1 0.0
0.1500000000000001 -0.1 0.0
0.1500000000000001 -0.1 0.0
0.1500000000000001 -0.1 0.0
0.1500000000000001 -0.1 0.0
0.1500000000000001 -0.1 0.0
0.1500000000000001 -0.1 0.0
0.1500000000000001 -0.1 0.0
0.1500000000000001 -0.1 0.0
0.1500000000000001 -0.1 0.0
0.1500000000000001 -0.1 0.0
0.1500000000000001 -0.1 0.0
0.1500000000000001 -0.1 0.0
0.1500000000000001 -0.1 0.0
0.1500000000000001 -0.1 0.0
0.15018192419825083 -0.1 6.345356101624323e-05
0.15072069970845492 -0.1 0.0002465106205747605
0.1516058309037902 -0.1 0.0005384556434818824
0.1528268221574345 -0.1 0.000928892961266139
0.1543731778425657 -0.1 0.001407746772178259
0.15623440233236163 -0.1 0.00196526114119117
0.15840000000000012 -0.1 0.0025919999999999997
0.160859475218659 -0.1 0.003278847147022074
0.16360233236151617 -0.1 0.004017006247396917
0.1666180758017494 -0.1 0.004798000832986255
0.16989620991253657 -0.1 0.00561367430237401
0.1734262390670555 -0.1 0.006456189920866304
0.1771976676384841 -0.1 0.007318030820491461
0.18120000000000014 -0.1 0.008192
0.18542274052478147 -0.1 0.00907122032486464
0.18985539358600598 -0.1 0.009949134527280298
0.19448746355685145 -0.1 0.010819505206164096
0.19930845481049578 -0.1 0.01167641482715535
0.20430787172011677 -0.1 0.012514265722615575
0.2094752186588923 -0.1 0.013327780091628487
0.21480000000000016 -0.1 0.014112
0.22027172011661825 -0.1 0.014862287380258223
0.22587988338192438 -0.1 0.015574324031653479
0.2316139941690964 -0.1 0.016244111620158264
0.23746355685131212 -0.1 0.016867971678467306
0.24341807580174946 -0.1 0.0174425456059975
0.2494670553935862 -0.1 0.01796479466888796
0.25560000000000016 -0.1 0.018431999999999997
0.26180641399416926 -0.1 0.01884176259891711
0.26807580174927137 -0.1 0.019192003331945026
0.27439766763848417 -0.1 0.01948096293211162
0.2807615160349856 -0.1 0.019707201999167007
0.28715685131195356 -0.1 0.0198696009995835
0.2935731778425658 -0.1 0.019967360266555594
0.30000000000000027 -0.1 0.01999999999999999
0.30642682215743466 -0.1 0.0199673602665556
0.31284314868804686 -0.1 0.0198696009995835
0.3192384839650148 -0.1 0.019707201999167007
0.32560233236151626 -0.1 0.0194809629321116
0.33192419825072916 -0.1 0.019192003331945026
0.33819358600583116 -0.1 0.018841762598917122
0.34440000000000026 -0.1 0.018432000000000004
0.35053294460641427 -0.1 0.01796479466888795
0.356581924198251 -0.1 0.017442545605997506
0.36253644314868827 -0.1 0.01686797167846729
0.3683860058309041 -0.1 0.016244111620158264
0.3741201166180761 -0.1 0.015574324031653486
0.37972827988338226 -0.1 0.014862287380258216
0.3852000000000003 -0.1 0.014112000000000013
0.39052478134110813 -0.1 0.013327780091628494
0.39569212827988365 -0.1 0.012514265722615547
0.40069154518950467 -0.1 0.01167641482715534
0.405512536443149 -0.1 0.01081950520616412
0.41014460641399453 -0.1 0.009949134527280301
0.41457725947521895 -0.1 0.009071220324864626
0.4188000000000003 -0.1 0.008192000000000005
0.42280233236151643 -0.1 0.007318030820491456
0.42657376093294486 -0.1 0.006456189920866273
0.4301037900874638 -0.1 0.005613674302374
0.43338192419825095 -0.1 0.004798000832986288
0.4363976676384842 -0.1 0.004017006247396898
0.43914052478134136 -0.1 0.0032788471470220903
0.4416000000000003 -0.1 0.0025920000000000387
0.4437655976676388 -0.1 0.001965261141191166
0.44562682215743465 -0.1 0.0014077467721782533
0.44717317784256594 -0.1 0.0009288929612661367
0.4483941690962103 -0.1 0.0005384556434818721
0.4492793002915455 -0.1 0.00024651062057473583
0.4498180758017495 -0.1 6.345356101622457e-05
0.45000000000000034 -0.1 0.0
0.45000000000000034 -0.1 0.0
0.45000000000000034 -0.1 0.0
0.45000000000000034 -0.1 0.0
0.45000000000000034 -0.1 0.0
0.45000000000000034 -0.1 0.0
0.45000000000000034 -0.1 0.0
0.45000000000000034 -0.1 0.0
0.45000000000000034 -0.1 0.0
0.45000000000000034 -0.1 0.0
0.45000000000000034 -0.1 0.0
0.45000000000000034 -0.1 0.0
0.45000000000000034 -0.1 0.0
0.45000000000000034 -0.1 0.0
0.45000000000000034 -0.1 0.0
0.45000000000000034 -0.1 0.0
0.45000000000000034 -0.1 0.0
0.45000000000000034 -0.1 0.0
0.45000000000000034 -0.1 0.0
0.45000000000000034 -0.1 0.0
0.45000000000000034 -0.1 0.0
0.45000000000000034 -0.1 0.0
0.45000000000000034 -0.1 0.0
0.45000000000000034 -0.1 0.0
0.45000000000000034 -0.1 0.0
0.45000000000000034 -0.1 0.0
0.45000000000000034 -0.1 0.0
0.45000000000000034 -0.1 0.0
0.45000000000000034 -0.1 0.0
0.45000000000000034 -0.1 0.0
0.45000000000000034 -0.1 0.0
0.45000000000000034 -0.1 0.0
0.45000000000000034 -0.1 0.0
0.45000000000000034 -0.1 0.0
0.45000000000000034 -0.1 0.0
0.45000000000000034 -0.1 0.0
0.45000000000000034 -0.1 0.0
0.45000000000000034 -0.1 0.0
0.45000000000000034 -0.1 0.0
0.45000000000000034 -0.1 0.0
0.45000000000000034 -0.1 0.0
0.45000000000000034 -0.1 0.0
0.45000000000000034 -0.1 0.0
0.45000000000000034 -0.1 0.0
0.45000000000000034 -0.1 0.0
0.45000000000000034 -0.1 0.0
0.45000000000000034 -0.1 0.0
0.45000000000000034 -0.1 0.0
0.45000000000000034 -0.1 0.0
0.45000000000000034 -0.1 0.0
0.45000000000000034 -0.1 0.0
0.45000000000000034 -0.1 0.0
0.45000000000000034 -0.1 0.0
0.45000000000000034 -0.1 0.0
0.45000000000000034 -0.1 0.0
0.45000000000000034 -0.1 0.0
0.45000000000000034 -0.1 0.0
0.45000000000000034 -0.1 0.0
0.45000000000000034 -0.1 0.0
0.45000000000000034 -0.1 0.0
0.45000000000000034 -0.1 0.0
0.45000000000000034 -0.1 0.0
0.45000000000000034 -0.1 0.0
0.45000000000000034 -0.1 0.0
0.45000000000000034 -0.1 0.0
0.45000000000000034 -0.1 0.0
0.45000000000000034 -0.1 0.0
0.45000000000000034 -0.1 0.0
0.45000000000000034 -0.1 0.0
0.45000000000000034 -0.1 0.0
0.45000000000000034 -0.1 0.0
0.45000000000000034 -0.1 0.0
0.45000000000000034 -0.1 0.0
0.45000000000000034 -0.1 0.0
0.45000000000000034 -0.1 0.0
0.45000000000000034 -0.1 0.0
0.45000000000000034 -0.1 0.0
0.45000000000000034 -0.1 0.0
0.45000000000000034 -0.1 0.0
0.45000000000000034 -0.1 0.0
0.45000000000000034 -0.1 0.0
0.45000000000000034 -0.1 0.0
0.45000000000000034 -0.1 0.0
0.45000000000000034 -0.1 0.0
0.45000000000000034 -0.1 0.0
0.45000000000000034 -0.1 0.0
0.45000000000000034 -0.1 0.0
0.45000000000000034 -0.1 0.0
0.45000000000000034 -0.1 0.0
0.45000000000000034 -0.1 0.0
0.45000000000000034 -0.1 0.0
0.45000000000000034 -0.1 0.0
0.45000000000000034 -0.1 0.0
0.45000000000000034 -0.1 0.0
0.45000000000000034 -0.1 0.0
0.45000000000000034 -0.1 0.0
0.45000000000000034 -0.1 0.0
0.45000000000000034 -0.1 0.0
0.45000000000000034 -0.1 0.0
0.45000000000000034 -0.1 0.0
0.45000000000000034 -0.1 0.0
0.45000000000000034 -0.1 0.0
0.45000000000000034 -0.1 0.0
0.45000000000000034 -0.1 0.0
0.45000000000000034 -0.1 0.0
0.45000000000000034 -0.1 0.0
0.45000000000000034 -0.1 0.0
0.45000000000000034 -0.1 0.0
0.45000000000000034 -0.1 0.0
0.45000000000000034 -0.1 0.0
0.45000000000000034 -0.1 0.0
0.45000000000000034 -0.1 0.0
0.45000000000000034 -0.1 0.0
0.45000000000000034 -0.1 0.0
0.45000000000000034 -0.1 0.0
0.45000000000000034 -0.1 0.0
0.45000000000000034 -0.1 0.0
0.45000000000000034 -0.1 0.0
0.45000000000000034 -0.1 0.0
0.45000000000000034 -0.1 0.0
0.45000000000000034 -0.1 0.0
0.45000000000000034 -0.1 0.0
0.45000000000000034 -0.1 0.0
0.45000000000000034 -0.1 0.0
0.45000000000000034 -0.1 0.0
0.45000000000000034 -0.1 0.0
0.45000000000000034 -0.1 0.0
0.45000000000000034 -0.1 0.0
0.45000000000000034 -0.1 0.0
0.45000000000000034 -0.1 0.0
0.45000000000000034 -0.1 0.0
0.4501819241982511 -0.1 6.345356101624323e-05
0.45072069970845513 -0.1 0.0002465106205747605
0.45160583090379036 -0.1 0.0005384556434818824
0.45282682215743464 -0.1 0.000928892961266139
0.4543731778425658 -0.1 0.001407746772178259
0.4562344023323617 -0.1 0.00196526114119117
0.4584000000000001 -0.1 0.0025919999999999997
0.4608594752186589 -0.1 0.003278847147022074
0.463602332361516 -0.1 0.004017006247396917
0.46661807580174913 -0.1 0.004798000832986255
0.46989620991253617 -0.1 0.00561367430237401
0.47342623906705505 -0.1 0.006456189920866304
0.4771976676384835 -0.1 0.007318030820491461
0.4811999999999994 -0.1 0.008192
0.4854227405247806 -0.1 0.00907122032486464
0.489855393586005 -0.1 0.009949134527280298
0.4944874635568503 -0.1 0.010819505206164096
0.49930845481049446 -0.1 0.01167641482715535
0.5043078717201154 -0.1 0.012514265722615575
0.5094752186588907 -0.1 0.013327780091628487
0.5147999999999984 -0.1 0.014112
0.5202717201166163 -0.1 0.014862287380258223
0.5258798833819223 -0.1 0.015574324031653479
0.531613994169094 -0.1 0.016244111620158264
0.5374635568513096 -0.1 0.016867971678467306
0.5434180758017468 -0.1 0.0174425456059975
0.5494670553935833 -0.1 0.01796479466888796
0.5555999999999972 -0.1 0.018431999999999997
0.5618064139941661 -0.1 0.01884176259891711
0.568075801749268 -0.1 0.019192003331945026
0.5743976676384805 -0.1 0.01948096293211162
0.5807615160349818 -0.1 0.019707201999167007
0.5871568513119496 -0.1 0.0198696009995835
0.5935731778425616 -0.1 0.019967360266555594
0.5999999999999959 -0.1 0.01999999999999999
0.60642682215743 -0.1 0.0199673602665556
0.6128431486880421 -0.1 0.0198696009995835
0.6192384839650098 -0.1 0.019707201999167007
0.6256023323615111 -0.1 0.0194809629321116
0.6319241982507238 -0.1 0.019192003331945026
0.6381935860058257 -0.1 0.018841762598917122
0.6443999999999945 -0.1 0.018432000000000004
0.6505329446064083 -0.1 0.01796479466888795
0.6565819241982449 -0.1 0.017442545605997506
0.662536443148682 -0.1 0.01686797167846729
0.6683860058308976 -0.1 0.016244111620158264
0.6741201166180694 -0.1 0.015574324031653486
0.6797282798833754 -0.1 0.014862287380258216
0.6851999999999933 -0.1 0.014112000000000013
0.690524781341101 -0.1 0.013327780091628494
0.6956921282798763 -0.1 0.012514265722615547
0.7006915451894971 -0.1 0.01167641482715534
0.7055125364431414 -0.1 0.01081950520616412
0.7101446064139867 -0.1 0.009949134527280301
0.7145772594752111 -0.1 0.009071220324864626
0.7187999999999922 -0.1 0.008192000000000005
0.7228023323615083 -0.1 0.007318030820491456
0.7265737609329366 -0.1 0.006456189920866273
0.7301037900874554 -0.1 0.005613674302374
0.7333819241982424 -0.1 0.004798000832986288
0.7363976676384756 -0.1 0.004017006247396898
0.7391405247813327 -0.1 0.0032788471470220903
0.7415999999999916 -0.1 0.0025920000000000387
0.74376559766763 -0.1 0.001965261141191166
0.7456268221574258 -0.1 0.0014077467721782533
0.747173177842557 -0.1 0.0009288929612661367
0.7483941690962013 -0.1 0.0005384556434818721
0.7492793002915364 -0.1 0.00024651062057473583
0.7498180758017405 -0.1 6.345356101622457e-05
0.7499999999999913 -0.1 0.0
0.7499999999999913 -0.1 0.0
0.7499999999999913 -0.1 0.0
0.7499999999999913 -0.1 0.0
0.7499999999999913 -0.1 0.0
0.7499999999999913 -0.1 0.0
0.7499999999999913 -0.1 0.0
0.7499999999999913 -0.1 0.0
0.7499999999999913 -0.1 0.0
0.7499999999999913 -0.1 0.0
0.7499999999999913 -0.1 0.0
0.7499999999999913 -0.1 0.0
0.7499999999999913 -0.1 0.0
0.7499999999999913 -0.1 0.0
0.7499999999999913 -0.1 0.0
0.7499999999999913 -0.1 0.0
0.7499999999999913 -0.1 0.0
0.7499999999999913 -0.1 0.0
0.7499999999999913 -0.1 0.0
0.7499999999999913 -0.1 0.0
0.7499999999999913 -0.1 0.0
0.7499999999999913 -0.1 0.0
0.7499999999999913 -0.1 0.0
0.7499999999999913 -0.1 0.0
0.7499999999999913 -0.1 0.0
0.7499999999999913 -0.1 0.0
0.7499999999999913 -0.1 0.0
0.7499999999999913 -0.1 0.0
0.7499999999999913 -0.1 0.0
0.7499999999999913 -0.1 0.0
0.7499999999999913 -0.1 0.0
0.7499999999999913 -0.1 0.0
0.7499999999999913 -0.1 0.0
0.7499999999999913 -0.1 0.0
0.7499999999999913 -0.1 0.0
0.7499999999999913 -0.1 0.0
0.7499999999999913 -0.1 0.0
0.7499999999999913 -0.1 0.0
0.7499999999999913 -0.1 0.0
0.7499999999999913 -0.1 0.0
0.7499999999999913 -0.1 0.0
0.7499999999999913 -0.1 0.0
0.7499999999999913 -0.1 0.0
0.7499999999999913 -0.1 0.0
0.7499999999999913 -0.1 0.0
0.7499999999999913 -0.1 0.0
0.7499999999999913 -0.1 0.0
0.7499999999999913 -0.1 0.0
0.7499999999999913 -0.1 0.0
0.7499999999999913 -0.1 0.0
0.7499999999999913 -0.1 0.0
0.7499999999999913 -0.1 0.0
0.7499999999999913 -0.1 0.0
0.7499999999999913 -0.1 0.0
0.7499999999999913 -0.1 0.0
0.7499999999999913 -0.1 0.0
0.7499999999999913 -0.1 0.0
0.7499999999999913 -0.1 0.0
0.7499999999999913 -0.1 0.0
0.7499999999999913 -0.1 0.0
0.7499999999999913 -0.1 0.0
0.7499999999999913 -0.1 0.0
0.7499999999999913 -0.1 0.0
0.7499999999999913 -0.1 0.0
0.7499999999999913 -0.1 0.0
0.7499999999999913 -0.1 0.0
0.7499999999999913 -0.1 0.0
0.7499999999999913 -0.1 0.0
0.7499999999999913 -0.1 0.0
0.7499999999999913 -0.1 0.0
0.7499999999999913 -0.1 0.0
0.7499999999999913 -0.1 0.0
0.7499999999999913 -0.1 0.0
0.7499999999999913 -0.1 0.0
0.7499999999999913 -0.1 0.0
0.7499999999999913 -0.1 0.0
0.7499999999999913 -0.1 0.0
0.7499999999999913 -0.1 0.0
0.7499999999999913 -0.1 0.0
0.7499999999999913 -0.1 0.0
0.7499999999999913 -0.1 0.0
0.7499999999999913 -0.1 0.0
0.7499999999999913 -0.1 0.0
0.7499999999999913 -0.1 0.0
0.7499999999999913 -0.1 0.0
0.7499999999999913 -0.1 0.0
0.7499999999999913 -0.1 0.0
0.7499999999999913 -0.1 0.0
0.7499999999999913 -0.1 0.0
0.7499999999999913 -0.1 0.0
0.7499999999999913 -0.1 0.0
0.7499999999999913 -0.1 0.0
0.7499999999999913 -0.1 0.0
0.7499999999999913 -0.1 0.0
0.7499999999999913 -0.1 0.0
0.7499999999999913 -0.1 0.0
0.7499999999999913 -0.1 0.0
0.7499999999999913 -0.1 0.0
0.7499999999999913 -0.1 0.0
0.7499999999999913 -0.1 0.0
0.7499999999999913 -0.1 0.0
0.7499999999999913 -0.1 0.0
0.7499999999999913 -0.1 0.0
0.7499999999999913 -0.1 0.0
0.7499999999999913 -0.1 0.0
0.7499999999999913 -0.1 0.0
0.7499999999999913 -0.1 0.0
0.7499999999999913 -0.1 0.0
0.7499999999999913 -0.1 0.0
0.7499999999999913 -0.1 0.0
0.7499999999999913 -0.1 0.0
0.7499999999999913 -0.1 0.0
0.7499999999999913 -0.1 0.0
0.7499999999999913 -0.1 0.0
0.7499999999999913 -0.1 0.0
0.7499999999999913 -0.1 0.0
0.7499999999999913 -0.1 0.0
0.7499999999999913 -0.1 0.0
0.7499999999999913 -0.1 0.0
0.7499999999999913 -0.1 0.0
0.7499999999999913 -0.1 0.0
0.7499999999999913 -0.1 0.0
0.7499999999999913 -0.1 0.0
0.7499999999999913 -0.1 0.0
0.7499999999999913 -0.1 0.0
0.7499999999999913 -0.1 0.0
0.7499999999999913 -0.1 0.0
0.7499999999999913 -0.1 0.0
0.7499999999999913 -0.1 0.0
0.7499999999999913 -0.1 0.0
0.7499999999999913 -0.1 0.0
0.750181924198242 -0.1 6.345356101624323e-05
0.7507206997084461 -0.1 0.0002465106205747605
0.7516058309037814 -0.1 0.0005384556434818824
0.7528268221574257 -0.1 0.000928892961266139
0.7543731778425569 -0.1 0.001407746772178259
0.7562344023323527 -0.1 0.00196526114119117
0.7583999999999912 -0.1 0.0025919999999999997
0.7608594752186499 -0.1 0.003278847147022074
0.7636023323615071 -0.1 0.004017006247396917
0.7666180758017402 -0.1 0.004798000832986255
0.7698962099125273 -0.1 0.00561367430237401
0.7734262390670462 -0.1 0.006456189920866304
0.7771976676384746 -0.1 0.007318030820491461
0.7811999999999906 -0.1 0.008192
0.7854227405247718 -0.1 0.00907122032486464
0.7898553935859962 -0.1 0.009949134527280298
0.7944874635568416 -0.1 0.010819505206164096
0.7993084548104858 -0.1 0.01167641482715535
0.8043078717201066 -0.1 0.012514265722615575
0.8094752186588821 -0.1 0.013327780091628487
0.8147999999999898 -0.1 0.014112
0.8202717201166078 -0.1 0.014862287380258223
0.8258798833819138 -0.1 0.015574324031653479
0.8316139941690857 -0.1 0.016244111620158264
0.8374635568513012 -0.1 0.016867971678467306
0.8434180758017384 -0.1 0.0174425456059975
0.849467055393575 -0.1 0.01796479466888796
0.8555999999999888 -0.1 0.018431999999999997
0.8618064139941578 -0.1 0.01884176259891711
0.8680758017492597 -0.1 0.019192003331945026
0.8743976676384724 -0.1 0.01948096293211162
0.8807615160349737 -0.1 0.019707201999167007
0.8871568513119414 -0.1 0.0198696009995835
0.8935731778425535 -0.1 0.019967360266555594
0.8999999999999878 -0.1 0.01999999999999999
0.9064268221574221 -0.1 0.0199673602665556
0.9128431486880342 -0.1 0.0198696009995835
0.9192384839650019 -0.1 0.019707201999167007
0.9256023323615032 -0.1 0.0194809629321116
0.9319241982507159 -0.1 0.019192003331945026
0.9381935860058178 -0.1 0.018841762598917122
0.9443999999999868 -0.1 0.018432000000000004
0.9505329446064006 -0.1 0.01796479466888795
0.9565819241982372 -0.1 0.017442545605997506
0.9625364431486744 -0.1 0.01686797167846729
0.96838600583089 -0.1 0.016244111620158264
0.9741201166180619 -0.1 0.015574324031653486
0.9797282798833679 -0.1 0.014862287380258216
0.9851999999999858 -0.1 0.014112000000000013
0.9905247813410936 -0.1 0.013327780091628494
0.995692128279869 -0.1 0.012514265722615547
1.0006915451894898 -0.1 0.01167641482715534
1.0055125364431339 -0.1 0.01081950520616412
1.0101446064139794 -0.1 0.009949134527280301
1.0145772594752036 -0.1 0.009071220324864626
1.018799999999985 -0.1 0.008192000000000005
1.022802332361501 -0.1 0.007318030820491456
1.0265737609329293 -0.1 0.006456189920866273
1.0301037900874483 -0.1 0.005613674302374
1.0333819241982354 -0.1 0.004798000832986288
1.0363976676384685 -0.1 0.004017006247396898
1.0391405247813257 -0.1 0.0032788471470220903
1.0415999999999843 -0.1 0.0025920000000000387
1.0437655976676228 -0.1 0.001965261141191166
1.0456268221574188 -0.1 0.0014077467721782533
1.04717317784255 -0.1 0.0009288929612661367
1.0483941690961942 -0.1 0.0005384556434818721
1.0492793002915293 -0.1 0.00024651062057473583
1.0498180758017335 -0.1 6.345356101622457e-05
1.0499999999999843 -0.1 0.0
1.0499999999999843 -0.1 0.0
1.0499999999999843 -0.1 0.0
1.0499999999999843 -0.1 0.0
1.0499999999999843 -0.1 0.0
1.0499999999999843 -0.1 0.0
1.0499999999999843 -0.1 0.0
1.0499999999999843 -0.1 0.0
1.0499999999999843 -0.1 0.0
1.0499999999999843 -0.1 0.0
1.0499999999999843 -0.1 0.0
1.0499999999999843 -0.1 0.0
1.0499999999999843 -0.1 0.0
1.0499999999999843 -0.1 0.0
1.0499999999999843 -0.1 0.0
1.0499999999999843 -0.1 0.0
1.0499999999999843 -0.1 0.0
1.0499999999999843 -0.1 0.0
1.0499999999999843 -0.1 0.0
1.0499999999999843 -0.1 0.0
1.0499999999999843 -0.1 0.0
1.0499999999999843 -0.1 0.0
1.0499999999999843 -0.1 0.0
1.0499999999999843 -0.1 0.0
1.0499999999999843 -0.1 0.0
1.0499999999999843 -0.1 0.0
1.0499999999999843 -0.1 0.0
1.0499999999999843 -0.1 0.0
1.0499999999999843 -0.1 0.0
1.0499999999999843 -0.1 0.0
1.0499999999999843 -0.1 0.0
1.0499999999999843 -0.1 0.0
1.0499999999999843 -0.1 0.0
1.0499999999999843 -0.1 0.0
1.0499999999999843 -0.1 0.0
1.0499999999999843 -0.1 0.0
1.0499999999999843 -0.1 0.0
1.0499999999999843 -0.1 0.0
1.0499999999999843 -0.1 0.0
1.0499999999999843 -0.1 0.0
1.0499999999999843 -0.1 0.0
1.0499999999999843 -0.1 0.0
1.0499999999999843 -0.1 0.0
1.0499999999999843 -0.1 0.0
1.0499999999999843 -0.1 0.0
1.0499999999999843 -0.1 0.0
1.0499999999999843 -0.1 0.0
1.0499999999999843 -0.1 0.0
1.0499999999999843 -0.1 0.0
1.0499999999999843 -0.1 0.0
1.0499999999999843 -0.1 0.0
1.0499999999999843 -0.1 0.0
1.0499999999999843 -0.1 0.0
1.0499999999999843 -0.1 0.0
1.0499999999999843 -0.1 0.0
1.0499999999999843 -0.1 0.0
1.0499999999999843 -0.1 0.0
1.0499999999999843 -0.1 0.0
1.0499999999999843 -0.1 0.0
1.0499999999999843 -0.1 0.0
1.0499999999999843 -0.1 0.0
1.0499999999999843 -0.1 0.0
1.0499999999999843 -0.1 0.0
1.0499999999999843 -0.1 0.0
1.0499999999999843 -0.1 0.0
1.0499999999999843 -0.1 0.0
1.0499999999999843 -0.1 0.0
1.0499999999999843 -0.1 0.0
1.0499999999999843 -0.1 0.0
1.0499999999999843 -0.1 0.0
1.0499999999999843 -0.1 0.0
1.0499999999999843 -0.1 0.0
1.0499999999999843 -0.1 0.0
1.0499999999999843 -0.1 0.0
1.0499999999999843 -0.1 0.0
1.0499999999999843 -0.1 0.0
1.0499999999999843 -0.1 0.0
1.0499999999999843 -0.1 0.0
1.0499999999999843 -0.1 0.0
1.0499999999999843 -0.1 0.0
1.0499999999999843 -0.1 0.0
1.0499999999999843 -0.1 0.0
1.0499999999999843 -0.1 0.0
1.0499999999999843 -0.1 0.0
1.0499999999999843 -0.1 0.0
1.0499999999999843 -0.1 0.0
1.0499999999999843 -0.1 0.0
1.0499999999999843 -0.1 0.0
1.0499999999999843 -0.1 0.0
1.0499999999999843 -0.1 0.0
1.0499999999999843 -0.1 0.0
1.0499999999999843 -0.1 0.0
1.0499999999999843 -0.1 0.0
1.0499999999999843 -0.1 0.0
1.0499999999999843 -0.1 0.0
1.0499999999999843 -0.1 0.0
1.0499999999999843 -0.1 0.0
1.0499999999999843 -0.1 0.0
1.0499999999999843 -0.1 0.0
1.0499999999999843 -0.1 0.0
1.0499999999999843 -0.1 0.0
1.0499999999999843 -0.1 0.0
1.0499999999999843 -0.1 0.0
1.0499999999999843 -0.1 0.0
1.0499999999999843 -0.1 0.0
1.0499999999999843 -0.1 0.0
1.0499999999999843 -0.1 0.0
1.0499999999999843 -0.1 0.0
1.0499999999999843 -0.1 0.0
1.0499999999999843 -0.1 0.0
1.0499999999999843 -0.1 0.0
1.0499999999999843 -0.1 0.0
1.0499999999999843 -0.1 0.0
1.0499999999999843 -0.1 0.0
1.0499999999999843 -0.1 0.0
1.0499999999999843 -0.1 0.0
1.0499999999999843 -0.1 0.0
1.0499999999999843 -0.1 0.0
1.0499999999999843 -0.1 0.0
1.0499999999999843 -0.1 0.0
1.0499999999999843 -0.1 0.0
1.0499999999999843 -0.1 0.0
1.0499999999999843 -0.1 0.0
1.0499999999999843 -0.1 0.0
1.0499999999999843 -0.1 0.0
1.0499999999999843 -0.1 0.0
1.0499999999999843 -0.1 0.0
1.0499999999999843 -0.1 0.0
1.0499999999999843 -0.1 0.0
1.0499999999999843 -0.1 0.0
1.0499999999999843 -0.1 0.0
1.050181924198235 -0.1 6.345356101624323e-05
1.050720699708439 -0.1 0.0002465106205747605
1.0516058309037744 -0.1 0.0005384556434818824
1.0528268221574189 -0.1 0.000928892961266139
1.05437317784255 -0.1 0.001407746772178259
1.056234402332346 -0.1 0.00196526114119117
1.0583999999999847 -0.1 0.0025919999999999997
1.0608594752186435 -0.1 0.003278847147022074
1.063602332361501 -0.1 0.004017006247396917
1.0666180758017343 -0.1 0.004798000832986255
1.0698962099125215 -0.1 0.00561367430237401
1.0734262390670406 -0.1 0.006456189920866304
1.0771976676384694 -0.1 0.007318030820491461
1.0811999999999855 -0.1 0.008192
1.085422740524767 -0.1 0.00907122032486464
1.0898553935859916 -0.1 0.009949134527280298
1.0944874635568373 -0.1 0.010819505206164096
1.0993084548104817 -0.1 0.01167641482715535
1.104307871720103 -0.1 0.012514265722615575
1.1094752186588788 -0.1 0.013327780091628487
1.1147999999999867 -0.1 0.014112
1.120271720116605 -0.1 0.014862287380258223
1.1258798833819115 -0.1 0.015574324031653479
1.1316139941690835 -0.1 0.016244111620158264
1.1374635568512996 -0.1 0.016867971678467306
1.1434180758017372 -0.1 0.0174425456059975
1.149467055393574 -0.1 0.01796479466888796
1.1555999999999882 -0.1 0.018431999999999997
1.1618064139941575 -0.1 0.01884176259891711
1.1680758017492598 -0.1 0.019192003331945026
1.1743976676384729 -0.1 0.01948096293211162
1.1807615160349747 -0.1 0.019707201999167007
1.1871568513119428 -0.1 0.0198696009995835
1.1935731778425553 -0.1 0.019967360266555594
1.19999999999999 -0.1 0.01999999999999999
1.2064268221574246 -0.1 0.0199673602665556
1.212843148688037 -0.1 0.0198696009995835
1.2192384839650052 -0.1 0.019707201999167007
1.225602332361507 -0.1 0.0194809629321116
1.23192419825072 -0.1 0.019192003331945026
1.2381935860058224 -0.1 0.018841762598917122
1.2443999999999917 -0.1 0.018432000000000004
1.2505329446064057 -0.1 0.01796479466888795
1.2565819241982428 -0.1 0.017442545605997506
1.2625364431486803 -0.1 0.01686797167846729
1.2683860058308964 -0.1 0.016244111620158264
1.2741201166180685 -0.1 0.015574324031653486
1.279728279883375 -0.1 0.014862287380258216
1.2851999999999932 -0.1 0.014112000000000013
1.2905247813411012 -0.1 0.013327780091628494
1.295692128279877 -0.1 0.012514265722615547
1.300691545189498 -0.1 0.01167641482715534
1.3055125364431426 -0.1 0.01081950520616412
1.3101446064139883 -0.1 0.009949134527280301
1.314577259475213 -0.1 0.009071220324864626
1.3187999999999944 -0.1 0.008192000000000005
1.3228023323615106 -0.1 0.007318030820491456
1.3265737609329393 -0.1 0.006456189920866273
1.3301037900874584 -0.1 0.005613674302374
1.3333819241982456 -0.1 0.004798000832986288
1.336397667638479 -0.1 0.004017006247396898
1.3391405247813362 -0.1 0.0032788471470220903
1.3415999999999952 -0.1 0.0025920000000000387
1.343765597667634 -0.1 0.001965261141191166
1.34562682215743 -0.1 0.0014077467721782533
1.347173177842561 -0.1 0.0009288929612661367
1.3483941690962056 -0.1 0.0005384556434818721
1.3492793002915406 -0.1 0.00024651062057473583
1.3498180758017448 -0.1 6.345356101622457e-05
1.3499999999999956 -0.1 0.0
1.3499999999999956 -0.1 0.0
1.3499999999999956 -0.1 0.0
1.3499999999999956 -0.1 0.0
1.3499999999999956 -0.1 0.0
1.3499999999999956 -0.1 0.0
1.3499999999999956 -0.1 0.0
1.3499999999999956 -0.1 0.0
1.3499999999999956 -0.1 0.0
1.3499999999999956 -0.1 0.0
1.3499999999999956 -0.1 0.0
1.3499999999999956 -0.1 0.0
1.3499999999999956 -0.1 0.0
1.3499999999999956 -0.1 0.0
1.3499999999999956 -0.1 0.0
1.3499999999999956 -0.1 0.0
1.3499999999999956 -0.1 0.0
1.3499999999999956 -0.1 0.0
1.3499999999999956 -0.1 0.0
1.3499999999999956 -0.1 0.0
1.3499999999999956 -0.1 0.0
1.3499999999999956 -0.1 0.0
1.3499999999999956 -0.1 0.0
1.3499999999999956 -0.1 0.0
1.3499999999999956 -0.1 0.0
1.3499999999999956 -0.1 0.0
1.3499999999999956 -0.1 0.0
1.3499999999999956 -0.1 0.0
1.3499999999999956 -0.1 0.0
1.3499999999999956 -0.1 0.0
1.3499999999999956 -0.1 0.0
1.3499999999999956 -0.1 0.0
1.3499999999999956 -0.1 0.0
1.3499999999999956 -0.1 0.0
1.3499999999999956 -0.1 0.0
1.3499999999999956 -0.1 0.0
1.3499999999999956 -0.1 0.0
1.3499999999999956 -0.1 0.0
1.3499999999999956 -0.1 0.0
1.3499999999999956 -0.1 0.0
1.3499999999999956 -0.1 0.0
1.3499999999999956 -0.1 0.0
1.3499999999999956 -0.1 0.0
1.3499999999999956 -0.1 0.0
1.3499999999999956 -0.1 0.0
1.3499999999999956 -0.1 0.0
1.3499999999999956 -0.1 0.0
1.3499999999999956 -0.1 0.0
1.3499999999999956 -0.1 0.0
1.3499999999999956 -0.1 0.0
1.3499999999999956 -0.1 0.0
1.3499999999999956 -0.1 0.0
1.3499999999999956 -0.1 0.0
1.3499999999999956 -0.1 0.0
1.3499999999999956 -0.1 0.0
1.3499999999999956 -0.1 0.0
1.3499999999999956 -0.1 0.0
1.3499999999999956 -0.1 0.0
1.3499999999999956 -0.1 0.0
1.3499999999999956 -0.1 0.0
1.3499999999999956 -0.1 0.0
1.3499999999999956 -0.1 0.0
1.3499999999999956 -0.1 0.0
1.3499999999999956 -0.1 0.0
1.3499999999999956 -0.1 0.0
1.3499999999999956 -0.1 0.0
1.3499999999999956 -0.1 0.0
1.3499999999999956 -0.1 0.0
1.3499999999999956 -0.1 0.0
1.3499999999999956 -0.1 0.0
1.3499999999999956 -0.1 0.0
1.3499999999999956 -0.1 0.0
1.3499999999999956 -0.1 0.0
1.3499999999999956 -0.1 0.0
1.3499999999999956 -0.1 0.0
1.3499999999999956 -0.1 0.0
1.3499999999999956 -0.1 0.0
1.3499999999999956 -0.1 0.0
1.3499999999999956 -0.1 0.0
1.3499999999999956 -0.1 0.0
1.3499999999999956 -0.1 0.0
1.3499999999999956 -0.1 0.0
1.3499999999999956 -0.1 0.0
1.3499999999999956 -0.1 0.0
1.3499999999999956 -0.1 0.0
1.3499999999999956 -0.1 0.0
1.3499999999999956 -0.1 0.0
1.3499999999999956 -0.1 0.0
1.3499999999999956 -0.1 0.0
1.3499999999999956 -0.1 0.0
1.3499999999999956 -0.1 0.0
1.3499999999999956 -0.1 0.0
1.3499999999999956 -0.1 0.0
1.3499999999999956 -0.1 0.0
1.3499999999999956 -0.1 0.0
1.3499999999999956 -0.1 0.0
1.3499999999999956 -0.1 0.0
1.3499999999999956 -0.1 0.0
1.3499999999999956 -0.1 0.0
1.3499999999999956 -0.1 0.0
1.3499999999999956 -0.1 0.0
1.3499999999999956 -0.1 0.0
1.3499999999999956 -0.1 0.0
1.3499999999999956 -0.1 0.0
1.3499999999999956 -0.1 0.0
1.3499999999999956 -0.1 0.0
1.3499999999999956 -0.1 0.0
1.3499999999999956 -0.1 0.0
1.3499999999999956 -0.1 0.0
1.3499999999999956 -0.1 0.0
1.3499999999999956 -0.1 0.0
1.3499999999999956 -0.1 0.0
1.3499999999999956 -0.1 0.0
1.3499999999999956 -0.1 0.0
1.3499999999999956 -0.1 0.0
1.3499999999999956 -0.1 0.0
1.3499999999999956 -0.1 0.0
1.3499999999999956 -0.1 0.0
1.3499999999999956 -0.1 0.0
1.3499999999999956 -0.1 0.0
1.3499999999999956 -0.1 0.0
1.3499999999999956 -0.1 0.0
1.3499999999999956 -0.1 0.0
1.3499999999999956 -0.1 0.0
1.3499999999999956 -0.1 0.0
1.3499999999999956 -0.1 0.0
1.3499999999999956 -0.1 0.0
1.3499999999999956 -0.1 0.0
1.3499999999999956 -0.1 0.0
1.3499999999999956 -0.1 0.0
1.3499999999999956 -0.1 0.0
1.3501819241982465 -0.1 6.345356101624323e-05
1.3507206997084504 -0.1 0.0002465106205747605
1.3516058309037857 -0.1 0.0005384556434818824
1.3528268221574302 -0.1 0.000928892961266139
1.3543731778425614 -0.1 0.001407746772178259
1.3562344023323574 -0.1 0.00196526114119117
1.358399999999996 -0.1 0.0025919999999999997
1.360859475218655 -0.1 0.003278847147022074
1.3636023323615123 -0.1 0.004017006247396917
1.3666180758017457 -0.1 0.004798000832986255
1.369896209912533 -0.1 0.00561367430237401
1.373426239067052 -0.1 0.006456189920866304
1.3771976676384807 -0.1 0.007318030820491461
1.3811999999999969 -0.1 0.008192
1.3854227405247783 -0.1 0.00907122032486464
1.389855393586003 -0.1 0.009949134527280298
1.3944874635568487 -0.1 0.010819505206164096
1.399308454810493 -0.1 0.01167641482715535
1.4043078717201143 -0.1 0.012514265722615575
1.4094752186588901 -0.1 0.013327780091628487
1.414799999999998 -0.1 0.014112
1.4202717201166164 -0.1 0.014862287380258223
1.4258798833819228 -0.1 0.015574324031653479
1.4316139941690949 -0.1 0.016244111620158264
1.437463556851311 -0.1 0.016867971678467306
1.4434180758017485 -0.1 0.0174425456059975
1.4494670553935853 -0.1 0.01796479466888796
1.4555999999999996 -0.1 0.018431999999999997
1.4618064139941689 -0.1 0.01884176259891711
1.4680758017492712 -0.1 0.019192003331945026
1.4743976676384842 -0.1 0.01948096293211162
1.480761516034986 -0.1 0.019707201999167007
1.4871568513119542 -0.1 0.0198696009995835
1.4935731778425667 -0.1 0.019967360266555594
1.5000000000000013 -0.1 0.01999999999999999
1.506426822157436 -0.1 0.0199673602665556
1.5128431486880485 -0.1 0.0198696009995835
1.5192384839650166 -0.1 0.019707201999167007
1.5256023323615184 -0.1 0.0194809629321116
1.5319241982507315 -0.1 0.019192003331945026
1.5381935860058338 -0.1 0.018841762598917122
1.544400000000003 -0.1 0.018432000000000004
1.550532944606417 -0.1 0.01796479466888795
1.5565819241982541 -0.1 0.017442545605997506
1.5625364431486917 -0.1 0.01686797167846729
1.5683860058309078 -0.1 0.016244111620158264
1.5741201166180798 -0.1 0.015574324031653486
1.5797282798833863 -0.1 0.014862287380258216
1.5852000000000046 -0.1 0.014112000000000013
1.5905247813411125 -0.1 0.013327780091628494
1.5956921282798884 -0.1 0.012514265722615547
1.6006915451895094 -0.1 0.01167641482715534
1.605512536443154 -0.1 0.01081950520616412
1.6101446064139997 -0.1 0.009949134527280301
1.6145772594752243 -0.1 0.009071220324864626
1.6188000000000058 -0.1 0.008192000000000005
1.622802332361522 -0.1 0.007318030820491456
1.6265737609329507 -0.1 0.006456189920866273
1.6301037900874698 -0.1 0.005613674302374
1.633381924198257 -0.1 0.004798000832986288
1.6363976676384904 -0.1 0.004017006247396898
1.6391405247813475 -0.1 0.0032788471470220903
1.6416000000000066 -0.1 0.0025920000000000387
1.6437655976676453 -0.1 0.001965261141191166
1.6456268221574413 -0.1 0.0014077467721782533
1.6471731778425724 -0.1 0.0009288929612661367
1.648394169096217 -0.1 0.0005384556434818721
1.649279300291552 -0.1 0.00024651062057473583
1.6498180758017562 -0.1 6.345356101622457e-05
1.650000000000007 -0.1 0.0
1.650000000000007 -0.1 0.0
1.650000000000007 -0.1 0.0
1.650000000000007 -0.1 0.0
1.650000000000007 -0.1 0.0
1.650000000000007 -0.1 0.0
1.650000000000007 -0.1 0.0
1.650000000000007 -0.1 0.0
1.650000000000007 -0.1 0.0
1.650000000000007 -0.1 0.0
1.650000000000007 -0.1 0.0
1.650000000000007 -0.1 0.0
1.650000000000007 -0.1 0.0
1.650000000000007 -0.1 0.0
1.650000000000007 -0.1 0.0
1.650000000000007 -0.1 0.0
1.650000000000007 -0.1 0.0
1.650000000000007 -0.1 0.0
1.650000000000007 -0.1 0.0
1.650000000000007 -0.1 0.0
1.650000000000007 -0.1 0.0
1.650000000000007 -0.1 0.0
1.650000000000007 -0.1 0.0
1.650000000000007 -0.1 0.0
1.650000000000007 -0.1 0.0
1.650000000000007 -0.1 0.0
1.650000000000007 -0.1 0.0
1.650000000000007 -0.1 0.0
1.650000000000007 -0.1 0.0
1.650000000000007 -0.1 0.0
1.650000000000007 -0.1 0.0
1.650000000000007 -0.1 0.0
1.650000000000007 -0.1 0.0
1.650000000000007 -0.1 0.0
1.650000000000007 -0.1 0.0
1.650000000000007 -0.1 0.0
1.650000000000007 -0.1 0.0
1.650000000000007 -0.1 0.0
1.650000000000007 -0.1 0.0
1.650000000000007 -0.1 0.0
1.650000000000007 -0.1 0.0
1.650000000000007 -0.1 0.0
1.650000000000007 -0.1 0.0
1.650000000000007 -0.1 0.0
1.650000000000007 -0.1 0.0
1.650000000000007 -0.1 0.0
1.650000000000007 -0.1 0.0
1.650000000000007 -0.1 0.0
1.650000000000007 -0.1 0.0
1.650000000000007 -0.1 0.0
1.650000000000007 -0.1 0.0
1.650000000000007 -0.1 0.0
1.650000000000007 -0.1 0.0
1.650000000000007 -0.1 0.0
1.650000000000007 -0.1 0.0
1.650000000000007 -0.1 0.0
1.650000000000007 -0.1 0.0
1.650000000000007 -0.1 0.0
1.650000000000007 -0.1 0.0
1.650000000000007 -0.1 0.0
1.650000000000007 -0.1 0.0
1.650000000000007 -0.1 0.0
1.650000000000007 -0.1 0.0
1.650000000000007 -0.1 0.0
1.650000000000007 -0.1 0.0
1.650000000000007 -0.1 0.0
1.650000000000007 -0.1 0.0
1.650000000000007 -0.1 0.0
1.650000000000007 -0.1 0.0
1.650000000000007 -0.1 0.0
1.650000000000007 -0.1 0.0
1.650000000000007 -0.1 0.0
1.650000000000007 -0.1 0.0
1.650000000000007 -0.1 0.0
1.650000000000007 -0.1 0.0
1.650000000000007 -0.1 0.0
1.650000000000007 -0.1 0.0
1.650000000000007 -0.1 0.0
1.650000000000007 -0.1 0.0
1.650000000000007 -0.1 0.0
1.650000000000007 -0.1 0.0
1.650000000000007 -0.1 0.0
1.650000000000007 -0.1 0.0
1.650000000000007 -0.1 0.0
1.650000000000007 -0.1 0.0
1.650000000000007 -0.1 0.0
1.650000000000007 -0.1 0.0
1.650000000000007 -0.1 0.0
1.650000000000007 -0.1 0.0
1.650000000000007 -0.1 0.0
1.650000000000007 -0.1 0.0
1.650000000000007 -0.1 0.0
1.650000000000007 -0.1 0.0
1.650000000000007 -0.1 0.0
1.650000000000007 -0.1 0.0
1.650000000000007 -0.1 0.0
1.650000000000007 -0.1 0.0
1.650000000000007 -0.1 0.0
1.650000000000007 -0.1 0.0
1.650000000000007 -0.1 0.0
1.650000000000007 -0.1 0.0
1.650000000000007 -0.1 0.0
1.650000000000007 -0.1 0.0
1.650000000000007 -0.1 0.0
1.650000000000007 -0.1 0.0
1.650000000000007 -0.1 0.0
1.650000000000007 -0.1 0.0
1.650000000000007 -0.1 0.0
1.650000000000007 -0.1 0.0
1.650000000000007 -0.1 0.0
1.650000000000007 -0.1 0.0
1.650000000000007 -0.1 0.0
1.650000000000007 -0.1 0.0
1.650000000000007 -0.1 0.0
1.650000000000007 -0.1 0.0
1.650000000000007 -0.1 0.0
1.650000000000007 -0.1 0.0
1.650000000000007 -0.1 0.0
1.650000000000007 -0.1 0.0
1.650000000000007 -0.1 0.0
1.650000000000007 -0.1 0.0
1.650000000000007 -0.1 0.0
1.650000000000007 -0.1 0.0
1.650000000000007 -0.1 0.0
1.650000000000007 -0.1 0.0
1.650000000000007 -0.1 0.0
1.650000000000007 -0.1 0.0
1.650000000000007 -0.1 0.0
1.650000000000007 -0.1 0.0
1.650000000000007 -0.1 0.0
1.650000000000007 -0.1 0.0
1.6501819241982578 -0.1 6.345356101624323e-05
1.6507206997084618 -0.1 0.0002465106205747605
1.651605830903797 -0.1 0.0005384556434818824
1.6528268221574416 -0.1 0.000928892961266139
1.6543731778425728 -0.1 0.001407746772178259
1.6562344023323687 -0.1 0.00196526114119117
1.6584000000000074 -0.1 0.0025919999999999997
1.6608594752186663 -0.1 0.003278847147022074
1.6636023323615237 -0.1 0.004017006247396917
1.666618075801757 -0.1 0.004798000832986255
1.6698962099125443 -0.1 0.00561367430237401
1.6734262390670633 -0.1 0.006456189920866304
1.677197667638492 -0.1 0.007318030820491461
1.6812000000000082 -0.1 0.008192
1.6854227405247897 -0.1 0.00907122032486464
1.6898553935860143 -0.1 0.009949134527280298
1.69448746355686 -0.1 0.010819505206164096
1.6993084548105044 -0.1 0.01167641482715535
1.7043078717201257 -0.1 0.012514265722615575
1.7094752186589015 -0.1 0.013327780091628487
1.7148000000000094 -0.1 0.014112
1.7202717201166278 -0.1 0.014862287380258223
1.7258798833819342 -0.1 0.015574324031653479
1.7316139941691062 -0.1 0.016244111620158264
1.7374635568513224 -0.1 0.016867971678467306
1.74341807580176 -0.1 0.0174425456059975
1.7494670553935967 -0.1 0.01796479466888796
1.755600000000011 -0.1 0.018431999999999997
1.7618064139941803 -0.1 0.01884176259891711
1.7680758017492826 -0.1 0.019192003331945026
1.7743976676384956 -0.1 0.01948096293211162
1.7807615160349974 -0.1 0.019707201999167007
1.7871568513119656 -0.1 0.0198696009995835
1.793573177842578 -0.1 0.019967360266555594
1.8000000000000127 -0.1 0.01999999999999999
1.8064268221574473 -0.1 0.0199673602665556
1.8128431486880598 -0.1 0.0198696009995835
1.819238483965028 -0.1 0.019707201999167007
1.8256023323615298 -0.1 0.0194809629321116
1.8319241982507428 -0.1 0.019192003331945026
1.8381935860058451 -0.1 0.018841762598917122
1.8444000000000145 -0.1 0.018432000000000004
1.8505329446064285 -0.1 0.01796479466888795
1.8565819241982655 -0.1 0.017442545605997506
1.862536443148703 -0.1 0.01686797167846729
1.8683860058309192 -0.1 0.016244111620158264
1.8741201166180912 -0.1 0.015574324031653486
1.8797282798833976 -0.1 0.014862287380258216
1.885200000000016 -0.1 0.014112000000000013
1.890524781341124 -0.1 0.013327780091628494
1.8956921282798997 -0.1 0.012514265722615547
1.9006915451895208 -0.1 0.01167641482715534
1.9055125364431653 -0.1 0.01081950520616412
1.910144606414011 -0.1 0.009949134527280301
1.9145772594752357 -0.1 0.009071220324864626
1.9188000000000172 -0.1 0.008192000000000005
1.9228023323615333 -0.1 0.007318030820491456
1.926573760932962 -0.1 0.006456189920866273
1.9301037900874811 -0.1 0.005613674302374
1.9333819241982684 -0.1 0.004798000832986288
1.9363976676385017 -0.1 0.004017006247396898
1.939140524781359 -0.1 0.0032788471470220903
1.941600000000018 -0.1 0.0025920000000000387
1.9437655976676567 -0.1 0.001965261141191166
1.9456268221574526 -0.1 0.0014077467721782533
1.9471731778425838 -0.1 0.0009288929612661367
1.9483941690962283 -0.1 0.0005384556434818721
1.9492793002915634 -0.1 0.00024651062057473583
1.9498180758017676 -0.1 6.345356101622457e-05
1.9500000000000184 -0.1 0.0
1.9500000000000184 -0.1 0.0
1.9500000000000184 -0.1 0.0
1.9500000000000184 -0.1 0.0
1.9500000000000184 -0.1 0.0
1.9500000000000184 -0.1 0.0
1.9500000000000184 -0.1 0.0
1.9500000000000184 -0.1 0.0
1.9500000000000184 -0.1 0.0
1.9500000000000184 -0.1 0.0
1.9500000000000184 -0.1 0.0
1.9500000000000184 -0.1 0.0
1.9500000000000184 -0.1 0.0
1.9500000000000184 -0.1 0.0
1.9500000000000184 -0.1 0.0
1.9500000000000184 -0.1 0.0
1.9500000000000184 -0.1 0.0
1.9500000000000184 -0.1 0.0
1.9500000000000184 -0.1 0.0
1.9500000000000184 -0.1 0.0
1.9500000000000184 -0.1 0.0
1.9500000000000184 -0.1 0.0
1.9500000000000184 -0.1 0.0
1.9500000000000184 -0.1 0.0
1.9500000000000184 -0.1 0.0
1.9500000000000184 -0.1 0.0
1.9500000000000184 -0.1 0.0
1.9500000000000184 -0.1 0.0
1.9500000000000184 -0.1 0.0
1.9500000000000184 -0.1 0.0
1.9500000000000184 -0.1 0.0
1.9500000000000184 -0.1 0.0
1.9500000000000184 -0.1 0.0
1.9500000000000184 -0.1 0.0
1.9500000000000184 -0.1 0.0
1.9500000000000184 -0.1 0.0
1.9500000000000184 -0.1 0.0
1.9500000000000184 -0.1 0.0
1.9500000000000184 -0.1 0.0
1.9500000000000184 -0.1 0.0
1.9500000000000184 -0.1 0.0
1.9500000000000184 -0.1 0.0
1.9500000000000184 -0.1 0.0
1.9500000000000184 -0.1 0.0
1.9500000000000184 -0.1 0.0
1.9500000000000184 -0.1 0.0
1.9500000000000184 -0.1 0.0
1.9500000000000184 -0.1 0.0
1.9500000000000184 -0.1 0.0
1.9500000000000184 -0.1 0.0
1.9500000000000184 -0.1 0.0
1.9500000000000184 -0.1 0.0
1.9500000000000184 -0.1 0.0
1.9500000000000184 -0.1 0.0
1.9500000000000184 -0.1 0.0
1.9500000000000184 -0.1 0.0
1.9500000000000184 -0.1 0.0
1.9500000000000184 -0.1 0.0
1.9500000000000184 -0.1 0.0
1.9500000000000184 -0.1 0.0
1.9500000000000184 -0.1 0.0
1.9500000000000184 -0.1 0.0
1.9500000000000184 -0.1 0.0
1.9500000000000184 -0.1 0.0
1.9500000000000184 -0.1 0.0
1.9500000000000184 -0.1 0.0
1.9500000000000184 -0.1 0.0
1.9500000000000184 -0.1 0.0
1.9500000000000184 -0.1 0.0
1.9500000000000184 -0.1 0.0
1.9500000000000184 -0.1 0.0
1.9500000000000184 -0.1 0.0
1.9500000000000184 -0.1 0.0
1.9500000000000184 -0.1 0.0
1.9500000000000184 -0.1 0.0
1.9500000000000184 -0.1 0.0
1.9500000000000184 -0.1 0.0
1.9500000000000184 -0.1 0.0
1.9500000000000184 -0.1 0.0
1.9500000000000184 -0.1 0.0
1.9500000000000184 -0.1 0.0
1.9500000000000184 -0.1 0.0
1.9500000000000184 -0.1 0.0
1.9500000000000184 -0.1 0.0
1.9500000000000184 -0.1 0.0
1.9500000000000184 -0.1 0.0
1.9500000000000184 -0.1 0.0
1.9500000000000184 -0.1 0.0
1.9500000000000184 -0.1 0.0
1.9500000000000184 -0.1 0.0
1.9500000000000184 -0.1 0.0
1.9500000000000184 -0.1 0.0
1.9500000000000184 -0.1 0.0
1.9500000000000184 -0.1 0.0
1.9500000000000184 -0.1 0.0
1.9500000000000184 -0.1 0.0
1.9500000000000184 -0.1 0.0
1.9500000000000184 -0.1 0.0
1.9500000000000184 -0.1 0.0
1.9500000000000184 -0.1 0.0
1.9500000000000184 -0.1 0.0
1.9500000000000184 -0.1 0.0
1.9500000000000184 -0.1 0.0
1.9500000000000184 -0.1 0.0
1.9500000000000184 -0.1 0.0
1.9500000000000184 -0.1 0.0
1.9500000000000184 -0.1 0.0
1.9500000000000184 -0.1 0.0
1.9500000000000184 -0.1 0.0
1.9500000000000184 -0.1 0.0
1.9500000000000184 -0.1 0.0
1.9500000000000184 -0.1 0.0
1.9500000000000184 -0.1 0.0
1.9500000000000184 -0.1 0.0
1.9500000000000184 -0.1 0.0
1.9500000000000184 -0.1 0.0
1.9500000000000184 -0.1 0.0
1.9500000000000184 -0.1 0.0
1.9500000000000184 -0.1 0.0
1.9500000000000184 -0.1 0.0
1.9500000000000184 -0.1 0.0
1.9500000000000184 -0.1 0.0
1.9500000000000184 -0.1 0.0
1.9500000000000184 -0.1 0.0
1.9500000000000184 -0.1 0.0
1.9500000000000184 -0.1 0.0
1.9500000000000184 -0.1 0.0
1.9500000000000184 -0.1 0.0
1.9500000000000184 -0.1 0.0
1.9500000000000184 -0.1 0.0
1.9500000000000184 -0.1 0.0
1.9501819241982692 -0.1 6.345356101624323e-05
1.9507206997084732 -0.1 0.0002465106205747605
1.9516058309038085 -0.1 0.0005384556434818824
1.952826822157453 -0.1 0.000928892961266139
1.9543731778425841 -0.1 0.001407746772178259
1.95623440233238 -0.1 0.00196526114119117
1.9584000000000188 -0.1 0.0025919999999999997
1.9608594752186776 -0.1 0.003278847147022074
1.963602332361535 -0.1 0.004017006247396917
1.9666180758017684 -0.1 0.004798000832986255
1.9698962099125557 -0.1 0.00561367430237401
1.9734262390670747 -0.1 0.006456189920866304
1.9771976676385035 -0.1 0.007318030820491461
1.9812000000000196 -0.1 0.008192
1.985422740524801 -0.1 0.00907122032486464
1.9898553935860257 -0.1 0.009949134527280298
1.9944874635568715 -0.1 0.010819505206164096
1.9993084548105158 -0.1 0.01167641482715535
2.0043078717201372 -0.1 0.012514265722615575
2.009475218658913 -0.1 0.013327780091628487
2.014800000000021 -0.1 0.014112
2.020271720116639 -0.1 0.014862287380258223
2.0258798833819456 -0.1 0.015574324031653479
2.031613994169118 -0.1 0.016244111620158264
2.0374635568513337 -0.1 0.016867971678467306
2.043418075801771 -0.1 0.0174425456059975
2.0494670553936083 -0.1 0.01796479466888796
2.0556000000000223 -0.1 0.018431999999999997
2.0618064139941916 -0.1 0.01884176259891711
2.068075801749294 -0.1 0.019192003331945026
2.074397667638507 -0.1 0.01948096293211162
2.080761516035009 -0.1 0.019707201999167007
2.0871568513119767 -0.1 0.0198696009995835
2.0935731778425892 -0.1 0.019967360266555594
2.100000000000024 -0.1 0.01999999999999999
2.106426822157459 -0.1 0.0199673602665556
2.112843148688071 -0.1 0.0198696009995835
2.1192384839650393 -0.1 0.019707201999167007
2.125602332361541 -0.1 0.0194809629321116
2.131924198250754 -0.1 0.019192003331945026
2.1381935860058565 -0.1 0.018841762598917122
2.144400000000026 -0.1 0.018432000000000004
2.15053294460644 -0.1 0.01796479466888795
2.156581924198277 -0.1 0.017442545605997506
2.1625364431487144 -0.1 0.01686797167846729
2.1683860058309303 -0.1 0.016244111620158264
2.1741201166181026 -0.1 0.015574324031653486
2.1797282798834092 -0.1 0.014862287380258216
2.185200000000027 -0.1 0.014112000000000013
2.1905247813411353 -0.1 0.013327780091628494
2.195692128279911 -0.1 0.012514265722615547
2.200691545189532 -0.1 0.01167641482715534
2.2055125364431767 -0.1 0.01081950520616412
2.210144606414022 -0.1 0.009949134527280301
2.214577259475247 -0.1 0.009071220324864626
2.2188000000000283 -0.1 0.008192000000000005
2.2228023323615447 -0.1 0.007318030820491456
2.226573760932973 -0.1 0.006456189920866273
2.2301037900874925 -0.1 0.005613674302374
2.2333819241982797 -0.1 0.004798000832986288
2.236397667638513 -0.1 0.004017006247396898
2.2391405247813703 -0.1 0.0032788471470220903
2.2416000000000293 -0.1 0.0025920000000000387
2.243765597667668 -0.1 0.001965261141191166
2.245626822157464 -0.1 0.0014077467721782533
2.2471731778425954 -0.1 0.0009288929612661367
2.2483941690962395 -0.1 0.0005384556434818721
2.2492793002915747 -0.1 0.00024651062057473583
2.249818075801779 -0.1 6.345356101622457e-05
2.2500000000000298 -0.1 0.0
2.2500000000000298 -0.1 0.0
2.2500000000000298 -0.1 0.0
2.2500000000000298 -0.1 0.0
2.2500000000000298 -0.1 0.0
2.2500000000000298 -0.1 0.0
2.2500000000000298 -0.1 0.0
2.2500000000000298 -0.1 0.0
2.2500000000000298 -0.1 0.0
2.2500000000000298 -0.1 0.0
2.2500000000000298 -0.1 0.0
2.2500000000000298 -0.1 0.0
2.2500000000000298 -0.1 0.0
2.2500000000000298 -0.1 0.0
2.2500000000000298 -0.1 0.0
2.2500000000000298 -0.1 0.0
2.2500000000000298 -0.1 0.0
2.2500000000000298 -0.1 0.0
2.2500000000000298 -0.1 0.0
2.2500000000000298 -0.1 0.0
2.2500000000000298 -0.1 0.0
2.2500000000000298 -0.1 0.0
2.2500000000000298 -0.1 0.0
2.2500000000000298 -0.1 0.0
2.2500000000000298 -0.1 0.0
2.2500000000000298 -0.1 0.0
2.2500000000000298 -0.1 0.0
2.2500000000000298 -0.1 0.0
2.2500000000000298 -0.1 0.0
2.2500000000000298 -0.1 0.0
2.2500000000000298 -0.1 0.0
2.2500000000000298 -0.1 0.0
2.2500000000000298 -0.1 0.0
2.2500000000000298 -0.1 0.0
2.2500000000000298 -0.1 0.0
2.2500000000000298 -0.1 0.0
2.2500000000000298 -0.1 0.0
2.2500000000000298 -0.1 0.0
2.2500000000000298 -0.1 0.0
2.2500000000000298 -0.1 0.0
2.2500000000000298 -0.1 0.0
2.2500000000000298 -0.1 0.0
2.2500000000000298 -0.1 0.0
2.2500000000000298 -0.1 0.0
2.2500000000000298 -0.1 0.0
2.2500000000000298 -0.1 0.0
2.2500000000000298 -0.1 0.0
2.2500000000000298 -0.1 0.0
2.2500000000000298 -0.1 0.0
2.2500000000000298 -0.1 0.0
2.2500000000000298 -0.1 0.0
2.2500000000000298 -0.1 0.0
2.2500000000000298 -0.1 0.0
2.2500000000000298 -0.1 0.0
2.2500000000000298 -0.1 0.0
2.2500000000000298 -0.1 0.0
2.2500000000000298 -0.1 0.0
2.2500000000000298 -0.1 0.0
2.2500000000000298 -0.1 0.0
2.2500000000000298 -0.1 0.0
2.2500000000000298 -0.1 0.0
2.2500000000000298 -0.1 0.0
2.2500000000000298 -0.1 0.0
2.2500000000000298 -0.1 0.0
2.2500000000000298 -0.1 0.0
2.2500000000000298 -0.1 0.0
2.2500000000000298 -0.1 0.0
2.2500000000000298 -0.1 0.0
2.2500000000000298 -0.1 0.0
2.2500000000000298 -0.1 0.0
2.2500000000000298 -0.1 0.0
2.2500000000000298 -0.1 0.0
2.2500000000000298 -0.1 0.0
2.2500000000000298 -0.1 0.0
2.2500000000000298 -0.1 0.0
2.2500000000000298 -0.1 0.0
2.2500000000000298 -0.1 0.0
2.2500000000000298 -0.1 0.0
2.2500000000000298 -0.1 0.0
2.2500000000000298 -0.1 0.0
2.2500000000000298 -0.1 0.0
2.2500000000000298 -0.1 0.0
2.2500000000000298 -0.1 0.0
2.2500000000000298 -0.1 0.0
2.2500000000000298 -0.1 0.0
2.2500000000000298 -0.1 0.0
2.2500000000000298 -0.1 0.0
2.2500000000000298 -0.1 0.0
2.2500000000000298 -0.1 0.0
2.2500000000000298 -0.1 0.0
2.2500000000000298 -0.1 0.0
2.2500000000000298 -0.1 0.0
2.2500000000000298 -0.1 0.0
2.2500000000000298 -0.1 0.0
2.2500000000000298 -0.1 0.0
2.2500000000000298 -0.1 0.0
2.2500000000000298 -0.1 0.0
2.2500000000000298 -0.1 0.0
2.2500000000000298 -0.1 0.0
2.2500000000000298 -0.1 0.0
2.2500000000000298 -0.1 0.0
2.2500000000000298 -0.1 0.0
2.2500000000000298 -0.1 0.0
2.2500000000000298 -0.1 0.0
2.2500000000000298 -0.1 0.0
2.2500000000000298 -0.1 0.0
2.2500000000000298 -0.1 0.0
2.2500000000000298 -0.1 0.0
2.2500000000000298 -0.1 0.0
2.2500000000000298 -0.1 0.0
2.2500000000000298 -0.1 0.0
2.2500000000000298 -0.1 0.0
2.2500000000000298 -0.1 0.0
2.2500000000000298 -0.1 0.0
2.2500000000000298 -0.1 0.0
2.2500000000000298 -0.1 0.0
2.2500000000000298 -0.1 0.0
2.2500000000000298 -0.1 0.0
2.2500000000000298 -0.1 0.0
2.2500000000000298 -0.1 0.0
2.2500000000000298 -0.1 0.0
2.2500000000000298 -0.1 0.0
2.2500000000000298 -0.1 0.0
2.2500000000000298 -0.1 0.0
2.2500000000000298 -0.1 0.0
2.2500000000000298 -0.1 0.0
2.2500000000000298 -0.1 0.0
2.2500000000000298 -0.1 0.0
2.2500000000000298 -0.1 0.0
2.2500000000000298 -0.1 0.0
2.2500000000000298 -0.1 0.0
2.2501819241982806 -0.1 6.345356101624323e-05
2.2507206997084848 -0.1 0.0002465106205747605
2.25160583090382 -0.1 0.0005384556434818824
2.252826822157464 -0.1 0.000928892961266139
2.2543731778425955 -0.1 0.001407746772178259
2.2562344023323915 -0.1 0.00196526114119117
2.25840000000003 -0.1 0.0025919999999999997
2.2608594752186892 -0.1 0.003278847147022074
2.2636023323615464 -0.1 0.004017006247396917
2.2666180758017798 -0.1 0.004798000832986255
2.269896209912567 -0.1 0.00561367430237401
2.273426239067086 -0.1 0.006456189920866304
2.277197667638515 -0.1 0.007318030820491461
2.2812000000000308 -0.1 0.008192
2.2854227405248126 -0.1 0.00907122032486464
2.2898553935860373 -0.1 0.009949134527280298
2.294487463556883 -0.1 0.010819505206164096
2.2993084548105274 -0.1 0.01167641482715535
2.3043078717201486 -0.1 0.012514265722615575
2.3094752186589242 -0.1 0.013327780091628487
2.3148000000000324 -0.1 0.014112
2.3202717201166503 -0.1 0.014862287380258223
2.325879883381957 -0.1 0.015574324031653479
2.331613994169129 -0.1 0.016244111620158264
2.337463556851345 -0.1 0.016867971678467306
2.3434180758017824 -0.1 0.0174425456059975
2.3494670553936197 -0.1 0.01796479466888796
2.3556000000000337 -0.1 0.018431999999999997
2.361806413994203 -0.1 0.01884176259891711
2.3680758017493053 -0.1 0.019192003331945026
2.3743976676385183 -0.1 0.01948096293211162
2.38076151603502 -0.1 0.019707201999167007
2.387156851311988 -0.1 0.0198696009995835
2.3935731778426006 -0.1 0.019967360266555594
2.4000000000000354 -0.1 0.01999999999999999
2.4064268221574703 -0.1 0.0199673602665556
2.4128431486880824 -0.1 0.0198696009995835
2.4192384839650507 -0.1 0.019707201999167007
2.4256023323615525 -0.1 0.0194809629321116
2.4319241982507656 -0.1 0.019192003331945026
2.438193586005868 -0.1 0.018841762598917122
2.444400000000037 -0.1 0.018432000000000004
2.450532944606451 -0.1 0.01796479466888795
2.4565819241982885 -0.1 0.017442545605997506
2.4625364431487258 -0.1 0.01686797167846729
2.4683860058309417 -0.1 0.016244111620158264
2.474120116618114 -0.1 0.015574324031653486
2.4797282798834206 -0.1 0.014862287380258216
2.4852000000000385 -0.1 0.014112000000000013
2.4905247813411466 -0.1 0.013327780091628494
2.4956921282799223 -0.1 0.012514265722615547
2.5006915451895435 -0.1 0.01167641482715534
2.505512536443188 -0.1 0.01081950520616412
2.5101446064140336 -0.1 0.009949134527280301
2.5145772594752582 -0.1 0.009071220324864626
2.5188000000000397 -0.1 0.008192000000000005
2.522802332361556 -0.1 0.007318030820491456
2.5265737609329846 -0.1 0.006456189920866273
2.530103790087504 -0.1 0.005613674302374
2.533381924198291 -0.1 0.004798000832986288
2.5363976676385245 -0.1 0.004017006247396898
2.5391405247813816 -0.1 0.0032788471470220903
2.5416000000000407 -0.1 0.0025920000000000387
2.5437655976676794 -0.1 0.001965261141191166
2.5456268221574754 -0.1 0.0014077467721782533
2.5471731778426068 -0.1 0.0009288929612661367
2.548394169096251 -0.1 0.0005384556434818721
2.549279300291586 -0.1 0.00024651062057473583
2.5498180758017903 -0.1 6.345356101622457e-05
2.550000000000041 -0.1 0.0
2.550000000000041 -0.1 0.0
2.550000000000041 -0.1 0.0
2.550000000000041 -0.1 0.0
2.550000000000041 -0.1 0.0
2.550000000000041 -0.1 0.0
2.550000000000041 -0.1 0.0
2.550000000000041 -0.1 0.0
2.550000000000041 -0.1 0.0
2.550000000000041 -0.1 0.0
2.550000000000041 -0.1 0.0
2.550000000000041 -0.1 0.0
2.550000000000041 -0.1 0.0
2.550000000000041 -0.1 0.0
2.550000000000041 -0.1 0.0
2.550000000000041 -0.1 0.0
2.550000000000041 -0.1 0.0
2.550000000000041 -0.1 0.0
2.550000000000041 -0.1 0.0
2.550000000000041 -0.1 0.0
2.550000000000041 -0.1 0.0
2.550000000000041 -0.1 0.0
2.550000000000041 -0.1 0.0
2.550000000000041 -0.1 0.0
2.550000000000041 -0.1 0.0
2.550000000000041 -0.1 0.0
2.550000000000041 -0.1 0.0
2.550000000000041 -0.1 0.0
2.550000000000041 -0.1 0.0
2.550000000000041 -0.1 0.0
2.550000000000041 -0.1 0.0
2.550000000000041 -0.1 0.0
2.550000000000041 -0.1 0.0
2.550000000000041 -0.1 0.0
2.550000000000041 -0.1 0.0
2.550000000000041 -0.1 0.0
2.550000000000041 -0.1 0.0
2.550000000000041 -0.1 0.0
2.550000000000041 -0.1 0.0
2.550000000000041 -0.1 0.0
2.550000000000041 -0.1 0.0
2.550000000000041 -0.1 0.0
2.550000000000041 -0.1 0.0
2.550000000000041 -0.1 0.0
2.550000000000041 -0.1 0.0
2.550000000000041 -0.1 0.0
2.550000000000041 -0.1 0.0
2.550000000000041 -0.1 0.0
2.550000000000041 -0.1 0.0
2.550000000000041 -0.1 0.0
2.550000000000041 -0.1 0.0
2.550000000000041 -0.1 0.0
2.550000000000041 -0.1 0.0
2.550000000000041 -0.1 0.0
2.550000000000041 -0.1 0.0
2.550000000000041 -0.1 0.0
2.550000000000041 -0.1 0.0
2.550000000000041 -0.1 0.0
2.550000000000041 -0.1 0.0
2.550000000000041 -0.1 0.0
2.550000000000041 -0.1 0.0
2.550000000000041 -0.1 0.0
2.550000000000041 -0.1 0.0
2.550000000000041 -0.1 0.0
2.550000000000041 -0.1 0.0
2.550000000000041 -0.1 0.0
2.550000000000041 -0.1 0.0
2.550000000000041 -0.1 0.0
2.550000000000041 -0.1 0.0
2.550000000000041 -0.1 0.0
2.550000000000041 -0.1 0.0
2.550000000000041 -0.1 0.0
2.550000000000041 -0.1 0.0
2.550000000000041 -0.1 0.0
2.550000000000041 -0.1 0.0
2.550000000000041 -0.1 0.0
2.550000000000041 -0.1 0.0
2.550000000000041 -0.1 0.0
2.550000000000041 -0.1 0.0
2.550000000000041 -0.1 0.0
2.550000000000041 -0.1 0.0
2.550000000000041 -0.1 0.0
2.550000000000041 -0.1 0.0
2.550000000000041 -0.1 0.0
2.550000000000041 -0.1 0.0
2.550000000000041 -0.1 0.0
2.550000000000041 -0.1 0.0
2.550000000000041 -0.1 0.0
2.550000000000041 -0.1 0.0
2.550000000000041 -0.1 0.0
2.550000000000041 -0.1 0.0
2.550000000000041 -0.1 0.0
2.550000000000041 -0.1 0.0
2.550000000000041 -0.1 0.0
2.550000000000041 -0.1 0.0
2.550000000000041 -0.1 0.0
2.550000000000041 -0.1 0.0
2.550000000000041 -0.1 0.0
2.550000000000041 -0.1 0.0
2.550000000000041 -0.1 0.0
2.550000000000041 -0.1 0.0
2.550000000000041 -0.1 0.0
2.550000000000041 -0.1 0.0
2.550000000000041 -0.1 0.0
2.550000000000041 -0.1 0.0
2.550000000000041 -0.1 0.0
2.550000000000041 -0.1 0.0
2.550000000000041 -0.1 0.0
2.550000000000041 -0.1 0.0
2.550000000000041 -0.1 0.0
2.550000000000041 -0.1 0.0
2.550000000000041 -0.1 0.0
2.550000000000041 -0.1 0.0
2.550000000000041 -0.1 0.0
2.550000000000041 -0.1 0.0
2.550000000000041 -0.1 0.0
2.550000000000041 -0.1 0.0
2.550000000000041 -0.1 0.0
2.550000000000041 -0.1 0.0
2.550000000000041 -0.1 0.0
2.550000000000041 -0.1 0.0
2.550000000000041 -0.1 0.0
2.550000000000041 -0.1 0.0
2.550000000000041 -0.1 0.0
2.550000000000041 -0.1 0.0
2.550000000000041 -0.1 0.0
2.550000000000041 -0.1 0.0
2.550000000000041 -0.1 0.0
2.550000000000041 -0.1 0.0
2.550000000000041 -0.1 0.0
2.550000000000041 -0.1 0.0
2.550181924198292 -0.1 6.345356101624323e-05
2.550720699708496 -0.1 0.0002465106205747605
2.5516058309038314 -0.1 0.0005384556434818824
2.5528268221574755 -0.1 0.000928892961266139
2.554373177842607 -0.1 0.001407746772178259
2.556234402332403 -0.1 0.00196526114119117
2.5584000000000415 -0.1 0.0025919999999999997
2.5608594752187006 -0.1 0.003278847147022074
2.5636023323615578 -0.1 0.004017006247396917
2.566618075801791 -0.1 0.004798000832986255
2.5698962099125784 -0.1 0.00561367430237401
2.573426239067097 -0.1 0.006456189920866304
2.577197667638526 -0.1 0.007318030820491461
2.581200000000042 -0.1 0.008192
2.585422740524824 -0.1 0.00907122032486464
2.5898553935860487 -0.1 0.009949134527280298
2.594487463556894 -0.1 0.010819505206164096
2.5993084548105387 -0.1 0.01167641482715535
2.60430787172016 -0.1 0.012514265722615575
2.6094752186589356 -0.1 0.013327780091628487
2.6148000000000438 -0.1 0.014112
2.6202717201166617 -0.1 0.014862287380258223
2.6258798833819683 -0.1 0.015574324031653479
2.6316139941691405 -0.1 0.016244111620158264
2.6374635568513565 -0.1 0.016867971678467306
2.6434180758017938 -0.1 0.0174425456059975
2.649467055393631 -0.1 0.01796479466888796
2.655600000000045 -0.1 0.018431999999999997
2.6618064139942144 -0.1 0.01884176259891711
2.6680758017493167 -0.1 0.019192003331945026
2.6743976676385297 -0.1 0.01948096293211162
2.6807615160350315 -0.1 0.019707201999167007
2.6871568513119994 -0.1 0.0198696009995835
2.693573177842612 -0.1 0.019967360266555594
2.700000000000047 -0.1 0.01999999999999999
2.7064268221574816 -0.1 0.0199673602665556
2.7128431486880937 -0.1 0.0198696009995835
2.719238483965062 -0.1 0.019707201999167007
2.725602332361564 -0.1 0.0194809629321116
2.731924198250777 -0.1 0.019192003331945026
2.7381935860058793 -0.1 0.018841762598917122
2.7444000000000486 -0.1 0.018432000000000004
2.7505329446064626 -0.1 0.01796479466888795
2.7565819241983 -0.1 0.017442545605997506
2.762536443148737 -0.1 0.01686797167846729
2.768386005830953 -0.1 0.016244111620158264
2.7741201166181253 -0.1 0.015574324031653486
2.779728279883432 -0.1 0.014862287380258216
2.78520000000005 -0.1 0.014112000000000013
2.790524781341158 -0.1 0.013327780091628494
2.7956921282799336 -0.1 0.012514265722615547
2.800691545189555 -0.1 0.01167641482715534
2.8055125364431994 -0.1 0.01081950520616412
2.810144606414045 -0.1 0.009949134527280301
2.8145772594752696 -0.1 0.009071220324864626
2.818800000000051 -0.1 0.008192000000000005
2.8228023323615674 -0.1 0.007318030820491456
2.826573760932996 -0.1 0.006456189920866273
2.8301037900875152 -0.1 0.005613674302374
2.8333819241983025 -0.1 0.004798000832986288
2.836397667638536 -0.1 0.004017006247396898
2.839140524781393 -0.1 0.0032788471470220903
2.841600000000052 -0.1 0.0025920000000000387
2.8437655976676908 -0.1 0.001965261141191166
2.8456268221574867 -0.1 0.0014077467721782533
2.847173177842618 -0.1 0.0009288929612661367
2.848394169096262 -0.1 0.0005384556434818721
2.8492793002915975 -0.1 0.00024651062057473583
2.8498180758018017 -0.1 6.345356101622457e-05
2.8500000000000525 -0.1 0.0
2.8500000000000525 -0.1 0.0
2.8500000000000525 -0.1 0.0
2.8500000000000525 -0.1 0.0
2.8500000000000525 -0.1 0.0
2.8500000000000525 -0.1 0.0
2.8500000000000525 -0.1 0.0
2.8500000000000525 -0.1 0.0
2.8500000000000525 -0.1 0.0
2.8500000000000525 -0.1 0.0
2.8500000000000525 -0.1 0.0
2.8500000000000525 -0.1 0.0
2.8500000000000525 -0.1 0.0
2.8500000000000525 -0.1 0.0
2.8500000000000525 -0.1 0.0
2.8500000000000525 -0.1 0.0
2.8500000000000525 -0.1 0.0
2.8500000000000525 -0.1 0.0
2.8500000000000525 -0.1 0.0
2.8500000000000525 -0.1 0.0
2.8500000000000525 -0.1 0.0
2.8500000000000525 -0.1 0.0
2.8500000000000525 -0.1 0.0
2.8500000000000525 -0.1 0.0
2.8500000000000525 -0.1 0.0
2.8500000000000525 -0.1 0.0
2.8500000000000525 -0.1 0.0
2.8500000000000525 -0.1 0.0
2.8500000000000525 -0.1 0.0
2.8500000000000525 -0.1 0.0
2.8500000000000525 -0.1 0.0
2.8500000000000525 -0.1 0.0
2.8500000000000525 -0.1 0.0
2.8500000000000525 -0.1 0.0
2.8500000000000525 -0.1 0.0
2.8500000000000525 -0.1 0.0
2.8500000000000525 -0.1 0.0
2.8500000000000525 -0.1 0.0
2.8500000000000525 -0.1 0.0
2.8500000000000525 -0.1 0.0
2.8500000000000525 -0.1 0.0
2.8500000000000525 -0.1 0.0
2.8500000000000525 -0.1 0.0
2.8500000000000525 -0.1 0.0
2.8500000000000525 -0.1 0.0
2.8500000000000525 -0.1 0.0
2.8500000000000525 -0.1 0.0
2.8500000000000525 -0.1 0.0
2.8500000000000525 -0.1 0.0
2.8500000000000525 -0.1 0.0
2.8500000000000525 -0.1 0.0
2.8500000000000525 -0.1 0.0
2.8500000000000525 -0.1 0.0
2.8500000000000525 -0.1 0.0
2.8500000000000525 -0.1 0.0
2.8500000000000525 -0.1 0.0
2.8500000000000525 -0.1 0.0
2.8500000000000525 -0.1 0.0
2.8500000000000525 -0.1 0.0
2.8500000000000525 -0.1 0.0
2.8500000000000525 -0.1 0.0
2.8500000000000525 -0.1 0.0
2.8500000000000525 -0.1 0.0
2.8500000000000525 -0.1 0.0
2.8500000000000525 -0.1 0.0
2.8500000000000525 -0.1 0.0
2.8500000000000525 -0.1 0.0
2.8500000000000525 -0.1 0.0
2.8500000000000525 -0.1 0.0
2.8500000000000525 -0.1 0.0
2.8500000000000525 -0.1 0.0
2.8500000000000525 -0.1 0.0
2.8500000000000525 -0.1 0.0
2.8500000000000525 -0.1 0.0
2.8500000000000525 -0.1 0.0
2.8500000000000525 -0.1 0.0
2.8500000000000525 -0.1 0.0
2.8500000000000525 -0.1 0.0
2.8500000000000525 -0.1 0.0
2.8500000000000525 -0.1 0.0
2.8500000000000525 -0.1 0.0
2.8500000000000525 -0.1 0.0
2.8500000000000525 -0.1 0.0
2.8500000000000525 -0.1 0.0
2.8500000000000525 -0.1 0.0
2.8500000000000525 -0.1 0.0
2.8500000000000525 -0.1 0.0
2.8500000000000525 -0.1 0.0
2.8500000000000525 -0.1 0.0
2.8500000000000525 -0.1 0.0
2.8500000000000525 -0.1 0.0
2.8500000000000525 -0.1 0.0
2.8500000000000525 -0.1 0.0
2.8500000000000525 -0.1 0.0
2.8500000000000525 -0.1 0.0
2.8500000000000525 -0.1 0.0
2.8500000000000525 -0.1 0.0
2.8500000000000525 -0.1 0.0
2.8500000000000525 -0.1 0.0
2.8500000000000525 -0.1 0.0
2.8500000000000525 -0.1 0.0
2.8500000000000525 -0.1 0.0
2.8500000000000525 -0.1 0.0
2.8500000000000525 -0.1 0.0
2.8500000000000525 -0.1 0.0
2.8500000000000525 -0.1 0.0
2.8500000000000525 -0.1 0.0
2.8500000000000525 -0.1 0.0
2.8500000000000525 -0.1 0.0
2.8500000000000525 -0.1 0.0
2.8500000000000525 -0.1 0.0
2.8500000000000525 -0.1 0.0
2.8500000000000525 -0.1 0.0
2.8500000000000525 -0.1 0.0
2.8500000000000525 -0.1 0.0
2.8500000000000525 -0.1 0.0
2.8500000000000525 -0.1 0.0
2.8500000000000525 -0.1 0.0
2.8500000000000525 -0.1 0.0
2.8500000000000525 -0.1 0.0
2.8500000000000525 -0.1 0.0
2.8500000000000525 -0.1 0.0
2.8500000000000525 -0.1 0.0
2.8500000000000525 -0.1 0.0
2.8500000000000525 -0.1 0.0
2.8500000000000525 -0.1 0.0
2.8500000000000525 -0.1 0.0
2.8500000000000525 -0.1 0.0
2.8500000000000525 -0.1 0.0
2.8500000000000525 -0.1 0.0
2.8500000000000525 -0.1 0.0
2.8501819241983033 -0.1 6.345356101624323e-05
2.8507206997085075 -0.1 0.0002465106205747605
2.851605830903843 -0.1 0.0005384556434818824
2.852826822157487 -0.1 0.000928892961266139
2.8543731778426182 -0.1 0.001407746772178259
2.856234402332414 -0.1 0.00196526114119117
2.858400000000053 -0.1 0.0025919999999999997
2.860859475218712 -0.1 0.003278847147022074
2.863602332361569 -0.1 0.004017006247396917
2.8666180758018025 -0.1 0.004798000832986255
2.8698962099125898 -0.1 0.00561367430237401
2.8734262390671086 -0.1 0.006456189920866304
2.8771976676385376 -0.1 0.007318030820491461
2.8812000000000535 -0.1 0.008192
2.8854227405248354 -0.1 0.00907122032486464
2.88985539358606 -0.1 0.009949134527280298
2.8944874635569056 -0.1 0.010819505206164096
2.89930845481055 -0.1 0.01167641482715535
2.9043078717201714 -0.1 0.012514265722615575
2.909475218658947 -0.1 0.013327780091628487
2.914800000000055 -0.1 0.014112
2.920271720116673 -0.1 0.014862287380258223
2.9258798833819797 -0.1 0.015574324031653479
2.931613994169152 -0.1 0.016244111620158264
2.937463556851368 -0.1 0.016867971678467306
2.943418075801805 -0.1 0.0174425456059975
2.9494670553936424 -0.1 0.01796479466888796
2.9556000000000564 -0.1 0.018431999999999997
2.9618064139942257 -0.1 0.01884176259891711
2.968075801749328 -0.1 0.019192003331945026
2.974397667638541 -0.1 0.01948096293211162
2.980761516035043 -0.1 0.019707201999167007
2.987156851312011 -0.1 0.0198696009995835
2.9935731778426233 -0.1 0.019967360266555594
3.000000000000058 -0.1 0.01999999999999999
3.006426822157493 -0.1 0.0199673602665556
3.012843148688105 -0.1 0.0198696009995835
3.0192384839650734 -0.1 0.019707201999167007
3.0256023323615753 -0.1 0.0194809629321116
3.0319241982507883 -0.1 0.019192003331945026
3.0381935860058906 -0.1 0.018841762598917122
3.04440000000006 -0.1 0.018432000000000004
3.050532944606474 -0.1 0.01796479466888795
3.056581924198311 -0.1 0.017442545605997506
3.0625364431487485 -0.1 0.01686797167846729
3.0683860058309644 -0.1 0.016244111620158264
3.0741201166181367 -0.1 0.015574324031653486
3.0797282798834433 -0.1 0.014862287380258216
3.0852000000000612 -0.1 0.014112000000000013
3.0905247813411694 -0.1 0.013327780091628494
3.095692128279945 -0.1 0.012514265722615547
3.1006915451895662 -0.1 0.01167641482715534
3.105512536443211 -0.1 0.01081950520616412
3.1101446064140563 -0.1 0.009949134527280301
3.114577259475281 -0.1 0.009071220324864626
3.1188000000000624 -0.1 0.008192000000000005
3.122802332361579 -0.1 0.007318030820491456
3.1265737609330073 -0.1 0.006456189920866273
3.1301037900875266 -0.1 0.005613674302374
3.133381924198314 -0.1 0.004798000832986288
3.136397667638547 -0.1 0.004017006247396898
3.1391405247814044 -0.1 0.0032788471470220903
3.1416000000000635 -0.1 0.0025920000000000387
3.143765597667702 -0.1 0.001965261141191166
3.145626822157498 -0.1 0.0014077467721782533
3.1471731778426295 -0.1 0.0009288929612661367
3.1483941690962736 -0.1 0.0005384556434818721
3.149279300291609 -0.1 0.00024651062057473583
3.149818075801813 -0.1 6.345356101622457e-05
3.150000000000064 -0.1 0.0
3.150000000000064 -0.1 0.0
3.150000000000064 -0.1 0.0
3.150000000000064 -0.1 0.0
3.150000000000064 -0.1 0.0
3.150000000000064 -0.1 0.0
3.150000000000064 -0.1 0.0
3.150000000000064 -0.1 0.0
3.150000000000064 -0.1 0.0
3.150000000000064 -0.1 0.0
3.150000000000064 -0.1 0.0
3.150000000000064 -0.1 0.0
3.150000000000064 -0.1 0.0
3.150000000000064 -0.1 0.0
3.150000000000064 -0.1 0.0
3.150000000000064 -0.1 0.0
3.150000000000064 -0.1 0.0
3.150000000000064 -0.1 0.0
3.150000000000064 -0.1 0.0
3.150000000000064 -0.1 0.0
3.150000000000064 -0.1 0.0
3.150000000000064 -0.1 0.0
3.150000000000064 -0.1 0.0
3.150000000000064 -0.1 0.0
3.150000000000064 -0.1 0.0
3.150000000000064 -0.1 0.0
3.150000000000064 -0.1 0.0
3.150000000000064 -0.1 0.0
3.150000000000064 -0.1 0.0
3.150000000000064 -0.1 0.0
3.150000000000064 -0.1 0.0
3.150000000000064 -0.1 0.0
3.150000000000064 -0.1 0.0
3.150000000000064 -0.1 0.0
3.150000000000064 -0.1 0.0
3.150000000000064 -0.1 0.0
3.150000000000064 -0.1 0.0
3.150000000000064 -0.1 0.0
3.150000000000064 -0.1 0.0
3.150000000000064 -0.1 0.0
3.150000000000064 -0.1 0.0
3.150000000000064 -0.1 0.0
3.150000000000064 -0.1 0.0
3.150000000000064 -0.1 0.0
3.150000000000064 -0.1 0.0
3.150000000000064 -0.1 0.0
3.150000000000064 -0.1 0.0
3.150000000000064 -0.1 0.0
3.150000000000064 -0.1 0.0
3.150000000000064 -0.1 0.0
3.150000000000064 -0.1 0.0
3.150000000000064 -0.1 0.0
3.150000000000064 -0.1 0.0
3.150000000000064 -0.1 0.0
3.150000000000064 -0.1 0.0
3.150000000000064 -0.1 0.0
3.150000000000064 -0.1 0.0
3.150000000000064 -0.1 0.0
3.150000000000064 -0.1 0.0
3.150000000000064 -0.1 0.0
3.150000000000064 -0.1 0.0
3.150000000000064 -0.1 0.0
3.150000000000064 -0.1 0.0
3.150000000000064 -0.1 0.0
3.150000000000064 -0.1 0.0
3.150000000000064 -0.1 0.0
3.150000000000064 -0.1 0.0
3.150000000000064 -0.1 0.0
3.150000000000064 -0.1 0.0
3.150000000000064 -0.1 0.0
3.150000000000064 -0.1 0.0
3.150000000000064 -0.1 0.0
3.150000000000064 -0.1 0.0
3.150000000000064 -0.1 0.0
3.150000000000064 -0.1 0.0
3.150000000000064 -0.1 0.0
3.150000000000064 -0.1 0.0
3.150000000000064 -0.1 0.0
3.150000000000064 -0.1 0.0
3.150000000000064 -0.1 0.0
3.150000000000064 -0.1 0.0
3.150000000000064 -0.1 0.0
3.150000000000064 -0.1 0.0
3.150000000000064 -0.1 0.0
3.150000000000064 -0.1 0.0
3.150000000000064 -0.1 0.0
3.150000000000064 -0.1 0.0
3.150000000000064 -0.1 0.0
3.150000000000064 -0.1 0.0
3.150000000000064 -0.1 0.0
3.150000000000064 -0.1 0.0
3.150000000000064 -0.1 0.0
3.150000000000064 -0.1 0.0
3.150000000000064 -0.1 0.0
3.150000000000064 -0.1 0.0
3.150000000000064 -0.1 0.0
3.150000000000064 -0.1 0.0
3.150000000000064 -0.1 0.0
3.150000000000064 -0.1 0.0
3.150000000000064 -0.1 0.0
3.150000000000064 -0.1 0.0
3.150000000000064 -0.1 0.0
3.150000000000064 -0.1 0.0
3.150000000000064 -0.1 0.0
3.150000000000064 -0.1 0.0
3.150000000000064 -0.1 0.0
3.150000000000064 -0.1 0.0
3.150000000000064 -0.1 0.0
3.150000000000064 -0.1 0.0
3.150000000000064 -0.1 0.0
3.150000000000064 -0.1 0.0
3.150000000000064 -0.1 0.0
3.150000000000064 -0.1 0.0
3.150000000000064 -0.1 0.0
3.150000000000064 -0.1 0.0
3.150000000000064 -0.1 0.0
3.150000000000064 -0.1 0.0
3.150000000000064 -0.1 0.0
3.150000000000064 -0.1 0.0
3.150000000000064 -0.1 0.0
3.150000000000064 -0.1 0.0
3.150000000000064 -0.1 0.0
3.150000000000064 -0.1 0.0
3.150000000000064 -0.1 0.0
3.150000000000064 -0.1 0.0
3.150000000000064 -0.1 0.0
3.150000000000064 -0.1 0.0
3.150000000000064 -0.1 0.0
3.150000000000064 -0.1 0.0
3.150000000000064 -0.1 0.0
3.150000000000064 -0.1 0.0
3.1501819241983147 -0.1 6.345356101624323e-05
3.150720699708519 -0.1 0.0002465106205747605
3.151605830903854 -0.1 0.0005384556434818824
3.152826822157498 -0.1 0.000928892961266139
3.1543731778426296 -0.1 0.001407746772178259
3.1562344023324256 -0.1 0.00196526114119117
3.1584000000000643 -0.1 0.0025919999999999997
3.1608594752187233 -0.1 0.003278847147022074
3.1636023323615805 -0.1 0.004017006247396917
3.166618075801814 -0.1 0.004798000832986255
3.169896209912601 -0.1 0.00561367430237401
3.17342623906712 -0.1 0.006456189920866304
3.177197667638549 -0.1 0.007318030820491461
3.181200000000065 -0.1 0.008192
3.1854227405248468 -0.1 0.00907122032486464
3.1898553935860714 -0.1 0.009949134527280298
3.194487463556917 -0.1 0.010819505206164096
3.1993084548105615 -0.1 0.01167641482715535
3.2043078717201827 -0.1 0.012514265722615575
3.2094752186589584 -0.1 0.013327780091628487
3.2148000000000665 -0.1 0.014112
3.2202717201166844 -0.1 0.014862287380258223
3.225879883381991 -0.1 0.015574324031653479
3.2316139941691633 -0.1 0.016244111620158264
3.237463556851379 -0.1 0.016867971678467306
3.2434180758018165 -0.1 0.0174425456059975
3.2494670553936538 -0.1 0.01796479466888796
3.2556000000000678 -0.1 0.018431999999999997
3.261806413994237 -0.1 0.01884176259891711
3.2680758017493394 -0.1 0.019192003331945026
3.2743976676385524 -0.1 0.01948096293211162
3.2807615160350543 -0.1 0.019707201999167007
3.287156851312022 -0.1 0.0198696009995835
3.2935731778426347 -0.1 0.019967360266555594
3.3000000000000695 -0.1 0.01999999999999999
3.3064268221575044 -0.1 0.0199673602665556
3.3128431486881165 -0.1 0.0198696009995835
3.319238483965085 -0.1 0.019707201999167007
3.3256023323615866 -0.1 0.0194809629321116
3.3319241982507997 -0.1 0.019192003331945026
3.338193586005902 -0.1 0.018841762598917122
3.3444000000000713 -0.1 0.018432000000000004
3.3505329446064853 -0.1 0.01796479466888795
3.3565819241983226 -0.1 0.017442545605997506
3.36253644314876 -0.1 0.01686797167846729
3.368386005830976 -0.1 0.016244111620158264
3.374120116618148 -0.1 0.015574324031653486
3.3797282798834547 -0.1 0.014862287380258216
3.3852000000000726 -0.1 0.014112000000000013
3.3905247813411807 -0.1 0.013327780091628494
3.3956921282799564 -0.1 0.012514265722615547
3.4006915451895776 -0.1 0.01167641482715534
3.405512536443222 -0.1 0.01081950520616412
3.4101446064140677 -0.1 0.009949134527280301
3.4145772594752923 -0.1 0.009071220324864626
3.418800000000074 -0.1 0.008192000000000005
3.42280233236159 -0.1 0.007318030820491456
3.4265737609330187 -0.1 0.006456189920866273
3.430103790087538 -0.1 0.005613674302374
3.433381924198325 -0.1 0.004798000832986288
3.4363976676385586 -0.1 0.004017006247396898
3.4391405247814157 -0.1 0.0032788471470220903
3.441600000000075 -0.1 0.0025920000000000387
3.4437655976677135 -0.1 0.001965261141191166
3.4456268221575095 -0.1 0.0014077467721782533
3.447173177842641 -0.1 0.0009288929612661367
3.448394169096285 -0.1 0.0005384556434818721
3.44927930029162 -0.1 0.00024651062057473583
3.4498180758018244 -0.1 6.345356101622457e-05
3.4500000000000752 -0.1 0.0
3.4500000000000752 -0.1 0.0
3.4500000000000752 -0.1 0.0
3.4500000000000752 -0.1 0.0
3.4500000000000752 -0.1 0.0
3.4500000000000752 -0.1 0.0
3.4500000000000752 -0.1 0.0
3.4500000000000752 -0.1 0.0
3.4500000000000752 -0.1 0.0
3.4500000000000752 -0.1 0.0
3.4500000000000752 -0.1 0.0
3.4500000000000752 -0.1 0.0
3.4500000000000752 -0.1 0.0
3.4500000000000752 -0.1 0.0
3.4500000000000752 -0.1 0.0
3.4500000000000752 -0.1 0.0
3.4500000000000752 -0.1 0.0
3.4500000000000752 -0.1 0.0
3.4500000000000752 -0.1 0.0
3.4500000000000752 -0.1 0.0
3.4500000000000752 -0.1 0.0
3.4500000000000752 -0.1 0.0
3.4500000000000752 -0.1 0.0
3.4500000000000752 -0.1 0.0
3.4500000000000752 -0.1 0.0
3.4500000000000752 -0.1 0.0
3.4500000000000752 -0.1 0.0
3.4500000000000752 -0.1 0.0
3.4500000000000752 -0.1 0.0
3.4500000000000752 -0.1 0.0
