1.0310923973763693e-17
-0.1
0.0
end
1.0310923973763693e-17
0.1
0.0
end
0.1500000000000001
-0.1
7.811485235165979e-21
end
0.30000000004899685
0.09999999999247544
6.585237176566483e-12
end
0.45000000000000034
-0.1
-9.28573115747754e-20
end
0.6000000000060508
0.10000000000002145
8.48887909568247e-13
end
0.7499999999999913
-0.1
7.84641811281113e-23
end
0.8999999999999859
0.1
1.3412422394427793e-19
end
1.0499999999999843
-0.1
-1.1730150571377518e-20
end
1.19999999999999
0.10000000000000002
9.899793403728028e-18
end
1.3499999999466916
-0.09999999999372479
-2.043133473934145e-11
end
1.4800000000000035
0.09999999999999988
-3.249219881872583e-17
end
1.6100000000000128
-0.09999999999998523
-1.1687984925657444e-17
end
1.7400000000000186
0.09999999999999988
-1.3367175718722246e-16
end
1.869999999982786
-0.0999999999993576
-5.453237194770718e-12
end
1.9700000000000162
0.10000000000000007
4.405706085448635e-19
end
2.070000000000005
-0.1
-9.9156535194968e-19
end
2.0700000000001086
0.0999999999999391
2.2485080399237613e-14
end
2.070000000000005
-0.09999999999999991
-1.6812797248965142e-18
end
2.070000000000005
0.1
0.0
end
