1.0310923973763693e-17 -0.10163857612916291 -1.3877787807814457e-17
1.0310923973763693e-17 -0.10163857612916291 -1.3877787807814457e-17
1.0310923973763693e-17 -0.10163857612916291 -1.3877787807814457e-17
1.0310923973763693e-17 -0.10163857612916291 -1.3877787807814457e-17
1.0310923973763693e-17 -0.10163857612916291 -1.3877787807814457e-17
1.0310923973763693e-17 -0.10163857612916291 -1.3877787807814457e-17
1.0310923973763693e-17 -0.10163857612916291 -1.3877787807814457e-17
1.0310923973763693e-17 -0.10163857612916291 -1.3877787807814457e-17
1.0310923973763693e-17 -0.10163857612916291 -1.3877787807814457e-17
1.0310923973763693e-17 -0.10163857612916291 -1.3877787807814457e-17
1.0310923973763693e-17 -0.10163857612916291 -1.3877787807814457e-17
1.0310923973763693e-17 -0.10163857612916291 -1.3877787807814457e-17
1.0310923973763693e-17 -0.10163857612916291 -1.3877787807814457e-17
1.0310923973763693e-17 -0.10163857612916291 -1.3877787807814457e-17
1.0310923973763693e-17 -0.10163857612916291 -1.3877787807814457e-17
1.0310923973763693e-17 -0.10163857612916291 -1.3877787807814457e-17
1.0310923973763693e-17 -0.10163857612916291 -1.3877787807814457e-17
1.0310923973763693e-17 -0.10163857612916291 -1.3877787807814457e-17
1.0310923973763693e-17 -0.10163857612916291 -1.3877787807814457e-17
1.0310923973763693e-17 -0.10163857612916291 -1.3877787807814457e-17
1.0310923973763693e-17 -0.10163857612916291 -1.3877787807814457e-17
1.0310923973763693e-17 -0.10163857612916291 -1.3877787807814457e-17
1.0310923973763693e-17 -0.10163857612916291 -1.3877787807814457e-17
1.0310923973763693e-17 -0.10163857612916291 -1.3877787807814457e-17
1.0310923973763693e-17 -0.10163857612916291 -1.3877787807814457e-17
1.0310923973763693e-17 -0.10163857612916291 -1.3877787807814457e-17
1.0310923973763693e-17 -0.10163857612916291 -1.3877787807814457e-17
1.0310923973763693e-17 -0.10163857612916291 -1.3877787807814457e-17
1.0310923973763693e-17 -0.10163857612916291 -1.3877787807814457e-17
1.0310923973763693e-17 -0.10163857612916291 -1.3877787807814457e-17
1.0310923973763693e-17 -0.10163857612916291 -1.3877787807814457e-17
1.0310923973763693e-17 -0.10163857612916291 -1.3877787807814457e-17
1.0310923973763693e-17 -0.10163857612916291 -1.3877787807814457e-17
1.0310923973763693e-17 -0.10163857612916291 -1.3877787807814457e-17
1.0310923973763693e-17 -0.10163857612916291 -1.3877787807814457e-17
1.0310923973763693e-17 -0.10163857612916291 -1.3877787807814457e-17
1.0310923973763693e-17 -0.10163857612916291 -1.3877787807814457e-17
1.0310923973763693e-17 -0.10163857612916291 -1.3877787807814457e-17
1.0310923973763693e-17 -0.10163857612916291 -1.3877787807814457e-17
1.0310923973763693e-17 -0.10163857612916291 -1.3877787807814457e-17
1.0310923973763693e-17 -0.10163857612916291 -1.3877787807814457e-17
1.0310923973763693e-17 -0.10163857612916291 -1.3877787807814457e-17
1.0310923973763693e-17 -0.10163857612916291 -1.3877787807814457e-17
1.0310923973763693e-17 -0.10163857612916291 -1.3877787807814457e-17
1.0310923973763693e-17 -0.10163857612916291 -1.3877787807814457e-17
1.0310923973763693e-17 -0.10163857612916291 -1.3877787807814457e-17
1.0310923973763693e-17 -0.10163857612916291 -1.3877787807814457e-17
1.0310923973763693e-17 -0.10163857612916291 -1.3877787807814457e-17
1.0310923973763693e-17 -0.10163857612916291 -1.3877787807814457e-17
1.0310923973763693e-17 -0.10163857612916291 -1.3877787807814457e-17
1.0310923973763693e-17 -0.10163857612916291 -1.3877787807814457e-17
1.0310923973763693e-17 -0.10163857612916291 -1.3877787807814457e-17
1.0310923973763693e-17 -0.10163857612916291 -1.3877787807814457e-17
1.0310923973763693e-17 -0.10163857612916291 -1.3877787807814457e-17
1.0310923973763693e-17 -0.10163857612916291 -1.3877787807814457e-17
1.0310923973763693e-17 -0.10163857612916291 -1.3877787807814457e-17
1.0310923973763693e-17 -0.10163857612916291 -1.3877787807814457e-17
1.0310923973763693e-17 -0.10163857612916291 -1.3877787807814457e-17
1.0310923973763693e-17 -0.10163857612916291 -1.3877787807814457e-17
1.0310923973763693e-17 -0.10163857612916291 -1.3877787807814457e-17
1.0310923973763693e-17 -0.10163857612916291 -1.3877787807814457e-17
1.0310923973763693e-17 -0.10163857612916291 -1.3877787807814457e-17
1.0310923973763693e-17 -0.10163857612916291 -1.3877787807814457e-17
1.0310923973763693e-17 -0.10163857612916291 -1.3877787807814457e-17
1.0310923973763693e-17 -0.10163857612916291 -1.3877787807814457e-17
1.0310923973763693e-17 -0.10163857612916291 -1.3877787807814457e-17
1.0310923973763693e-17 -0.10163857612916291 -1.3877787807814457e-17
1.0310923973763693e-17 -0.10163857612916291 -1.3877787807814457e-17
1.0310923973763693e-17 -0.10163857612916291 -1.3877787807814457e-17
1.0310923973763693e-17 -0.10163857612916291 -1.3877787807814457e-17
1.0310923973763693e-17 -0.10163857612916291 -1.3877787807814457e-17
1.0310923973763693e-17 -0.10163857612916291 -1.3877787807814457e-17
1.0310923973763693e-17 -0.10163857612916291 -1.3877787807814457e-17
1.0310923973763693e-17 -0.10163857612916291 -1.3877787807814457e-17
1.0310923973763693e-17 -0.10163857612916291 -1.3877787807814457e-17
1.0310923973763693e-17 -0.10163857612916291 -1.3877787807814457e-17
1.0310923973763693e-17 -0.10163857612916291 -1.3877787807814457e-17
1.0310923973763693e-17 -0.10163857612916291 -1.3877787807814457e-17
1.0310923973763693e-17 -0.10163857612916291 -1.3877787807814457e-17
1.0310923973763693e-17 -0.10163857612916291 -1.3877787807814457e-17
1.0310923973763693e-17 -0.10163857612916291 -1.3877787807814457e-17
1.0310923973763693e-17 -0.10163857612916291 -1.3877787807814457e-17
1.0310923973763693e-17 -0.10163857612916291 -1.3877787807814457e-17
1.0310923973763693e-17 -0.10163857612916291 -1.3877787807814457e-17
1.0310923973763693e-17 -0.10163857612916291 -1.3877787807814457e-17
1.0310923973763693e-17 -0.10163857612916291 -1.3877787807814457e-17
1.0310923973763693e-17 -0.10163857612916291 -1.3877787807814457e-17
1.0310923973763693e-17 -0.10163857612916291 -1.3877787807814457e-17
1.0310923973763693e-17 -0.10163857612916291 -1.3877787807814457e-17
1.0310923973763693e-17 -0.10163857612916291 -1.3877787807814457e-17
1.0310923973763693e-17 -0.10163857612916291 -1.3877787807814457e-17
1.0310923973763693e-17 -0.10163857612916291 -1.3877787807814457e-17
1.0310923973763693e-17 -0.10163857612916291 -1.3877787807814457e-17
1.0310923973763693e-17 -0.10163857612916291 -1.3877787807814457e-17
1.0310923973763693e-17 -0.10163857612916291 -1.3877787807814457e-17
1.0310923973763693e-17 -0.10163857612916291 -1.3877787807814457e-17
1.0310923973763693e-17 -0.10163857612916291 -1.3877787807814457e-17
1.0310923973763693e-17 -0.10163857612916291 -1.3877787807814457e-17
1.0310923973763693e-17 -0.10163857612916291 -1.3877787807814457e-17
1.0310923973763693e-17 -0.10163857612916291 -1.3877787807814457e-17
1.0310923973763693e-17 -0.10163857612916291 -1.3877787807814457e-17
1.0310923973763693e-17 -0.10163857612916291 -1.3877787807814457e-17
1.0310923973763693e-17 -0.10163857612916291 -1.3877787807814457e-17
1.0310923973763693e-17 -0.10163857612916291 -1.3877787807814457e-17
1.0310923973763693e-17 -0.10163857612916291 -1.3877787807814457e-17
1.0310923973763693e-17 -0.10163857612916291 -1.3877787807814457e-17
1.0310923973763693e-17 -0.10163857612916291 -1.3877787807814457e-17
1.0310923973763693e-17 -0.10163857612916291 -1.3877787807814457e-17
1.0310923973763693e-17 -0.10163857612916291 -1.3877787807814457e-17
1.0310923973763693e-17 -0.10163857612916291 -1.3877787807814457e-17
1.0310923973763693e-17 -0.10163857612916291 -1.3877787807814457e-17
1.0310923973763693e-17 -0.10163857612916291 -1.3877787807814457e-17
1.0310923973763693e-17 -0.10163857612916291 -1.3877787807814457e-17
1.0310923973763693e-17 -0.10163857612916291 -1.3877787807814457e-17
1.0310923973763693e-17 -0.10163857612916291 -1.3877787807814457e-17
1.0310923973763693e-17 -0.10163857612916291 -1.3877787807814457e-17
1.0310923973763693e-17 -0.10163857612916291 -1.3877787807814457e-17
1.0310923973763693e-17 -0.10163857612916291 -1.3877787807814457e-17
1.0310923973763693e-17 -0.10163857612916291 -1.3877787807814457e-17
1.0310923973763693e-17 -0.10163857612916291 -1.3877787807814457e-17
1.0310923973763693e-17 -0.10163857612916291 -1.3877787807814457e-17
1.0310923973763693e-17 -0.10163857612916291 -1.3877787807814457e-17
1.0310923973763693e-17 -0.10163857612916291 -1.3877787807814457e-17
1.0310923973763693e-17 -0.10163857612916291 -1.3877787807814457e-17
1.0310923973763693e-17 -0.10163857612916291 -1.3877787807814457e-17
1.0310923973763693e-17 -0.10163857612916291 -1.3877787807814457e-17
1.0310923973763693e-17 -0.10163857612916291 -1.3877787807814457e-17
1.0310923973763693e-17 -0.10163857612916291 -1.3877787807814457e-17
1.0310923973763693e-17 -0.10163857612916291 -1.3877787807814457e-17
1.0310923973763693e-17 -0.10163857612916291 -1.3877787807814457e-17
1.0310923973763693e-17 -0.10163857612916291 -1.3877787807814457e-17
1.0310923973763693e-17 -0.10163857612916291 -1.3877787807814457e-17
1.0310923973763693e-17 -0.10163857612916291 -1.3877787807814457e-17
1.0310923973763693e-17 -0.10163857612916291 -1.3877787807814457e-17
1.0310923973763693e-17 -0.10163857612916291 -1.3877787807814457e-17
1.0310923973763693e-17 -0.10163857612916291 -1.3877787807814457e-17
1.0310923973763693e-17 -0.10163857612916291 -1.3877787807814457e-17
1.0310923973763693e-17 -0.10163857612916291 -1.3877787807814457e-17
1.0310923973763693e-17 -0.10163857612916291 -1.3877787807814457e-17
1.0310923973763693e-17 -0.10163857612916291 -1.3877787807814457e-17
1.0310923973763693e-17 -0.10163857612916291 -1.3877787807814457e-17
1.0310923973763693e-17 -0.10163857612916291 -1.3877787807814457e-17
1.0310923973763693e-17 -0.10163857612916291 -1.3877787807814457e-17
1.0310923973763693e-17 -0.10163857612916291 -1.3877787807814457e-17
1.0310923973763693e-17 -0.10163857612916291 -1.3877787807814457e-17
1.0310923973763693e-17 -0.10163857612916291 -1.3877787807814457e-17
1.0310923973763693e-17 -0.10163857612916291 -1.3877787807814457e-17
1.0310923973763693e-17 -0.10163857612916291 -1.3877787807814457e-17
1.0310923973763693e-17 -0.10163857612916291 -1.3877787807814457e-17
1.0310923973763693e-17 -0.10163857612916291 -1.3877787807814457e-17
1.0310923973763693e-17 -0.10163857612916291 -1.3877787807814457e-17
1.0310923973763693e-17 -0.10163857612916291 -1.3877787807814457e-17
1.0310923973763693e-17 -0.10163857612916291 -1.3877787807814457e-17
1.0310923973763693e-17 -0.10163857612916291 -1.3877787807814457e-17
1.0310923973763693e-17 -0.10163857612916291 -1.3877787807814457e-17
1.0310923973763693e-17 -0.10163857612916291 -1.3877787807814457e-17
1.0310923973763693e-17 -0.10163857612916291 -1.3877787807814457e-17
1.0310923973763693e-17 -0.10163857612916291 -1.3877787807814457e-17
1.0310923973763693e-17 -0.10163857612916291 -1.3877787807814457e-17
1.0310923973763693e-17 -0.10163857612916291 -1.3877787807814457e-17
1.0310923973763693e-17 -0.10163857612916291 -1.3877787807814457e-17
1.0310923973763693e-17 -0.10163857612916291 -1.3877787807814457e-17
1.0310923973763693e-17 -0.10163857612916291 -1.3877787807814457e-17
1.0310923973763693e-17 -0.10163857612916291 -1.3877787807814457e-17
1.0310923973763693e-17 -0.10163857612916291 -1.3877787807814457e-17
1.0310923973763693e-17 -0.10163857612916291 -1.3877787807814457e-17
1.0310923973763693e-17 -0.10163857612916291 -1.3877787807814457e-17
1.0310923973763693e-17 -0.10163857612916291 -1.3877787807814457e-17
1.0310923973763693e-17 -0.10163857612916291 -1.3877787807814457e-17
1.0310923973763693e-17 -0.10163857612916291 -1.3877787807814457e-17
1.0310923973763693e-17 -0.10163857612916291 -1.3877787807814457e-17
1.0310923973763693e-17 -0.10163857612916291 -1.3877787807814457e-17
1.0310923973763693e-17 -0.10163857612916291 -1.3877787807814457e-17
1.0310923973763693e-17 -0.10163857612916291 -1.3877787807814457e-17
1.0310923973763693e-17 -0.10163857612916291 -1.3877787807814457e-17
1.0310923973763693e-17 -0.10163857612916291 -1.3877787807814457e-17
1.0310923973763693e-17 -0.10163857612916291 -1.3877787807814457e-17
1.0310923973763693e-17 -0.10163857612916291 -1.3877787807814457e-17
1.0310923973763693e-17 -0.10163857612916291 -1.3877787807814457e-17
1.0310923973763693e-17 -0.10163857612916291 -1.3877787807814457e-17
1.0310923973763693e-17 -0.10163857612916291 -1.3877787807814457e-17
1.0310923973763693e-17 -0.10163857612916291 -1.3877787807814457e-17
1.0310923973763693e-17 -0.10163857612916291 -1.3877787807814457e-17
1.0310923973763693e-17 -0.10163857612916291 -1.3877787807814457e-17
1.0310923973763693e-17 -0.10163857612916291 -1.3877787807814457e-17
1.0310923973763693e-17 -0.10163857612916291 -1.3877787807814457e-17
1.0310923973763693e-17 -0.10163857612916291 -1.3877787807814457e-17
1.0310923973763693e-17 -0.10163857612916291 -1.3877787807814457e-17
1.0310923973763693e-17 -0.10163857612916291 -1.3877787807814457e-17
1.0310923973763693e-17 -0.10163857612916291 -1.3877787807814457e-17
1.0310923973763693e-17 -0.10163857612916291 -1.3877787807814457e-17
1.0310923973763693e-17 -0.10163857612916291 -1.3877787807814457e-17
1.0310923973763693e-17 -0.10163857612916291 -1.3877787807814457e-17
1.0310923973763693e-17 -0.10163857612916291 -1.3877787807814457e-17
1.0310923973763693e-17 -0.10163857612916291 -1.3877787807814457e-17
1.0310923973763693e-17 -0.10163857612916291 -1.3877787807814457e-17
1.0310923973763693e-17 -0.10163857612916291 -1.3877787807814457e-17
1.0310923973763693e-17 -0.10163857612916291 -1.3877787807814457e-17
1.0310923973763693e-17 -0.10163857612916291 -1.3877787807814457e-17
1.0310923973763693e-17 -0.10163857612916291 -1.3877787807814457e-17
1.0310923973763693e-17 -0.1 0.0
1.0310923973763693e-17 -0.1 0.0
1.0310923973763693e-17 -0.1 0.0
1.0310923973763693e-17 -0.1 0.0
1.0310923973763693e-17 -0.1 0.0
1.0310923973763693e-17 -0.1 0.0
1.0310923973763693e-17 -0.1 0.0
1.0310923973763693e-17 -0.1 0.0
1.0310923973763693e-17 -0.1 0.0
1.0310923973763693e-17 -0.1 0.0
1.0310923973763693e-17 -0.1 0.0
1.0310923973763693e-17 -0.1 0.0
1.0310923973763693e-17 -0.1 0.0
1.0310923973763693e-17 -0.1 0.0
1.0310923973763693e-17 -0.1 0.0
1.0310923973763693e-17 -0.1 0.0
1.0310923973763693e-17 -0.1 0.0
1.0310923973763693e-17 -0.1 0.0
1.0310923973763693e-17 -0.1 0.0
1.0310923973763693e-17 -0.1 0.0
1.0310923973763693e-17 -0.1 0.0
1.0310923973763693e-17 -0.1 0.0
1.0310923973763693e-17 -0.1 0.0
1.0310923973763693e-17 -0.1 0.0
1.0310923973763693e-17 -0.1 0.0
1.0310923973763693e-17 -0.1 0.0
1.0310923973763693e-17 -0.1 0.0
1.0310923973763693e-17 -0.1 0.0
1.0310923973763693e-17 -0.1 0.0
1.0310923973763693e-17 -0.1 0.0
1.0310923973763693e-17 -0.1 0.0
1.0310923973763693e-17 -0.1 0.0
1.0310923973763693e-17 -0.1 0.0
1.0310923973763693e-17 -0.1 0.0
1.0310923973763693e-17 -0.1 0.0
1.0310923973763693e-17 -0.1 0.0
1.0310923973763693e-17 -0.1 0.0
1.0310923973763693e-17 -0.1 0.0
1.0310923973763693e-17 -0.1 0.0
1.0310923973763693e-17 -0.1 0.0
1.0310923973763693e-17 -0.1 0.0
1.0310923973763693e-17 -0.1 0.0
1.0310923973763693e-17 -0.1 0.0
1.0310923973763693e-17 -0.1 0.0
1.0310923973763693e-17 -0.1 0.0
1.0310923973763693e-17 -0.1 0.0
1.0310923973763693e-17 -0.1 0.0
1.0310923973763693e-17 -0.1 0.0
1.0310923973763693e-17 -0.1 0.0
1.0310923973763693e-17 -0.1 0.0
1.0310923973763693e-17 -0.1 0.0
1.0310923973763693e-17 -0.1 0.0
1.0310923973763693e-17 -0.1 0.0
1.0310923973763693e-17 -0.1 0.0
1.0310923973763693e-17 -0.1 0.0
1.0310923973763693e-17 -0.1 0.0
1.0310923973763693e-17 -0.1 0.0
1.0310923973763693e-17 -0.1 0.0
1.0310923973763693e-17 -0.1 0.0
1.0310923973763693e-17 -0.1 0.0
1.0310923973763693e-17 -0.1 0.0
1.0310923973763693e-17 -0.1 0.0
1.0310923973763693e-17 -0.1 0.0
1.0310923973763693e-17 -0.1 0.0
1.0310923973763693e-17 -0.1 0.0
1.0310923973763693e-17 -0.1 0.0
1.0310923973763693e-17 -0.1 0.0
1.0310923973763693e-17 -0.1 0.0
1.0310923973763693e-17 -0.1 0.0
1.0310923973763693e-17 -0.1 0.0
1.0310923973763693e-17 -0.1 0.0
1.0310923973763693e-17 -0.1 0.0
1.0310923973763693e-17 -0.1 0.0
1.0310923973763693e-17 -0.1 0.0
1.0310923973763693e-17 -0.1 0.0
1.0310923973763693e-17 -0.1 0.0
1.0310923973763693e-17 -0.1 0.0
1.0310923973763693e-17 -0.1 0.0
1.0310923973763693e-17 -0.1 0.0
1.0310923973763693e-17 -0.1 0.0
1.0310923973763693e-17 -0.1 0.0
1.0310923973763693e-17 -0.1 0.0
1.0310923973763693e-17 -0.1 0.0
1.0310923973763693e-17 -0.1 0.0
1.0310923973763693e-17 -0.1 0.0
1.0310923973763693e-17 -0.1 0.0
1.0310923973763693e-17 -0.1 0.0
1.0310923973763693e-17 -0.1 0.0
1.0310923973763693e-17 -0.1 0.0
1.0310923973763693e-17 -0.1 0.0
1.0310923973763693e-17 -0.1 0.0
1.0310923973763693e-17 -0.1 0.0
1.0310923973763693e-17 -0.1 0.0
1.0310923973763693e-17 -0.1 0.0
1.0310923973763693e-17 -0.1 0.0
1.0310923973763693e-17 -0.1 0.0
1.0310923973763693e-17 -0.1 0.0
1.0310923973763693e-17 -0.1 0.0
1.0310923973763693e-17 -0.1 0.0
1.0310923973763693e-17 -0.1 0.0
1.0310923973763693e-17 -0.1 0.0
0.00012128279883382966 -0.1 6.345356101624323e-05
0.0004804664723032177 -0.1 0.0002465106205747605
0.0010705539358600697 -0.1 0.0005384556434818824
0.0018845481049562802 -0.1 0.000928892961266139
0.0029154518950437447 -0.1 0.001407746772178259
0.004156268221574358 -0.1 0.00196526114119117
0.005600000000000015 -0.1 0.0025919999999999997
0.007239650145772611 -0.1 0.003278847147022074
0.009068221574344042 -0.1 0.004017006247396917
0.0110787172011662 -0.1 0.004798000832986255
0.013264139941690983 -0.1 0.00561367430237401
0.015617492711370286 -0.1 0.006456189920866304
0.018131778425656 -0.1 0.007318030820491461
0.020800000000000027 -0.1 0.008192
0.023615160349854256 -0.1 0.00907122032486464
0.026570262390670587 -0.1 0.009949134527280298
0.02965830903790091 -0.1 0.010819505206164096
0.03287230320699712 -0.1 0.01167641482715535
0.03620524781341112 -0.1 0.012514265722615575
0.03965014577259479 -0.1 0.013327780091628487
0.04320000000000004 -0.1 0.014112
0.04684781341107877 -0.1 0.014862287380258223
0.05058658892128286 -0.1 0.015574324031653479
0.05440932944606419 -0.1 0.016244111620158264
0.05830903790087469 -0.1 0.016867971678467306
0.06227871720116624 -0.1 0.0174425456059975
0.06631137026239074 -0.1 0.01796479466888796
0.07040000000000007 -0.1 0.018431999999999997
0.07453760932944613 -0.1 0.01884176259891711
0.07871720116618083 -0.1 0.019192003331945026
0.08293177842565605 -0.1 0.01948096293211162
0.08717434402332369 -0.1 0.019707201999167007
0.09143790087463566 -0.1 0.0198696009995835
0.09571545189504381 -0.1 0.019967360266555594
0.1000000000000001 -0.1 0.01999999999999999
0.10428454810495637 -0.1 0.0199673602665556
0.10856209912536452 -0.1 0.0198696009995835
0.11282565597667649 -0.1 0.019707201999167007
0.11706822157434414 -0.1 0.0194809629321116
0.12128279883381937 -0.1 0.019192003331945026
0.12546239067055404 -0.1 0.018841762598917122
0.1296000000000001 -0.1 0.018432000000000004
0.13368862973760942 -0.1 0.01796479466888795
0.13772128279883394 -0.1 0.017442545605997506
0.14169096209912546 -0.1 0.01686797167846729
0.14559067055393599 -0.1 0.016244111620158264
0.1494134110787173 -0.1 0.015574324031653486
0.15315218658892144 -0.1 0.014862287380258216
0.15680000000000013 -0.1 0.014112000000000013
0.16034985422740536 -0.1 0.013327780091628494
0.16379475218658904 -0.1 0.012514265722615547
0.16712769679300302 -0.1 0.01167641482715534
0.17034169096209925 -0.1 0.01081950520616412
0.1734297376093296 -0.1 0.009949134527280301
0.1763848396501459 -0.1 0.009071220324864626
0.17920000000000014 -0.1 0.008192000000000005
0.1818682215743442 -0.1 0.007318030820491456
0.18438250728862984 -0.1 0.006456189920866273
0.18673586005830914 -0.1 0.005613674302374
0.1889212827988339 -0.1 0.004798000832986288
0.19093177842565606 -0.1 0.004017006247396898
0.19276034985422755 -0.1 0.0032788471470220903
0.19440000000000013 -0.1 0.0025920000000000387
0.1958437317784258 -0.1 0.001965261141191166
0.1970845481049564 -0.1 0.0014077467721782533
0.19811545189504393 -0.1 0.0009288929612661367
0.19892944606414012 -0.1 0.0005384556434818721
0.1995195335276969 -0.1 0.00024651062057473583
0.1998787172011663 -0.1 6.345356101622457e-05
0.20000000000000018 -0.1 0.0
0.20000000000000018 -0.1 0.0
0.20000000000000018 -0.1 0.0
0.20000000000000018 -0.1 0.0
0.20000000000000018 -0.1 0.0
0.20000000000000018 -0.1 0.0
0.20000000000000018 -0.1 0.0
0.20000000000000018 -0.1 0.0
0.20000000000000018 -0.1 0.0
0.20000000000000018 -0.1 0.0
0.20000000000000018 -0.1 0.0
0.20000000000000018 -0.1 0.0
0.20000000000000018 -0.1 0.0
0.20000000000000018 -0.1 0.0
0.20000000000000018 -0.1 0.0
0.20000000000000018 -0.1 0.0
0.20000000000000018 -0.1 0.0
0.20000000000000018 -0.1 0.0
0.20000000000000018 -0.1 0.0
0.20000000000000018 -0.1 0.0
0.20000000000000018 -0.1 0.0
0.20000000000000018 -0.1 0.0
0.20000000000000018 -0.1 0.0
0.20000000000000018 -0.1 0.0
0.20000000000000018 -0.1 0.0
0.20000000000000018 -0.1 0.0
0.20000000000000018 -0.1 0.0
0.20000000000000018 -0.1 0.0
0.20000000000000018 -0.1 0.0
0.20000000000000018 -0.1 0.0
0.20000000000000018 -0.1 0.0
0.20000000000000018 -0.1 0.0
0.20000000000000018 -0.1 0.0
0.20000000000000018 -0.1 0.0
0.20000000000000018 -0.1 0.0
0.20000000000000018 -0.1 0.0
0.20000000000000018 -0.1 0.0
0.20000000000000018 -0.1 0.0
0.20000000000000018 -0.1 0.0
0.20000000000000018 -0.1 0.0
0.20000000000000018 -0.1 0.0
0.20000000000000018 -0.1 0.0
0.20000000000000018 -0.1 0.0
0.20000000000000018 -0.1 0.0
0.20000000000000018 -0.1 0.0
0.20000000000000018 -0.1 0.0
0.20000000000000018 -0.1 0.0
0.20000000000000018 -0.1 0.0
0.20000000000000018 -0.1 0.0
0.20000000000000018 -0.1 0.0
0.20000000000000018 -0.1 0.0
0.20000000000000018 -0.1 0.0
0.20000000000000018 -0.1 0.0
0.20000000000000018 -0.1 0.0
0.20000000000000018 -0.1 0.0
0.20000000000000018 -0.1 0.0
0.20000000000000018 -0.1 0.0
0.20000000000000018 -0.1 0.0
0.20000000000000018 -0.1 0.0
0.20000000000000018 -0.1 0.0
0.20000000000000018 -0.1 0.0
0.20000000000000018 -0.1 0.0
0.20000000000000018 -0.1 0.0
0.20000000000000018 -0.1 0.0
0.20000000000000018 -0.1 0.0
0.20000000000000018 -0.1 0.0
0.20000000000000018 -0.1 0.0
0.20000000000000018 -0.1 0.0
0.20000000000000018 -0.1 0.0
0.20000000000000018 -0.1 0.0
0.20000000000000018 -0.1 0.0
0.20000000000000018 -0.1 0.0
0.20000000000000018 -0.1 0.0
0.20000000000000018 -0.1 0.0
0.20000000000000018 -0.1 0.0
0.20000000000000018 -0.1 0.0
0.20000000000000018 -0.1 0.0
0.20000000000000018 -0.1 0.0
0.20000000000000018 -0.1 0.0
0.20000000000000018 -0.1 0.0
0.20000000000000018 -0.1 0.0
0.20000000000000018 -0.1 0.0
0.20000000000000018 -0.1 0.0
0.20000000000000018 -0.1 0.0
0.20000000000000018 -0.1 0.0
0.20000000000000018 -0.1 0.0
0.20000000000000018 -0.1 0.0
0.20000000000000018 -0.1 0.0
0.20000000000000018 -0.1 0.0
0.20000000000000018 -0.1 0.0
0.20000000000000018 -0.1 0.0
0.20000000000000018 -0.1 0.0
0.20000000000000018 -0.1 0.0
0.20000000000000018 -0.1 0.0
0.20000000000000018 -0.1 0.0
0.20000000000000018 -0.1 0.0
0.20000000000000018 -0.1 0.0
0.20000000000000018 -0.1 0.0
0.20000000000000018 -0.1 0.0
0.20000000000000018 -0.1 0.0
0.20000000000000018 -0.1 0.0
0.20000000000000018 -0.1 0.0
0.20000000000000018 -0.1 0.0
0.20000000000000018 -0.1 0.0
0.20000000000000018 -0.1 0.0
0.20000000000000018 -0.1 0.0
0.20000000000000018 -0.1 0.0
0.20000000000000018 -0.1 0.0
0.20000000000000018 -0.1 0.0
0.20000000000000018 -0.1 0.0
0.20000000000000018 -0.1 0.0
0.20000000000000018 -0.1 0.0
0.20000000000000018 -0.1 0.0
0.20000000000000018 -0.1 0.0
0.20000000000000018 -0.1 0.0
0.20000000000000018 -0.1 0.0
0.20000000000000018 -0.1 0.0
0.20000000000000018 -0.1 0.0
0.20000000000000018 -0.1 0.0
0.20000000000000018 -0.1 0.0
0.20000000000000018 -0.1 0.0
0.20000000000000018 -0.1 0.0
0.20000000000000018 -0.1 0.0
0.20000000000000018 -0.1 0.0
0.20000000000000018 -0.1 0.0
0.20000000000000018 -0.1 0.0
0.20000000000000018 -0.1 0.0
0.20000000000000018 -0.1 0.0
0.20000000000000018 -0.1 0.0
0.20000000000000018 -0.1 0.0
0.20000000000000018 -0.1 0.0
0.200121282798834 -0.1 6.345356101624323e-05
0.2004804664723034 -0.1 0.0002465106205747605
0.20107055393586024 -0.1 0.0005384556434818824
0.20188454810495646 -0.1 0.000928892961266139
0.20291545189504392 -0.1 0.001407746772178259
0.20415626822157454 -0.1 0.00196526114119117
0.20560000000000017 -0.1 0.0025919999999999997
0.20723965014577278 -0.1 0.003278847147022074
0.2090682215743442 -0.1 0.004017006247396917
0.21107871720116636 -0.1 0.004798000832986255
0.21326413994169116 -0.1 0.00561367430237401
0.21561749271137046 -0.1 0.006456189920866304
0.21813177842565618 -0.1 0.007318030820491461
0.2208000000000002 -0.1 0.008192
0.22361516034985443 -0.1 0.00907122032486464
0.22657026239067074 -0.1 0.009949134527280298
0.22965830903790108 -0.1 0.010819505206164096
0.23287230320699728 -0.1 0.01167641482715535
0.2362052478134113 -0.1 0.012514265722615575
0.23965014577259497 -0.1 0.013327780091628487
0.2432000000000002 -0.1 0.014112
0.24684781341107895 -0.1 0.014862287380258223
0.25058658892128305 -0.1 0.015574324031653479
0.25440932944606437 -0.1 0.016244111620158264
0.25830903790087484 -0.1 0.016867971678467306
0.2622787172011664 -0.1 0.0174425456059975
0.26631137026239093 -0.1 0.01796479466888796
0.27040000000000025 -0.1 0.018431999999999997
0.27453760932944626 -0.1 0.01884176259891711
0.278717201166181 -0.1 0.019192003331945026
0.2829317784256562 -0.1 0.01948096293211162
0.28717434402332387 -0.1 0.019707201999167007
0.29143790087463584 -0.1 0.0198696009995835
0.295715451895044 -0.1 0.019967360266555594
0.30000000000000027 -0.1 0.01999999999999999
0.30428454810495653 -0.1 0.0199673602665556
0.3085620991253647 -0.1 0.0198696009995835
0.31282565597667666 -0.1 0.019707201999167007
0.31706822157434433 -0.1 0.0194809629321116
0.32128279883381955 -0.1 0.019192003331945026
0.3254623906705542 -0.1 0.018841762598917122
0.3296000000000003 -0.1 0.018432000000000004
0.3336886297376096 -0.1 0.01796479466888795
0.3377212827988341 -0.1 0.017442545605997506
0.34169096209912564 -0.1 0.01686797167846729
0.34559067055393616 -0.1 0.016244111620158264
0.3494134110787175 -0.1 0.015574324031653486
0.3531521865889216 -0.1 0.014862287380258216
0.35680000000000034 -0.1 0.014112000000000013
0.3603498542274055 -0.1 0.013327780091628494
0.3637947521865892 -0.1 0.012514265722615547
0.36712769679300317 -0.1 0.01167641482715534
0.37034169096209946 -0.1 0.01081950520616412
0.37342973760932974 -0.1 0.009949134527280301
0.3763848396501461 -0.1 0.009071220324864626
0.3792000000000003 -0.1 0.008192000000000005
0.3818682215743444 -0.1 0.007318030820491456
0.38438250728863 -0.1 0.006456189920866273
0.3867358600583093 -0.1 0.005613674302374
0.3889212827988341 -0.1 0.004798000832986288
0.39093177842565624 -0.1 0.004017006247396898
0.3927603498542277 -0.1 0.0032788471470220903
0.3944000000000003 -0.1 0.0025920000000000387
0.39584373177842597 -0.1 0.001965261141191166
0.3970845481049566 -0.1 0.0014077467721782533
0.3981154518950441 -0.1 0.0009288929612661367
0.39892944606414027 -0.1 0.0005384556434818721
0.3995195335276971 -0.1 0.00024651062057473583
0.39987871720116647 -0.1 6.345356101622457e-05
0.40000000000000036 -0.1 0.0
0.40000000000000036 -0.1 0.0
0.40000000000000036 -0.1 0.0
0.40000000000000036 -0.1 0.0
0.40000000000000036 -0.1 0.0
0.40000000000000036 -0.1 0.0
0.40000000000000036 -0.1 0.0
0.40000000000000036 -0.1 0.0
0.40000000000000036 -0.1 0.0
0.40000000000000036 -0.1 0.0
0.40000000000000036 -0.1 0.0
0.40000000000000036 -0.1 0.0
0.40000000000000036 -0.1 0.0
0.40000000000000036 -0.1 0.0
0.40000000000000036 -0.1 0.0
0.40000000000000036 -0.1 0.0
0.40000000000000036 -0.1 0.0
0.40000000000000036 -0.1 0.0
0.40000000000000036 -0.1 0.0
0.40000000000000036 -0.1 0.0
0.40000000000000036 -0.1 0.0
0.40000000000000036 -0.1 0.0
0.40000000000000036 -0.1 0.0
0.40000000000000036 -0.1 0.0
0.40000000000000036 -0.1 0.0
0.40000000000000036 -0.1 0.0
0.40000000000000036 -0.1 0.0
0.40000000000000036 -0.1 0.0
0.40000000000000036 -0.1 0.0
0.40000000000000036 -0.1 0.0
0.40000000000000036 -0.1 0.0
0.40000000000000036 -0.1 0.0
0.40000000000000036 -0.1 0.0
0.40000000000000036 -0.1 0.0
0.40000000000000036 -0.1 0.0
0.40000000000000036 -0.1 0.0
0.40000000000000036 -0.1 0.0
0.40000000000000036 -0.1 0.0
0.40000000000000036 -0.1 0.0
0.40000000000000036 -0.1 0.0
0.40000000000000036 -0.1 0.0
0.40000000000000036 -0.1 0.0
0.40000000000000036 -0.1 0.0
0.40000000000000036 -0.1 0.0
0.40000000000000036 -0.1 0.0
0.40000000000000036 -0.1 0.0
0.40000000000000036 -0.1 0.0
0.40000000000000036 -0.1 0.0
0.40000000000000036 -0.1 0.0
0.40000000000000036 -0.1 0.0
0.40000000000000036 -0.1 0.0
0.40000000000000036 -0.1 0.0
0.40000000000000036 -0.1 0.0
0.40000000000000036 -0.1 0.0
0.40000000000000036 -0.1 0.0
0.40000000000000036 -0.1 0.0
0.40000000000000036 -0.1 0.0
0.40000000000000036 -0.1 0.0
0.40000000000000036 -0.1 0.0
0.40000000000000036 -0.1 0.0
0.40000000000000036 -0.1 0.0
0.40000000000000036 -0.1 0.0
0.40000000000000036 -0.1 0.0
0.40000000000000036 -0.1 0.0
0.40000000000000036 -0.1 0.0
0.40000000000000036 -0.1 0.0
0.40000000000000036 -0.1 0.0
0.40000000000000036 -0.1 0.0
0.40000000000000036 -0.1 0.0
0.40000000000000036 -0.1 0.0
0.40000000000000036 -0.1 0.0
0.40000000000000036 -0.1 0.0
0.40000000000000036 -0.1 0.0
0.40000000000000036 -0.1 0.0
0.40000000000000036 -0.1 0.0
0.40000000000000036 -0.1 0.0
0.40000000000000036 -0.1 0.0
0.40000000000000036 -0.1 0.0
0.40000000000000036 -0.1 0.0
0.40000000000000036 -0.1 0.0
0.40000000000000036 -0.1 0.0
0.40000000000000036 -0.1 0.0
0.40000000000000036 -0.1 0.0
0.40000000000000036 -0.1 0.0
0.40000000000000036 -0.1 0.0
0.40000000000000036 -0.1 0.0
0.40000000000000036 -0.1 0.0
0.40000000000000036 -0.1 0.0
0.40000000000000036 -0.1 0.0
0.40000000000000036 -0.1 0.0
0.40000000000000036 -0.1 0.0
0.40000000000000036 -0.1 0.0
0.40000000000000036 -0.1 0.0
0.40000000000000036 -0.1 0.0
0.40000000000000036 -0.1 0.0
0.40000000000000036 -0.1 0.0
0.40000000000000036 -0.1 0.0
0.40000000000000036 -0.1 0.0
0.40000000000000036 -0.1 0.0
0.40000000000000036 -0.1 0.0
0.40000000000000036 -0.1 0.0
0.40000000000000036 -0.1 0.0
0.40000000000000036 -0.1 0.0
0.40000000000000036 -0.1 0.0
0.40000000000000036 -0.1 0.0
0.40000000000000036 -0.1 0.0
0.40000000000000036 -0.1 0.0
0.40000000000000036 -0.1 0.0
0.40000000000000036 -0.1 0.0
0.40000000000000036 -0.1 0.0
0.40000000000000036 -0.1 0.0
0.40000000000000036 -0.1 0.0
0.40000000000000036 -0.1 0.0
0.40000000000000036 -0.1 0.0
0.40000000000000036 -0.1 0.0
0.40000000000000036 -0.1 0.0
0.40000000000000036 -0.1 0.0
0.40000000000000036 -0.1 0.0
0.40000000000000036 -0.1 0.0
0.40000000000000036 -0.1 0.0
0.40000000000000036 -0.1 0.0
0.40000000000000036 -0.1 0.0
0.40000000000000036 -0.1 0.0
0.40000000000000036 -0.1 0.0
0.40000000000000036 -0.1 0.0
0.40000000000000036 -0.1 0.0
0.40000000000000036 -0.1 0.0
0.40000000000000036 -0.1 0.0
0.40000000000000036 -0.1 0.0
0.40000000000000036 -0.1 0.0
0.40000000000000036 -0.1 0.0
0.4001212827988342 -0.1 6.345356101624323e-05
0.40048046647230356 -0.1 0.0002465106205747605
0.40107055393586044 -0.1 0.0005384556434818824
0.4018845481049566 -0.1 0.000928892961266139
0.4029154518950441 -0.1 0.001407746772178259
0.4041562682215747 -0.1 0.00196526114119117
0.40560000000000035 -0.1 0.0025919999999999997
0.40723965014577296 -0.1 0.003278847147022074
0.4090682215743444 -0.1 0.004017006247396917
0.41107871720116657 -0.1 0.004798000832986255
0.4132641399416913 -0.1 0.00561367430237401
0.4156174927113706 -0.1 0.006456189920866304
0.41813177842565635 -0.1 0.007318030820491461
0.4208000000000004 -0.1 0.008192
0.4236151603498546 -0.1 0.00907122032486464
0.4265702623906709 -0.1 0.009949134527280298
0.42965830903790125 -0.1 0.010819505206164096
0.4328723032069975 -0.1 0.01167641482715535
0.43620524781341147 -0.1 0.012514265722615575
0.43965014577259515 -0.1 0.013327780091628487
0.44320000000000037 -0.1 0.014112
0.4468478134110791 -0.1 0.014862287380258223
0.4505865889212832 -0.1 0.015574324031653479
0.45440932944606455 -0.1 0.016244111620158264
0.458309037900875 -0.1 0.016867971678467306
0.4622787172011666 -0.1 0.0174425456059975
0.4663113702623911 -0.1 0.01796479466888796
0.47040000000000043 -0.1 0.018431999999999997
0.47453760932944644 -0.1 0.01884176259891711
0.47871720116618116 -0.1 0.019192003331945026
0.4829317784256564 -0.1 0.01948096293211162
0.48717434402332405 -0.1 0.019707201999167007
0.491437900874636 -0.1 0.0198696009995835
0.4957154518950442 -0.1 0.019967360266555594
0.5000000000000004 -0.1 0.01999999999999999
0.5042845481049567 -0.1 0.0199673602665556
0.5085620991253649 -0.1 0.0198696009995835
0.5128256559766768 -0.1 0.019707201999167007
0.5170682215743445 -0.1 0.0194809629321116
0.5212827988338197 -0.1 0.019192003331945026
0.5254623906705544 -0.1 0.018841762598917122
0.5296000000000005 -0.1 0.018432000000000004
0.5336886297376098 -0.1 0.01796479466888795
0.5377212827988342 -0.1 0.017442545605997506
0.5416909620991258 -0.1 0.01686797167846729
0.5455906705539364 -0.1 0.016244111620158264
0.5494134110787177 -0.1 0.015574324031653486
0.5531521865889217 -0.1 0.014862287380258216
0.5568000000000005 -0.1 0.014112000000000013
0.5603498542274057 -0.1 0.013327780091628494
0.5637947521865894 -0.1 0.012514265722615547
0.5671276967930033 -0.1 0.01167641482715534
0.5703416909620996 -0.1 0.01081950520616412
0.5734297376093299 -0.1 0.009949134527280301
0.5763848396501463 -0.1 0.009071220324864626
0.5792000000000005 -0.1 0.008192000000000005
0.5818682215743446 -0.1 0.007318030820491456
0.5843825072886302 -0.1 0.006456189920866273
0.5867358600583095 -0.1 0.005613674302374
0.5889212827988343 -0.1 0.004798000832986288
0.5909317784256565 -0.1 0.004017006247396898
0.5927603498542279 -0.1 0.0032788471470220903
0.5944000000000005 -0.1 0.0025920000000000387
0.5958437317784262 -0.1 0.001965261141191166
0.5970845481049567 -0.1 0.0014077467721782533
0.5981154518950442 -0.1 0.0009288929612661367
0.5989294460641404 -0.1 0.0005384556434818721
0.5995195335276973 -0.1 0.00024651062057473583
0.5998787172011666 -0.1 6.345356101622457e-05
0.6000000000000005 -0.1 0.0
0.6000000000000005 -0.1 0.0
0.6000000000000005 -0.1 0.0
0.6000000000000005 -0.1 0.0
0.6000000000000005 -0.1 0.0
0.6000000000000005 -0.1 0.0
0.6000000000000005 -0.1 0.0
0.6000000000000005 -0.1 0.0
0.6000000000000005 -0.1 0.0
0.6000000000000005 -0.1 0.0
0.6000000000000005 -0.1 0.0
0.6000000000000005 -0.1 0.0
0.6000000000000005 -0.1 0.0
0.6000000000000005 -0.1 0.0
0.6000000000000005 -0.1 0.0
0.6000000000000005 -0.1 0.0
0.6000000000000005 -0.1 0.0
0.6000000000000005 -0.1 0.0
0.6000000000000005 -0.1 0.0
0.6000000000000005 -0.1 0.0
0.6000000000000005 -0.1 0.0
0.6000000000000005 -0.1 0.0
0.6000000000000005 -0.1 0.0
0.6000000000000005 -0.1 0.0
0.6000000000000005 -0.1 0.0
0.6000000000000005 -0.1 0.0
0.6000000000000005 -0.1 0.0
0.6000000000000005 -0.1 0.0
0.6000000000000005 -0.1 0.0
0.6000000000000005 -0.1 0.0
0.6000000000000005 -0.1 0.0
0.6000000000000005 -0.1 0.0
0.6000000000000005 -0.1 0.0
0.6000000000000005 -0.1 0.0
0.6000000000000005 -0.1 0.0
0.6000000000000005 -0.1 0.0
0.6000000000000005 -0.1 0.0
0.6000000000000005 -0.1 0.0
0.6000000000000005 -0.1 0.0
0.6000000000000005 -0.1 0.0
0.6000000000000005 -0.1 0.0
0.6000000000000005 -0.1 0.0
0.6000000000000005 -0.1 0.0
0.6000000000000005 -0.1 0.0
0.6000000000000005 -0.1 0.0
0.6000000000000005 -0.1 0.0
0.6000000000000005 -0.1 0.0
0.6000000000000005 -0.1 0.0
0.6000000000000005 -0.1 0.0
0.6000000000000005 -0.1 0.0
0.6000000000000005 -0.1 0.0
0.6000000000000005 -0.1 0.0
0.6000000000000005 -0.1 0.0
0.6000000000000005 -0.1 0.0
0.6000000000000005 -0.1 0.0
0.6000000000000005 -0.1 0.0
0.6000000000000005 -0.1 0.0
0.6000000000000005 -0.1 0.0
0.6000000000000005 -0.1 0.0
0.6000000000000005 -0.1 0.0
0.6000000000000005 -0.1 0.0
0.6000000000000005 -0.1 0.0
0.6000000000000005 -0.1 0.0
0.6000000000000005 -0.1 0.0
0.6000000000000005 -0.1 0.0
0.6000000000000005 -0.1 0.0
0.6000000000000005 -0.1 0.0
0.6000000000000005 -0.1 0.0
0.6000000000000005 -0.1 0.0
0.6000000000000005 -0.1 0.0
0.6000000000000005 -0.1 0.0
0.6000000000000005 -0.1 0.0
0.6000000000000005 -0.1 0.0
0.6000000000000005 -0.1 0.0
0.6000000000000005 -0.1 0.0
0.6000000000000005 -0.1 0.0
0.6000000000000005 -0.1 0.0
0.6000000000000005 -0.1 0.0
0.6000000000000005 -0.1 0.0
0.6000000000000005 -0.1 0.0
0.6000000000000005 -0.1 0.0
0.6000000000000005 -0.1 0.0
0.6000000000000005 -0.1 0.0
0.6000000000000005 -0.1 0.0
0.6000000000000005 -0.1 0.0
0.6000000000000005 -0.1 0.0
0.6000000000000005 -0.1 0.0
0.6000000000000005 -0.1 0.0
0.6000000000000005 -0.1 0.0
0.6000000000000005 -0.1 0.0
0.6000000000000005 -0.1 0.0
0.6000000000000005 -0.1 0.0
0.6000000000000005 -0.1 0.0
0.6000000000000005 -0.1 0.0
0.6000000000000005 -0.1 0.0
0.6000000000000005 -0.1 0.0
0.6000000000000005 -0.1 0.0
0.6000000000000005 -0.1 0.0
0.6000000000000005 -0.1 0.0
0.6000000000000005 -0.1 0.0
0.6000000000000005 -0.1 0.0
0.6000000000000005 -0.1 0.0
0.6000000000000005 -0.1 0.0
0.6000000000000005 -0.1 0.0
0.6000000000000005 -0.1 0.0
0.6000000000000005 -0.1 0.0
0.6000000000000005 -0.1 0.0
0.6000000000000005 -0.1 0.0
0.6000000000000005 -0.1 0.0
0.6000000000000005 -0.1 0.0
0.6000000000000005 -0.1 0.0
0.6000000000000005 -0.1 0.0
0.6000000000000005 -0.1 0.0
0.6000000000000005 -0.1 0.0
0.6000000000000005 -0.1 0.0
0.6000000000000005 -0.1 0.0
0.6000000000000005 -0.1 0.0
0.6000000000000005 -0.1 0.0
0.6000000000000005 -0.1 0.0
0.6000000000000005 -0.1 0.0
0.6000000000000005 -0.1 0.0
0.6000000000000005 -0.1 0.0
0.6000000000000005 -0.1 0.0
0.6000000000000005 -0.1 0.0
0.6000000000000005 -0.1 0.0
0.6000000000000005 -0.1 0.0
0.6000000000000005 -0.1 0.0
0.6000000000000005 -0.1 0.0
0.6000000000000005 -0.1 0.0
0.6000000000000005 -0.1 0.0
0.6000000000000005 -0.1 0.0
0.6001212827988344 -0.1 6.345356101624323e-05
0.6004804664723037 -0.1 0.0002465106205747605
0.6010705539358606 -0.1 0.0005384556434818824
0.6018845481049568 -0.1 0.000928892961266139
0.6029154518950443 -0.1 0.001407746772178259
0.6041562682215749 -0.1 0.00196526114119117
0.6056000000000006 -0.1 0.0025919999999999997
0.6072396501457731 -0.1 0.003278847147022074
0.6090682215743446 -0.1 0.004017006247396917
0.6110787172011667 -0.1 0.004798000832986255
0.6132641399416915 -0.1 0.00561367430237401
0.6156174927113708 -0.1 0.006456189920866304
0.6181317784256565 -0.1 0.007318030820491461
0.6208000000000006 -0.1 0.008192
0.6236151603498548 -0.1 0.00907122032486464
0.6265702623906712 -0.1 0.009949134527280298
0.6296583090379014 -0.1 0.010819505206164096
0.6328723032069976 -0.1 0.01167641482715535
0.6362052478134117 -0.1 0.012514265722615575
0.6396501457725953 -0.1 0.013327780091628487
0.6432000000000005 -0.1 0.014112
0.6468478134110793 -0.1 0.014862287380258223
0.6505865889212834 -0.1 0.015574324031653479
0.6544093294460647 -0.1 0.016244111620158264
0.6583090379008752 -0.1 0.016867971678467306
0.6622787172011668 -0.1 0.0174425456059975
0.6663113702623913 -0.1 0.01796479466888796
0.6704000000000006 -0.1 0.018431999999999997
0.6745376093294466 -0.1 0.01884176259891711
0.6787172011661814 -0.1 0.019192003331945026
0.6829317784256566 -0.1 0.01948096293211162
0.6871743440233242 -0.1 0.019707201999167007
0.6914379008746362 -0.1 0.0198696009995835
0.6957154518950444 -0.1 0.019967360266555594
0.7000000000000006 -0.1 0.01999999999999999
0.7042845481049569 -0.1 0.0199673602665556
0.708562099125365 -0.1 0.0198696009995835
0.712825655976677 -0.1 0.019707201999167007
0.7170682215743447 -0.1 0.0194809629321116
0.7212827988338198 -0.1 0.019192003331945026
0.7254623906705546 -0.1 0.018841762598917122
0.7296000000000007 -0.1 0.018432000000000004
0.73368862973761 -0.1 0.01796479466888795
0.7377212827988344 -0.1 0.017442545605997506
0.741690962099126 -0.1 0.01686797167846729
0.7455906705539366 -0.1 0.016244111620158264
0.7494134110787178 -0.1 0.015574324031653486
0.7531521865889219 -0.1 0.014862287380258216
0.7568000000000007 -0.1 0.014112000000000013
0.7603498542274059 -0.1 0.013327780091628494
0.7637947521865895 -0.1 0.012514265722615547
0.7671276967930035 -0.1 0.01167641482715534
0.7703416909620998 -0.1 0.01081950520616412
0.7734297376093301 -0.1 0.009949134527280301
0.7763848396501465 -0.1 0.009071220324864626
0.7792000000000007 -0.1 0.008192000000000005
0.7818682215743448 -0.1 0.007318030820491456
0.7843825072886303 -0.1 0.006456189920866273
0.7867358600583096 -0.1 0.005613674302374
0.7889212827988344 -0.1 0.004798000832986288
0.7909317784256567 -0.1 0.004017006247396898
0.792760349854228 -0.1 0.0032788471470220903
0.7944000000000007 -0.1 0.0025920000000000387
0.7958437317784264 -0.1 0.001965261141191166
0.7970845481049569 -0.1 0.0014077467721782533
0.7981154518950444 -0.1 0.0009288929612661367
0.7989294460641406 -0.1 0.0005384556434818721
0.7995195335276974 -0.1 0.00024651062057473583
0.7998787172011668 -0.1 6.345356101622457e-05
0.8000000000000007 -0.1 0.0
0.8000000000000007 -0.1 0.0
0.8000000000000007 -0.1 0.0
0.8000000000000007 -0.1 0.0
0.8000000000000007 -0.1 0.0
0.8000000000000007 -0.1 0.0
0.8000000000000007 -0.1 0.0
0.8000000000000007 -0.1 0.0
0.8000000000000007 -0.1 0.0
0.8000000000000007 -0.1 0.0
0.8000000000000007 -0.1 0.0
0.8000000000000007 -0.1 0.0
0.8000000000000007 -0.1 0.0
0.8000000000000007 -0.1 0.0
0.8000000000000007 -0.1 0.0
0.8000000000000007 -0.1 0.0
0.8000000000000007 -0.1 0.0
0.8000000000000007 -0.1 0.0
0.8000000000000007 -0.1 0.0
0.8000000000000007 -0.1 0.0
0.8000000000000007 -0.1 0.0
0.8000000000000007 -0.1 0.0
0.8000000000000007 -0.1 0.0
0.8000000000000007 -0.1 0.0
0.8000000000000007 -0.1 0.0
0.8000000000000007 -0.1 0.0
0.8000000000000007 -0.1 0.0
0.8000000000000007 -0.1 0.0
0.8000000000000007 -0.1 0.0
0.8000000000000007 -0.1 0.0
0.8000000000000007 -0.1 0.0
0.8000000000000007 -0.1 0.0
0.8000000000000007 -0.1 0.0
0.8000000000000007 -0.1 0.0
0.8000000000000007 -0.1 0.0
0.8000000000000007 -0.1 0.0
0.8000000000000007 -0.1 0.0
0.8000000000000007 -0.1 0.0
0.8000000000000007 -0.1 0.0
0.8000000000000007 -0.1 0.0
0.8000000000000007 -0.1 0.0
0.8000000000000007 -0.1 0.0
0.8000000000000007 -0.1 0.0
0.8000000000000007 -0.1 0.0
0.8000000000000007 -0.1 0.0
0.8000000000000007 -0.1 0.0
0.8000000000000007 -0.1 0.0
0.8000000000000007 -0.1 0.0
0.8000000000000007 -0.1 0.0
0.8000000000000007 -0.1 0.0
0.8000000000000007 -0.1 0.0
0.8000000000000007 -0.1 0.0
0.8000000000000007 -0.1 0.0
0.8000000000000007 -0.1 0.0
0.8000000000000007 -0.1 0.0
0.8000000000000007 -0.1 0.0
0.8000000000000007 -0.1 0.0
0.8000000000000007 -0.1 0.0
0.8000000000000007 -0.1 0.0
0.8000000000000007 -0.1 0.0
0.8000000000000007 -0.1 0.0
0.8000000000000007 -0.1 0.0
0.8000000000000007 -0.1 0.0
0.8000000000000007 -0.1 0.0
0.8000000000000007 -0.1 0.0
0.8000000000000007 -0.1 0.0
0.8000000000000007 -0.1 0.0
0.8000000000000007 -0.1 0.0
0.8000000000000007 -0.1 0.0
0.8000000000000007 -0.1 0.0
0.8000000000000007 -0.1 0.0
0.8000000000000007 -0.1 0.0
0.8000000000000007 -0.1 0.0
0.8000000000000007 -0.1 0.0
0.8000000000000007 -0.1 0.0
0.8000000000000007 -0.1 0.0
0.8000000000000007 -0.1 0.0
0.8000000000000007 -0.1 0.0
0.8000000000000007 -0.1 0.0
0.8000000000000007 -0.1 0.0
0.8000000000000007 -0.1 0.0
0.8000000000000007 -0.1 0.0
0.8000000000000007 -0.1 0.0
0.8000000000000007 -0.1 0.0
0.8000000000000007 -0.1 0.0
0.8000000000000007 -0.1 0.0
0.8000000000000007 -0.1 0.0
0.8000000000000007 -0.1 0.0
0.8000000000000007 -0.1 0.0
0.8000000000000007 -0.1 0.0
0.8000000000000007 -0.1 0.0
0.8000000000000007 -0.1 0.0
0.8000000000000007 -0.1 0.0
0.8000000000000007 -0.1 0.0
0.8000000000000007 -0.1 0.0
0.8000000000000007 -0.1 0.0
0.8000000000000007 -0.1 0.0
0.8000000000000007 -0.1 0.0
0.8000000000000007 -0.1 0.0
0.8000000000000007 -0.1 0.0
0.8000000000000007 -0.1 0.0
0.8000000000000007 -0.1 0.0
0.8000000000000007 -0.1 0.0
0.8000000000000007 -0.1 0.0
0.8000000000000007 -0.1 0.0
0.8000000000000007 -0.1 0.0
0.8000000000000007 -0.1 0.0
0.8000000000000007 -0.1 0.0
0.8000000000000007 -0.1 0.0
0.8000000000000007 -0.1 0.0
0.8000000000000007 -0.1 0.0
0.8000000000000007 -0.1 0.0
0.8000000000000007 -0.1 0.0
0.8000000000000007 -0.1 0.0
0.8000000000000007 -0.1 0.0
0.8000000000000007 -0.1 0.0
0.8000000000000007 -0.1 0.0
0.8000000000000007 -0.1 0.0
0.8000000000000007 -0.1 0.0
0.8000000000000007 -0.1 0.0
0.8000000000000007 -0.1 0.0
0.8000000000000007 -0.1 0.0
0.8000000000000007 -0.1 0.0
0.8000000000000007 -0.1 0.0
0.8000000000000007 -0.1 0.0
0.8000000000000007 -0.1 0.0
0.8000000000000007 -0.1 0.0
0.8000000000000007 -0.1 0.0
0.8000000000000007 -0.1 0.0
0.8000000000000007 -0.1 0.0
0.8000000000000007 -0.1 0.0
0.8001212827988345 -0.1 6.345356101624323e-05
0.8004804664723039 -0.1 0.0002465106205747605
0.8010705539358608 -0.1 0.0005384556434818824
0.801884548104957 -0.1 0.000928892961266139
0.8029154518950444 -0.1 0.001407746772178259
0.804156268221575 -0.1 0.00196526114119117
0.8056000000000008 -0.1 0.0025919999999999997
0.8072396501457733 -0.1 0.003278847147022074
0.8090682215743448 -0.1 0.004017006247396917
0.8110787172011669 -0.1 0.004798000832986255
0.8132641399416917 -0.1 0.00561367430237401
0.815617492711371 -0.1 0.006456189920866304
0.8181317784256567 -0.1 0.007318030820491461
0.8208000000000008 -0.1 0.008192
0.8236151603498549 -0.1 0.00907122032486464
0.8265702623906713 -0.1 0.009949134527280298
0.8296583090379016 -0.1 0.010819505206164096
0.8328723032069978 -0.1 0.01167641482715535
0.8362052478134119 -0.1 0.012514265722615575
0.8396501457725954 -0.1 0.013327780091628487
0.8432000000000007 -0.1 0.014112
0.8468478134110795 -0.1 0.014862287380258223
0.8505865889212836 -0.1 0.015574324031653479
0.8544093294460648 -0.1 0.016244111620158264
0.8583090379008754 -0.1 0.016867971678467306
0.862278717201167 -0.1 0.0174425456059975
0.8663113702623915 -0.1 0.01796479466888796
0.8704000000000007 -0.1 0.018431999999999997
0.8745376093294468 -0.1 0.01884176259891711
0.8787172011661816 -0.1 0.019192003331945026
0.8829317784256567 -0.1 0.01948096293211162
0.8871743440233244 -0.1 0.019707201999167007
0.8914379008746364 -0.1 0.0198696009995835
0.8957154518950445 -0.1 0.019967360266555594
0.9000000000000008 -0.1 0.01999999999999999
0.9042845481049571 -0.1 0.0199673602665556
0.9085620991253652 -0.1 0.0198696009995835
0.9128256559766772 -0.1 0.019707201999167007
0.9170682215743449 -0.1 0.0194809629321116
0.92128279883382 -0.1 0.019192003331945026
0.9254623906705548 -0.1 0.018841762598917122
0.9296000000000009 -0.1 0.018432000000000004
0.9336886297376101 -0.1 0.01796479466888795
0.9377212827988346 -0.1 0.017442545605997506
0.9416909620991262 -0.1 0.01686797167846729
0.9455906705539368 -0.1 0.016244111620158264
0.949413411078718 -0.1 0.015574324031653486
0.9531521865889221 -0.1 0.014862287380258216
0.9568000000000009 -0.1 0.014112000000000013
0.960349854227406 -0.1 0.013327780091628494
0.9637947521865897 -0.1 0.012514265722615547
0.9671276967930037 -0.1 0.01167641482715534
0.9703416909621 -0.1 0.01081950520616412
0.9734297376093303 -0.1 0.009949134527280301
0.9763848396501467 -0.1 0.009071220324864626
0.9792000000000008 -0.1 0.008192000000000005
0.981868221574345 -0.1 0.007318030820491456
0.9843825072886305 -0.1 0.006456189920866273
0.9867358600583098 -0.1 0.005613674302374
0.9889212827988346 -0.1 0.004798000832986288
0.9909317784256568 -0.1 0.004017006247396898
0.9927603498542282 -0.1 0.0032788471470220903
0.9944000000000008 -0.1 0.0025920000000000387
0.9958437317784266 -0.1 0.001965261141191166
0.9970845481049571 -0.1 0.0014077467721782533
0.9981154518950446 -0.1 0.0009288929612661367
0.9989294460641408 -0.1 0.0005384556434818721
0.9995195335276976 -0.1 0.00024651062057473583
0.9998787172011669 -0.1 6.345356101622457e-05
1.0000000000000009 -0.1 0.0
1.0000000000000009 -0.1 0.0
1.0000000000000009 -0.1 0.0
1.0000000000000009 -0.1 0.0
1.0000000000000009 -0.1 0.0
1.0000000000000009 -0.1 0.0
1.0000000000000009 -0.1 0.0
1.0000000000000009 -0.1 0.0
1.0000000000000009 -0.1 0.0
1.0000000000000009 -0.1 0.0
1.0000000000000009 -0.1 0.0
1.0000000000000009 -0.1 0.0
1.0000000000000009 -0.1 0.0
1.0000000000000009 -0.1 0.0
1.0000000000000009 -0.1 0.0
1.0000000000000009 -0.1 0.0
1.0000000000000009 -0.1 0.0
1.0000000000000009 -0.1 0.0
1.0000000000000009 -0.1 0.0
1.0000000000000009 -0.1 0.0
1.0000000000000009 -0.1 0.0
1.0000000000000009 -0.1 0.0
1.0000000000000009 -0.1 0.0
1.0000000000000009 -0.1 0.0
1.0000000000000009 -0.1 0.0
1.0000000000000009 -0.1 0.0
1.0000000000000009 -0.1 0.0
1.0000000000000009 -0.1 0.0
1.0000000000000009 -0.1 0.0
1.0000000000000009 -0.1 0.0
1.0000000000000009 -0.1 0.0
1.0000000000000009 -0.1 0.0
1.0000000000000009 -0.1 0.0
1.0000000000000009 -0.1 0.0
1.0000000000000009 -0.1 0.0
1.0000000000000009 -0.1 0.0
1.0000000000000009 -0.1 0.0
1.0000000000000009 -0.1 0.0
1.0000000000000009 -0.1 0.0
1.0000000000000009 -0.1 0.0
1.0000000000000009 -0.1 0.0
1.0000000000000009 -0.1 0.0
1.0000000000000009 -0.1 0.0
1.0000000000000009 -0.1 0.0
1.0000000000000009 -0.1 0.0
1.0000000000000009 -0.1 0.0
1.0000000000000009 -0.1 0.0
1.0000000000000009 -0.1 0.0
1.0000000000000009 -0.1 0.0
1.0000000000000009 -0.1 0.0
1.0000000000000009 -0.1 0.0
1.0000000000000009 -0.1 0.0
1.0000000000000009 -0.1 0.0
1.0000000000000009 -0.1 0.0
1.0000000000000009 -0.1 0.0
1.0000000000000009 -0.1 0.0
1.0000000000000009 -0.1 0.0
1.0000000000000009 -0.1 0.0
1.0000000000000009 -0.1 0.0
1.0000000000000009 -0.1 0.0
1.0000000000000009 -0.1 0.0
1.0000000000000009 -0.1 0.0
1.0000000000000009 -0.1 0.0
1.0000000000000009 -0.1 0.0
1.0000000000000009 -0.1 0.0
1.0000000000000009 -0.1 0.0
1.0000000000000009 -0.1 0.0
1.0000000000000009 -0.1 0.0
1.0000000000000009 -0.1 0.0
1.0000000000000009 -0.1 0.0
1.0000000000000009 -0.1 0.0
1.0000000000000009 -0.1 0.0
1.0000000000000009 -0.1 0.0
1.0000000000000009 -0.1 0.0
1.0000000000000009 -0.1 0.0
1.0000000000000009 -0.1 0.0
1.0000000000000009 -0.1 0.0
1.0000000000000009 -0.1 0.0
1.0000000000000009 -0.1 0.0
1.0000000000000009 -0.1 0.0
1.0000000000000009 -0.1 0.0
1.0000000000000009 -0.1 0.0
1.0000000000000009 -0.1 0.0
1.0000000000000009 -0.1 0.0
1.0000000000000009 -0.1 0.0
1.0000000000000009 -0.1 0.0
1.0000000000000009 -0.1 0.0
1.0000000000000009 -0.1 0.0
1.0000000000000009 -0.1 0.0
1.0000000000000009 -0.1 0.0
1.0000000000000009 -0.1 0.0
1.0000000000000009 -0.1 0.0
1.0000000000000009 -0.1 0.0
1.0000000000000009 -0.1 0.0
1.0000000000000009 -0.1 0.0
1.0000000000000009 -0.1 0.0
1.0000000000000009 -0.1 0.0
1.0000000000000009 -0.1 0.0
1.0000000000000009 -0.1 0.0
1.0000000000000009 -0.1 0.0
1.0000000000000009 -0.1 0.0
1.0000000000000009 -0.1 0.0
1.0000000000000009 -0.1 0.0
1.0000000000000009 -0.1 0.0
1.0000000000000009 -0.1 0.0
1.0000000000000009 -0.1 0.0
1.0000000000000009 -0.1 0.0
1.0000000000000009 -0.1 0.0
1.0000000000000009 -0.1 0.0
1.0000000000000009 -0.1 0.0
1.0000000000000009 -0.1 0.0
1.0000000000000009 -0.1 0.0
1.0000000000000009 -0.1 0.0
1.0000000000000009 -0.1 0.0
1.0000000000000009 -0.1 0.0
1.0000000000000009 -0.1 0.0
1.0000000000000009 -0.1 0.0
1.0000000000000009 -0.1 0.0
1.0000000000000009 -0.1 0.0
1.0000000000000009 -0.1 0.0
1.0000000000000009 -0.1 0.0
1.0000000000000009 -0.1 0.0
1.0000000000000009 -0.1 0.0
1.0000000000000009 -0.1 0.0
1.0000000000000009 -0.1 0.0
1.0000000000000009 -0.1 0.0
1.0000000000000009 -0.1 0.0
1.0000000000000009 -0.1 0.0
1.0000000000000009 -0.1 0.0
1.0000000000000009 -0.1 0.0
1.0000000000000009 -0.1 0.0
1.0001212827988346 -0.1 6.345356101624323e-05
1.0004804664723042 -0.1 0.0002465106205747605
1.0010705539358609 -0.1 0.0005384556434818824
1.001884548104957 -0.1 0.000928892961266139
1.0029154518950443 -0.1 0.001407746772178259
1.0041562682215748 -0.1 0.00196526114119117
1.0056000000000003 -0.1 0.0025919999999999997
1.0072396501457728 -0.1 0.003278847147022074
1.0090682215743438 -0.1 0.004017006247396917
1.011078717201166 -0.1 0.004798000832986255
1.0132641399416904 -0.1 0.00561367430237401
1.0156174927113695 -0.1 0.006456189920866304
1.018131778425655 -0.1 0.007318030820491461
1.0207999999999986 -0.1 0.008192
1.0236151603498524 -0.1 0.00907122032486464
1.0265702623906685 -0.1 0.009949134527280298
1.0296583090378986 -0.1 0.010819505206164096
1.0328723032069944 -0.1 0.01167641482715535
1.036205247813408 -0.1 0.012514265722615575
1.0396501457725913 -0.1 0.013327780091628487
1.0431999999999961 -0.1 0.014112
1.0468478134110744 -0.1 0.014862287380258223
1.0505865889212782 -0.1 0.015574324031653479
1.054409329446059 -0.1 0.016244111620158264
1.058309037900869 -0.1 0.016867971678467306
1.0622787172011603 -0.1 0.0174425456059975
1.0663113702623843 -0.1 0.01796479466888796
1.0703999999999931 -0.1 0.018431999999999997
1.0745376093294388 -0.1 0.01884176259891711
1.078717201166173 -0.1 0.019192003331945026
1.0829317784256478 -0.1 0.01948096293211162
1.0871743440233148 -0.1 0.019707201999167007
1.0914379008746264 -0.1 0.0198696009995835
1.095715451895034 -0.1 0.019967360266555594
1.0999999999999899 -0.1 0.01999999999999999
1.1042845481049457 -0.1 0.0199673602665556
1.1085620991253533 -0.1 0.0198696009995835
1.112825655976665 -0.1 0.019707201999167007
1.117068221574332 -0.1 0.0194809629321116
1.1212827988338068 -0.1 0.019192003331945026
1.125462390670541 -0.1 0.018841762598917122
1.1295999999999866 -0.1 0.018432000000000004
1.1336886297375954 -0.1 0.01796479466888795
1.1377212827988195 -0.1 0.017442545605997506
1.1416909620991107 -0.1 0.01686797167846729
1.1455906705539207 -0.1 0.016244111620158264
1.1494134110787015 -0.1 0.015574324031653486
1.1531521865889054 -0.1 0.014862287380258216
1.1567999999999836 -0.1 0.014112000000000013
1.1603498542273885 -0.1 0.013327780091628494
1.1637947521865717 -0.1 0.012514265722615547
1.1671276967929853 -0.1 0.01167641482715534
1.1703416909620812 -0.1 0.01081950520616412
1.1734297376093112 -0.1 0.009949134527280301
1.1763848396501273 -0.1 0.009071220324864626
1.1791999999999812 -0.1 0.008192000000000005
1.1818682215743248 -0.1 0.007318030820491456
1.1843825072886103 -0.1 0.006456189920866273
1.1867358600582893 -0.1 0.005613674302374
1.1889212827988138 -0.1 0.004798000832986288
1.1909317784256357 -0.1 0.004017006247396898
1.192760349854207 -0.1 0.0032788471470220903
1.1943999999999795 -0.1 0.0025920000000000387
1.195843731778405 -0.1 0.001965261141191166
1.1970845481049355 -0.1 0.0014077467721782533
1.1981154518950228 -0.1 0.0009288929612661367
1.1989294460641189 -0.1 0.0005384556434818721
1.1995195335276756 -0.1 0.00024651062057473583
1.199878717201145 -0.1 6.345356101622457e-05
1.1999999999999789 -0.1 0.0
1.1999999999999789 -0.1 0.0
1.1999999999999789 -0.1 0.0
1.1999999999999789 -0.1 0.0
1.1999999999999789 -0.1 0.0
1.1999999999999789 -0.1 0.0
1.1999999999999789 -0.1 0.0
1.1999999999999789 -0.1 0.0
1.1999999999999789 -0.1 0.0
1.1999999999999789 -0.1 0.0
1.1999999999999789 -0.1 0.0
1.1999999999999789 -0.1 0.0
1.1999999999999789 -0.1 0.0
1.1999999999999789 -0.1 0.0
1.1999999999999789 -0.1 0.0
1.1999999999999789 -0.1 0.0
1.1999999999999789 -0.1 0.0
1.1999999999999789 -0.1 0.0
1.1999999999999789 -0.1 0.0
1.1999999999999789 -0.1 0.0
1.1999999999999789 -0.1 0.0
1.1999999999999789 -0.1 0.0
1.1999999999999789 -0.1 0.0
1.1999999999999789 -0.1 0.0
1.1999999999999789 -0.1 0.0
1.1999999999999789 -0.1 0.0
1.1999999999999789 -0.1 0.0
1.1999999999999789 -0.1 0.0
1.1999999999999789 -0.1 0.0
1.1999999999999789 -0.1 0.0
1.1999999999999789 -0.1 0.0
1.1999999999999789 -0.1 0.0
1.1999999999999789 -0.1 0.0
1.1999999999999789 -0.1 0.0
1.1999999999999789 -0.1 0.0
1.1999999999999789 -0.1 0.0
1.1999999999999789 -0.1 0.0
1.1999999999999789 -0.1 0.0
1.1999999999999789 -0.1 0.0
1.1999999999999789 -0.1 0.0
1.1999999999999789 -0.1 0.0
1.1999999999999789 -0.1 0.0
1.1999999999999789 -0.1 0.0
1.1999999999999789 -0.1 0.0
1.1999999999999789 -0.1 0.0
1.1999999999999789 -0.1 0.0
1.1999999999999789 -0.1 0.0
1.1999999999999789 -0.1 0.0
1.1999999999999789 -0.1 0.0
1.1999999999999789 -0.1 0.0
1.1999999999999789 -0.1 0.0
1.1999999999999789 -0.1 0.0
1.1999999999999789 -0.1 0.0
1.1999999999999789 -0.1 0.0
1.1999999999999789 -0.1 0.0
1.1999999999999789 -0.1 0.0
1.1999999999999789 -0.1 0.0
1.1999999999999789 -0.1 0.0
1.1999999999999789 -0.1 0.0
1.1999999999999789 -0.1 0.0
1.1999999999999789 -0.1 0.0
1.1999999999999789 -0.1 0.0
1.1999999999999789 -0.1 0.0
1.1999999999999789 -0.1 0.0
1.1999999999999789 -0.1 0.0
1.1999999999999789 -0.1 0.0
1.1999999999999789 -0.1 0.0
1.1999999999999789 -0.1 0.0
1.1999999999999789 -0.1 0.0
1.1999999999999789 -0.1 0.0
1.1999999999999789 -0.1 0.0
1.1999999999999789 -0.1 0.0
1.1999999999999789 -0.1 0.0
1.1999999999999789 -0.1 0.0
1.1999999999999789 -0.1 0.0
1.1999999999999789 -0.1 0.0
1.1999999999999789 -0.1 0.0
1.1999999999999789 -0.1 0.0
1.1999999999999789 -0.1 0.0
1.1999999999999789 -0.1 0.0
1.1999999999999789 -0.1 0.0
1.1999999999999789 -0.1 0.0
1.1999999999999789 -0.1 0.0
1.1999999999999789 -0.1 0.0
1.1999999999999789 -0.1 0.0
1.1999999999999789 -0.1 0.0
1.1999999999999789 -0.1 0.0
1.1999999999999789 -0.1 0.0
1.1999999999999789 -0.1 0.0
1.1999999999999789 -0.1 0.0
1.1999999999999789 -0.1 0.0
1.1999999999999789 -0.1 0.0
1.1999999999999789 -0.1 0.0
1.1999999999999789 -0.1 0.0
1.1999999999999789 -0.1 0.0
1.1999999999999789 -0.1 0.0
1.1999999999999789 -0.1 0.0
1.1999999999999789 -0.1 0.0
1.1999999999999789 -0.1 0.0
1.1999999999999789 -0.1 0.0
1.1999999999999789 -0.1 0.0
1.1999999999999789 -0.1 0.0
1.1999999999999789 -0.1 0.0
1.1999999999999789 -0.1 0.0
1.1999999999999789 -0.1 0.0
1.1999999999999789 -0.1 0.0
1.1999999999999789 -0.1 0.0
1.1999999999999789 -0.1 0.0
1.1999999999999789 -0.1 0.0
1.1999999999999789 -0.1 0.0
1.1999999999999789 -0.1 0.0
1.1999999999999789 -0.1 0.0
1.1999999999999789 -0.1 0.0
1.1999999999999789 -0.1 0.0
1.1999999999999789 -0.1 0.0
1.1999999999999789 -0.1 0.0
1.1999999999999789 -0.1 0.0
1.1999999999999789 -0.1 0.0
1.1999999999999789 -0.1 0.0
1.1999999999999789 -0.1 0.0
1.1999999999999789 -0.1 0.0
1.1999999999999789 -0.1 0.0
1.1999999999999789 -0.1 0.0
1.1999999999999789 -0.1 0.0
1.1999999999999789 -0.1 0.0
1.1999999999999789 -0.1 0.0
1.1999999999999789 -0.1 0.0
1.1999999999999789 -0.1 0.0
1.1999999999999789 -0.1 0.0
1.1999999999999789 -0.1 0.0
1.1999999999999789 -0.1 0.0
1.2001819241982297 -0.1 6.345356101624323e-05
1.2007206997084336 -0.1 0.0002465106205747605
1.201605830903769 -0.1 0.0005384556434818824
1.2028268221574132 -0.1 0.000928892961266139
1.2043731778425444 -0.1 0.001407746772178259
1.2062344023323401 -0.1 0.00196526114119117
1.2083999999999786 -0.1 0.0025919999999999997
1.2108594752186375 -0.1 0.003278847147022074
1.2136023323614944 -0.1 0.004017006247396917
1.2166180758017275 -0.1 0.004798000832986255
1.2198962099125146 -0.1 0.00561367430237401
1.2234262390670334 -0.1 0.006456189920866304
1.227197667638462 -0.1 0.007318030820491461
1.2311999999999776 -0.1 0.008192
1.2354227405247589 -0.1 0.00907122032486464
1.2398553935859833 -0.1 0.009949134527280298
1.2444874635568286 -0.1 0.010819505206164096
1.2493084548104727 -0.1 0.01167641482715535
1.2543078717200935 -0.1 0.012514265722615575
1.259475218658869 -0.1 0.013327780091628487
1.2647999999999766 -0.1 0.014112
1.2702717201165945 -0.1 0.014862287380258223
1.2758798833819003 -0.1 0.015574324031653479
1.281613994169072 -0.1 0.016244111620158264
1.2874635568512875 -0.1 0.016867971678467306
1.2934180758017249 -0.1 0.0174425456059975
1.2994670553935612 -0.1 0.01796479466888796
1.305599999999975 -0.1 0.018431999999999997
1.3118064139941439 -0.1 0.01884176259891711
1.3180758017492458 -0.1 0.019192003331945026
1.3243976676384583 -0.1 0.01948096293211162
1.3307615160349595 -0.1 0.019707201999167007
1.3371568513119272 -0.1 0.0198696009995835
1.3435731778425393 -0.1 0.019967360266555594
1.3499999999999734 -0.1 0.01999999999999999
1.3564268221574076 -0.1 0.0199673602665556
1.3628431486880195 -0.1 0.0198696009995835
1.3692384839649874 -0.1 0.019707201999167007
1.3756023323614885 -0.1 0.0194809629321116
1.3819241982507011 -0.1 0.019192003331945026
1.388193586005803 -0.1 0.018841762598917122
1.3943999999999719 -0.1 0.018432000000000004
1.4005329446063857 -0.1 0.01796479466888795
1.406581924198222 -0.1 0.017442545605997506
1.4125364431486591 -0.1 0.01686797167846729
1.4183860058308748 -0.1 0.016244111620158264
1.4241201166180466 -0.1 0.015574324031653486
1.4297282798833524 -0.1 0.014862287380258216
1.4351999999999703 -0.1 0.014112000000000013
1.440524781341078 -0.1 0.013327780091628494
1.4456921282798534 -0.1 0.012514265722615547
1.4506915451894742 -0.1 0.01167641482715534
1.4555125364431183 -0.1 0.01081950520616412
1.4601446064139636 -0.1 0.009949134527280301
1.4645772594751878 -0.1 0.009071220324864626
1.4687999999999692 -0.1 0.008192000000000005
1.4728023323614852 -0.1 0.007318030820491456
1.4765737609329133 -0.1 0.006456189920866273
1.480103790087432 -0.1 0.005613674302374
1.4833819241982193 -0.1 0.004798000832986288
1.4863976676384523 -0.1 0.004017006247396898
1.4891405247813094 -0.1 0.0032788471470220903
1.4915999999999683 -0.1 0.0025920000000000387
1.4937655976676067 -0.1 0.001965261141191166
1.4956268221574025 -0.1 0.0014077467721782533
1.4971731778425337 -0.1 0.0009288929612661367
1.498394169096178 -0.1 0.0005384556434818721
1.499279300291513 -0.1 0.00024651062057473583
1.4998180758017172 -0.1 6.345356101622457e-05
1.499999999999968 -0.1 0.0
1.499999999999968 -0.1 0.0
1.499999999999968 -0.1 0.0
1.499999999999968 -0.1 0.0
1.499999999999968 -0.1 0.0
1.499999999999968 -0.1 0.0
1.499999999999968 -0.1 0.0
1.499999999999968 -0.1 0.0
1.499999999999968 -0.1 0.0
1.499999999999968 -0.1 0.0
1.499999999999968 -0.1 0.0
1.499999999999968 -0.1 0.0
1.499999999999968 -0.1 0.0
1.499999999999968 -0.1 0.0
1.499999999999968 -0.1 0.0
1.499999999999968 -0.1 0.0
1.499999999999968 -0.1 0.0
1.499999999999968 -0.1 0.0
1.499999999999968 -0.1 0.0
1.499999999999968 -0.1 0.0
1.499999999999968 -0.1 0.0
1.499999999999968 -0.1 0.0
1.499999999999968 -0.1 0.0
1.499999999999968 -0.1 0.0
1.499999999999968 -0.1 0.0
1.499999999999968 -0.1 0.0
1.499999999999968 -0.1 0.0
1.499999999999968 -0.1 0.0
1.499999999999968 -0.1 0.0
1.499999999999968 -0.1 0.0
1.499999999999968 -0.1 0.0
1.499999999999968 -0.1 0.0
1.499999999999968 -0.1 0.0
1.499999999999968 -0.1 0.0
1.499999999999968 -0.1 0.0
1.499999999999968 -0.1 0.0
1.499999999999968 -0.1 0.0
1.499999999999968 -0.1 0.0
1.499999999999968 -0.1 0.0
1.499999999999968 -0.1 0.0
1.499999999999968 -0.1 0.0
1.499999999999968 -0.1 0.0
1.499999999999968 -0.1 0.0
1.499999999999968 -0.1 0.0
1.499999999999968 -0.1 0.0
1.499999999999968 -0.1 0.0
1.499999999999968 -0.1 0.0
1.499999999999968 -0.1 0.0
1.499999999999968 -0.1 0.0
1.499999999999968 -0.1 0.0
1.499999999999968 -0.1 0.0
1.499999999999968 -0.1 0.0
1.499999999999968 -0.1 0.0
1.499999999999968 -0.1 0.0
1.499999999999968 -0.1 0.0
1.499999999999968 -0.1 0.0
1.499999999999968 -0.1 0.0
1.499999999999968 -0.1 0.0
1.499999999999968 -0.1 0.0
1.499999999999968 -0.1 0.0
1.499999999999968 -0.1 0.0
1.499999999999968 -0.1 0.0
1.499999999999968 -0.1 0.0
1.499999999999968 -0.1 0.0
1.499999999999968 -0.1 0.0
1.499999999999968 -0.1 0.0
1.499999999999968 -0.1 0.0
1.499999999999968 -0.1 0.0
1.499999999999968 -0.1 0.0
1.499999999999968 -0.1 0.0
1.499999999999968 -0.1 0.0
1.499999999999968 -0.1 0.0
1.499999999999968 -0.1 0.0
1.499999999999968 -0.1 0.0
1.499999999999968 -0.1 0.0
1.499999999999968 -0.1 0.0
1.499999999999968 -0.1 0.0
1.499999999999968 -0.1 0.0
1.499999999999968 -0.1 0.0
1.499999999999968 -0.1 0.0
1.499999999999968 -0.1 0.0
1.499999999999968 -0.1 0.0
1.499999999999968 -0.1 0.0
1.499999999999968 -0.1 0.0
1.499999999999968 -0.1 0.0
1.499999999999968 -0.1 0.0
1.499999999999968 -0.1 0.0
1.499999999999968 -0.1 0.0
1.499999999999968 -0.1 0.0
1.499999999999968 -0.1 0.0
1.499999999999968 -0.1 0.0
1.499999999999968 -0.1 0.0
1.499999999999968 -0.1 0.0
1.499999999999968 -0.1 0.0
1.499999999999968 -0.1 0.0
1.499999999999968 -0.1 0.0
1.499999999999968 -0.1 0.0
1.499999999999968 -0.1 0.0
1.499999999999968 -0.1 0.0
1.499999999999968 -0.1 0.0
1.499999999999968 -0.1 0.0
1.499999999999968 -0.1 0.0
1.499999999999968 -0.1 0.0
1.499999999999968 -0.1 0.0
1.499999999999968 -0.1 0.0
1.499999999999968 -0.1 0.0
1.499999999999968 -0.1 0.0
1.499999999999968 -0.1 0.0
1.499999999999968 -0.1 0.0
1.499999999999968 -0.1 0.0
1.499999999999968 -0.1 0.0
1.499999999999968 -0.1 0.0
1.499999999999968 -0.1 0.0
1.499999999999968 -0.1 0.0
1.499999999999968 -0.1 0.0
1.499999999999968 -0.1 0.0
1.499999999999968 -0.1 0.0
1.499999999999968 -0.1 0.0
1.499999999999968 -0.1 0.0
1.499999999999968 -0.1 0.0
1.499999999999968 -0.1 0.0
1.499999999999968 -0.1 0.0
1.499999999999968 -0.1 0.0
1.499999999999968 -0.1 0.0
1.499999999999968 -0.1 0.0
1.499999999999968 -0.1 0.0
1.499999999999968 -0.1 0.0
1.499999999999968 -0.1 0.0
1.499999999999968 -0.1 0.0
1.499999999999968 -0.1 0.0
1.499999999999968 -0.1 0.0
1.5002425655976357 -0.1 6.345356101624323e-05
1.5009609329445743 -0.1 0.0002465106205747605
1.5021411078716882 -0.1 0.0005384556434818824
1.5037690962098806 -0.1 0.000928892961266139
1.5058309037900555 -0.1 0.001407746772178259
1.5083125364431167 -0.1 0.00196526114119117
1.5111999999999681 -0.1 0.0025919999999999997
1.5144793002915131 -0.1 0.003278847147022074
1.5181364431486561 -0.1 0.004017006247396917
1.5221574344023003 -0.1 0.004798000832986255
1.52652827988335 -0.1 0.00561367430237401
1.5312349854227085 -0.1 0.006456189920866304
1.53626355685128 -0.1 0.007318030820491461
1.541599999999968 -0.1 0.008192
1.5472303206996765 -0.1 0.00907122032486464
1.5531405247813093 -0.1 0.009949134527280298
1.5593166180757698 -0.1 0.010819505206164096
1.5657446064139622 -0.1 0.01167641482715535
1.5724104956267904 -0.1 0.012514265722615575
1.5793002915451575 -0.1 0.013327780091628487
1.586399999999968 -0.1 0.014112
1.5936956268221256 -0.1 0.014862287380258223
1.6011731778425338 -0.1 0.015574324031653479
1.6088186588920963 -0.1 0.016244111620158264
1.6166180758017175 -0.1 0.016867971678467306
1.6245574344023006 -0.1 0.0174425456059975
1.6326227405247495 -0.1 0.01796479466888796
1.640799999999968 -0.1 0.018431999999999997
1.6490752186588602 -0.1 0.01884176259891711
1.6574344023323297 -0.1 0.019192003331945026
1.66586355685128 -0.1 0.01948096293211162
1.6743486880466154 -0.1 0.019707201999167007
1.6828758017492393 -0.1 0.0198696009995835
1.6914309037900557 -0.1 0.019967360266555594
1.6999999999999682 -0.1 0.01999999999999999
1.7085690962098807 -0.1 0.0199673602665556
1.717124198250697 -0.1 0.0198696009995835
1.725651311953321 -0.1 0.019707201999167007
1.7341364431486563 -0.1 0.0194809629321116
1.7425655976676067 -0.1 0.019192003331945026
1.7509247813410762 -0.1 0.018841762598917122
1.7591999999999683 -0.1 0.018432000000000004
1.7673772594751869 -0.1 0.01796479466888795
1.7754425655976358 -0.1 0.017442545605997506
1.783381924198219 -0.1 0.01686797167846729
1.79118134110784 -0.1 0.016244111620158264
1.7988268221574026 -0.1 0.015574324031653486
1.8063043731778108 -0.1 0.014862287380258216
1.8135999999999683 -0.1 0.014112000000000013
1.8206997084547787 -0.1 0.013327780091628494
1.827589504373146 -0.1 0.012514265722615547
1.834255393585974 -0.1 0.01167641482715534
1.8406833819241666 -0.1 0.01081950520616412
1.8468594752186271 -0.1 0.009949134527280301
1.85276967930026 -0.1 0.009071220324864626
1.8583999999999683 -0.1 0.008192000000000005
1.8637364431486565 -0.1 0.007318030820491456
1.8687650145772277 -0.1 0.006456189920866273
1.8734717201165862 -0.1 0.005613674302374
1.8778425655976358 -0.1 0.004798000832986288
1.8818635568512803 -0.1 0.004017006247396898
1.885520699708423 -0.1 0.0032788471470220903
1.8887999999999683 -0.1 0.0025920000000000387
1.8916874635568197 -0.1 0.001965261141191166
1.8941690962098807 -0.1 0.0014077467721782533
1.8962309037900558 -0.1 0.0009288929612661367
1.8978588921282482 -0.1 0.0005384556434818721
1.8990390670553619 -0.1 0.00024651062057473583
1.8997574344023005 -0.1 6.345356101622457e-05
1.8999999999999684 -0.1 0.0
1.8999999999999684 -0.1 0.0
1.8999999999999684 -0.1 0.0
1.8999999999999684 -0.1 0.0
1.8999999999999684 -0.1 0.0
1.8999999999999684 -0.1 0.0
1.8999999999999684 -0.1 0.0
1.8999999999999684 -0.1 0.0
1.8999999999999684 -0.1 0.0
1.8999999999999684 -0.1 0.0
1.8999999999999684 -0.1 0.0
1.8999999999999684 -0.1 0.0
1.8999999999999684 -0.1 0.0
1.8999999999999684 -0.1 0.0
1.8999999999999684 -0.1 0.0
1.8999999999999684 -0.1 0.0
1.8999999999999684 -0.1 0.0
1.8999999999999684 -0.1 0.0
1.8999999999999684 -0.1 0.0
1.8999999999999684 -0.1 0.0
1.8999999999999684 -0.1 0.0
1.8999999999999684 -0.1 0.0
1.8999999999999684 -0.1 0.0
1.8999999999999684 -0.1 0.0
1.8999999999999684 -0.1 0.0
1.8999999999999684 -0.1 0.0
1.8999999999999684 -0.1 0.0
1.8999999999999684 -0.1 0.0
1.8999999999999684 -0.1 0.0
1.8999999999999684 -0.1 0.0
1.8999999999999684 -0.1 0.0
1.8999999999999684 -0.1 0.0
1.8999999999999684 -0.1 0.0
1.8999999999999684 -0.1 0.0
1.8999999999999684 -0.1 0.0
1.8999999999999684 -0.1 0.0
1.8999999999999684 -0.1 0.0
1.8999999999999684 -0.1 0.0
1.8999999999999684 -0.1 0.0
1.8999999999999684 -0.1 0.0
1.8999999999999684 -0.1 0.0
1.8999999999999684 -0.1 0.0
1.8999999999999684 -0.1 0.0
1.8999999999999684 -0.1 0.0
1.8999999999999684 -0.1 0.0
1.8999999999999684 -0.1 0.0
1.8999999999999684 -0.1 0.0
1.8999999999999684 -0.1 0.0
1.8999999999999684 -0.1 0.0
1.8999999999999684 -0.1 0.0
1.8999999999999684 -0.1 0.0
1.8999999999999684 -0.1 0.0
1.8999999999999684 -0.1 0.0
1.8999999999999684 -0.1 0.0
1.8999999999999684 -0.1 0.0
1.8999999999999684 -0.1 0.0
1.8999999999999684 -0.1 0.0
1.8999999999999684 -0.1 0.0
1.8999999999999684 -0.1 0.0
1.8999999999999684 -0.1 0.0
1.8999999999999684 -0.1 0.0
1.8999999999999684 -0.1 0.0
1.8999999999999684 -0.1 0.0
1.8999999999999684 -0.1 0.0
1.8999999999999684 -0.1 0.0
1.8999999999999684 -0.1 0.0
1.8999999999999684 -0.1 0.0
1.8999999999999684 -0.1 0.0
1.8999999999999684 -0.1 0.0
1.8999999999999684 -0.1 0.0
1.8999999999999684 -0.1 0.0
1.8999999999999684 -0.1 0.0
1.8999999999999684 -0.1 0.0
1.8999999999999684 -0.1 0.0
1.8999999999999684 -0.1 0.0
1.8999999999999684 -0.1 0.0
1.8999999999999684 -0.1 0.0
1.8999999999999684 -0.1 0.0
1.8999999999999684 -0.1 0.0
1.8999999999999684 -0.1 0.0
1.8999999999999684 -0.1 0.0
1.8999999999999684 -0.1 0.0
1.8999999999999684 -0.1 0.0
1.8999999999999684 -0.1 0.0
1.8999999999999684 -0.1 0.0
1.8999999999999684 -0.1 0.0
1.8999999999999684 -0.1 0.0
1.8999999999999684 -0.1 0.0
1.8999999999999684 -0.1 0.0
1.8999999999999684 -0.1 0.0
1.8999999999999684 -0.1 0.0
1.8999999999999684 -0.1 0.0
1.8999999999999684 -0.1 0.0
1.8999999999999684 -0.1 0.0
1.8999999999999684 -0.1 0.0
1.8999999999999684 -0.1 0.0
1.8999999999999684 -0.1 0.0
1.8999999999999684 -0.1 0.0
1.8999999999999684 -0.1 0.0
1.8999999999999684 -0.1 0.0
1.8999999999999684 -0.1 0.0
1.8999999999999684 -0.1 0.0
1.8999999999999684 -0.1 0.0
1.8999999999999684 -0.1 0.0
1.8999999999999684 -0.1 0.0
1.8999999999999684 -0.1 0.0
1.8999999999999684 -0.1 0.0
1.8999999999999684 -0.1 0.0
1.8999999999999684 -0.1 0.0
1.8999999999999684 -0.1 0.0
1.8999999999999684 -0.1 0.0
1.8999999999999684 -0.1 0.0
1.8999999999999684 -0.1 0.0
1.8999999999999684 -0.1 0.0
1.8999999999999684 -0.1 0.0
1.8999999999999684 -0.1 0.0
1.8999999999999684 -0.1 0.0
1.8999999999999684 -0.1 0.0
1.8999999999999684 -0.1 0.0
1.8999999999999684 -0.1 0.0
1.8999999999999684 -0.1 0.0
1.8999999999999684 -0.1 0.0
1.8999999999999684 -0.1 0.0
1.8999999999999684 -0.1 0.0
1.8999999999999684 -0.1 0.0
1.8999999999999684 -0.1 0.0
1.8999999999999684 -0.1 0.0
1.8999999999999684 -0.1 0.0
1.8999999999999684 -0.1 0.0
1.8999999999999684 -0.1 0.0
1.8999999999999684 -0.1 0.0
1.900242565597636 -0.1 6.345356101624323e-05
1.9009609329445747 -0.1 0.0002465106205747605
1.9021411078716883 -0.1 0.0005384556434818824
1.9037690962098806 -0.1 0.000928892961266139
1.9058309037900554 -0.1 0.001407746772178259
1.9083125364431164 -0.1 0.00196526114119117
1.9111999999999674 -0.1 0.0025919999999999997
1.9144793002915124 -0.1 0.003278847147022074
1.918136443148655 -0.1 0.004017006247396917
1.922157434402299 -0.1 0.004798000832986255
1.926528279883348 -0.1 0.00561367430237401
1.9312349854227064 -0.1 0.006456189920866304
1.9362635568512774 -0.1 0.007318030820491461
1.941599999999965 -0.1 0.008192
1.9472303206996728 -0.1 0.00907122032486464
1.9531405247813052 -0.1 0.009949134527280298
1.9593166180757653 -0.1 0.010819505206164096
1.9657446064139572 -0.1 0.01167641482715535
1.9724104956267845 -0.1 0.012514265722615575
1.9793002915451514 -0.1 0.013327780091628487
1.9863999999999613 -0.1 0.014112
1.9936956268221182 -0.1 0.014862287380258223
2.0011731778425257 -0.1 0.015574324031653479
2.0088186588920878 -0.1 0.016244111620158264
2.016618075801708 -0.1 0.016867971678467306
2.0245574344022903 -0.1 0.0174425456059975
2.032622740524739 -0.1 0.01796479466888796
2.040799999999957 -0.1 0.018431999999999997
2.049075218658848 -0.1 0.01884176259891711
2.057434402332317 -0.1 0.019192003331945026
2.0658635568512667 -0.1 0.01948096293211162
2.074348688046601 -0.1 0.019707201999167007
2.0828758017492244 -0.1 0.0198696009995835
2.09143090379004 -0.1 0.019967360266555594
2.0999999999999517 -0.1 0.01999999999999999
2.1085690962098638 -0.1 0.0199673602665556
2.1171241982506794 -0.1 0.0198696009995835
2.1256513119533027 -0.1 0.019707201999167007
2.134136443148637 -0.1 0.0194809629321116
2.142565597667587 -0.1 0.019192003331945026
2.1509247813410557 -0.1 0.018841762598917122
2.159199999999947 -0.1 0.018432000000000004
2.167377259475165 -0.1 0.01796479466888795
2.1754425655976135 -0.1 0.017442545605997506
2.1833819241981955 -0.1 0.01686797167846729
2.191181341107816 -0.1 0.016244111620158264
2.198826822157378 -0.1 0.015574324031653486
2.206304373177786 -0.1 0.014862287380258216
2.2135999999999427 -0.1 0.014112000000000013
2.2206997084547524 -0.1 0.013327780091628494
2.2275895043731193 -0.1 0.012514265722615547
2.2342553935859466 -0.1 0.01167641482715534
2.2406833819241383 -0.1 0.01081950520616412
2.2468594752185984 -0.1 0.009949134527280301
2.252769679300231 -0.1 0.009071220324864626
2.2583999999999387 -0.1 0.008192000000000005
2.2637364431486264 -0.1 0.007318030820491456
2.2687650145771974 -0.1 0.006456189920866273
2.2734717201165555 -0.1 0.005613674302374
2.277842565597605 -0.1 0.004798000832986288
2.2818635568512486 -0.1 0.004017006247396898
2.2855206997083912 -0.1 0.0032788471470220903
2.288799999999936 -0.1 0.0025920000000000387
2.291687463556787 -0.1 0.001965261141191166
2.294169096209848 -0.1 0.0014077467721782533
2.2962309037900233 -0.1 0.0009288929612661367
2.2978588921282155 -0.1 0.0005384556434818721
2.299039067055329 -0.1 0.00024651062057473583
2.2997574344022675 -0.1 6.345356101622457e-05
2.2999999999999354 -0.1 0.0
2.2999999999999354 -0.1 0.0
2.2999999999999354 -0.1 0.0
2.2999999999999354 -0.1 0.0
2.2999999999999354 -0.1 0.0
2.2999999999999354 -0.1 0.0
2.2999999999999354 -0.1 0.0
2.2999999999999354 -0.1 0.0
2.2999999999999354 -0.1 0.0
2.2999999999999354 -0.1 0.0
2.2999999999999354 -0.1 0.0
2.2999999999999354 -0.1 0.0
2.2999999999999354 -0.1 0.0
2.2999999999999354 -0.1 0.0
2.2999999999999354 -0.1 0.0
2.2999999999999354 -0.1 0.0
2.2999999999999354 -0.1 0.0
2.2999999999999354 -0.1 0.0
2.2999999999999354 -0.1 0.0
2.2999999999999354 -0.1 0.0
2.2999999999999354 -0.1 0.0
2.2999999999999354 -0.1 0.0
2.2999999999999354 -0.1 0.0
2.2999999999999354 -0.1 0.0
2.2999999999999354 -0.1 0.0
2.2999999999999354 -0.1 0.0
2.2999999999999354 -0.1 0.0
2.2999999999999354 -0.1 0.0
2.2999999999999354 -0.1 0.0
2.2999999999999354 -0.1 0.0
2.2999999999999354 -0.1 0.0
2.2999999999999354 -0.1 0.0
2.2999999999999354 -0.1 0.0
2.2999999999999354 -0.1 0.0
2.2999999999999354 -0.1 0.0
2.2999999999999354 -0.1 0.0
2.2999999999999354 -0.1 0.0
2.2999999999999354 -0.1 0.0
2.2999999999999354 -0.1 0.0
2.2999999999999354 -0.1 0.0
2.2999999999999354 -0.1 0.0
2.2999999999999354 -0.1 0.0
2.2999999999999354 -0.1 0.0
2.2999999999999354 -0.1 0.0
2.2999999999999354 -0.1 0.0
2.2999999999999354 -0.1 0.0
2.2999999999999354 -0.1 0.0
2.2999999999999354 -0.1 0.0
2.2999999999999354 -0.1 0.0
2.2999999999999354 -0.1 0.0
2.2999999999999354 -0.1 0.0
2.2999999999999354 -0.1 0.0
2.2999999999999354 -0.1 0.0
2.2999999999999354 -0.1 0.0
2.2999999999999354 -0.1 0.0
2.2999999999999354 -0.1 0.0
2.2999999999999354 -0.1 0.0
2.2999999999999354 -0.1 0.0
2.2999999999999354 -0.1 0.0
2.2999999999999354 -0.1 0.0
2.2999999999999354 -0.1 0.0
2.2999999999999354 -0.1 0.0
2.2999999999999354 -0.1 0.0
2.2999999999999354 -0.1 0.0
2.2999999999999354 -0.1 0.0
2.2999999999999354 -0.1 0.0
2.2999999999999354 -0.1 0.0
2.2999999999999354 -0.1 0.0
2.2999999999999354 -0.1 0.0
2.2999999999999354 -0.1 0.0
2.2999999999999354 -0.1 0.0
2.2999999999999354 -0.1 0.0
2.2999999999999354 -0.1 0.0
2.2999999999999354 -0.1 0.0
2.2999999999999354 -0.1 0.0
2.2999999999999354 -0.1 0.0
2.2999999999999354 -0.1 0.0
2.2999999999999354 -0.1 0.0
2.2999999999999354 -0.1 0.0
2.2999999999999354 -0.1 0.0
2.2999999999999354 -0.1 0.0
2.2999999999999354 -0.1 0.0
2.2999999999999354 -0.1 0.0
2.2999999999999354 -0.1 0.0
2.2999999999999354 -0.1 0.0
2.2999999999999354 -0.1 0.0
2.2999999999999354 -0.1 0.0
2.2999999999999354 -0.1 0.0
2.2999999999999354 -0.1 0.0
2.2999999999999354 -0.1 0.0
2.2999999999999354 -0.1 0.0
2.2999999999999354 -0.1 0.0
2.2999999999999354 -0.1 0.0
2.2999999999999354 -0.1 0.0
2.2999999999999354 -0.1 0.0
2.2999999999999354 -0.1 0.0
2.2999999999999354 -0.1 0.0
2.2999999999999354 -0.1 0.0
2.2999999999999354 -0.1 0.0
2.2999999999999354 -0.1 0.0
2.2999999999999354 -0.1 0.0
2.2999999999999354 -0.1 0.0
2.2999999999999354 -0.1 0.0
2.2999999999999354 -0.1 0.0
2.2999999999999354 -0.1 0.0
2.2999999999999354 -0.1 0.0
2.2999999999999354 -0.1 0.0
2.2999999999999354 -0.1 0.0
2.2999999999999354 -0.1 0.0
2.2999999999999354 -0.1 0.0
2.2999999999999354 -0.1 0.0
2.2999999999999354 -0.1 0.0
2.2999999999999354 -0.1 0.0
2.2999999999999354 -0.1 0.0
2.2999999999999354 -0.1 0.0
2.2999999999999354 -0.1 0.0
2.2999999999999354 -0.1 0.0
2.2999999999999354 -0.1 0.0
2.2999999999999354 -0.1 0.0
2.2999999999999354 -0.1 0.0
2.2999999999999354 -0.1 0.0
2.2999999999999354 -0.1 0.0
2.2999999999999354 -0.1 0.0
2.2999999999999354 -0.1 0.0
2.2999999999999354 -0.1 0.0
2.2999999999999354 -0.1 0.0
2.2999999999999354 -0.1 0.0
2.2999999999999354 -0.1 0.0
2.2999999999999354 -0.1 0.0
2.2999999999999354 -0.1 0.0
2.2999999999999354 -0.1 0.0
2.300242565597603 -0.1 6.345356101624323e-05
2.300960932944542 -0.1 0.0002465106205747605
2.3021411078716554 -0.1 0.0005384556434818824
2.3037690962098476 -0.1 0.000928892961266139
2.305830903790022 -0.1 0.001407746772178259
2.308312536443083 -0.1 0.00196526114119117
2.311199999999934 -0.1 0.0025919999999999997
2.314479300291479 -0.1 0.003278847147022074
2.3181364431486213 -0.1 0.004017006247396917
2.3221574344022655 -0.1 0.004798000832986255
2.3265282798833145 -0.1 0.00561367430237401
2.3312349854226726 -0.1 0.006456189920866304
2.3362635568512435 -0.1 0.007318030820491461
2.341599999999931 -0.1 0.008192
2.3472303206996386 -0.1 0.00907122032486464
2.3531405247812707 -0.1 0.009949134527280298
2.359316618075731 -0.1 0.010819505206164096
2.3657446064139225 -0.1 0.01167641482715535
2.3724104956267498 -0.1 0.012514265722615575
2.3793002915451162 -0.1 0.013327780091628487
2.386399999999926 -0.1 0.014112
2.3936956268220824 -0.1 0.014862287380258223
2.40117317784249 -0.1 0.015574324031653479
2.4088186588920517 -0.1 0.016244111620158264
2.4166180758016718 -0.1 0.016867971678467306
2.4245574344022542 -0.1 0.0174425456059975
2.4326227405247023 -0.1 0.01796479466888796
2.44079999999992 -0.1 0.018431999999999997
2.449075218658811 -0.1 0.01884176259891711
2.4574344023322796 -0.1 0.019192003331945026
2.4658635568512293 -0.1 0.01948096293211162
2.4743486880465633 -0.1 0.019707201999167007
2.4828758017491865 -0.1 0.0198696009995835
2.4914309037900018 -0.1 0.019967360266555594
2.4999999999999134 -0.1 0.01999999999999999
2.508569096209825 -0.1 0.0199673602665556
2.5171241982506403 -0.1 0.0198696009995835
2.5256513119532635 -0.1 0.019707201999167007
2.5341364431485975 -0.1 0.0194809629321116
2.542565597667547 -0.1 0.019192003331945026
2.5509247813410156 -0.1 0.018841762598917122
2.559199999999907 -0.1 0.018432000000000004
2.5673772594751245 -0.1 0.01796479466888795
2.5754425655975726 -0.1 0.017442545605997506
2.583381924198155 -0.1 0.01686797167846729
2.591181341107775 -0.1 0.016244111620158264
2.5988268221573367 -0.1 0.015574324031653486
2.6063043731777444 -0.1 0.014862287380258216
2.613599999999901 -0.1 0.014112000000000013
2.6206997084547106 -0.1 0.013327780091628494
2.627589504373077 -0.1 0.012514265722615547
2.6342553935859043 -0.1 0.01167641482715534
2.640683381924096 -0.1 0.01081950520616412
2.646859475218556 -0.1 0.009949134527280301
2.6527696793001883 -0.1 0.009071220324864626
2.658399999999896 -0.1 0.008192000000000005
2.6637364431485833 -0.1 0.007318030820491456
2.668765014577154 -0.1 0.006456189920866273
2.6734717201165124 -0.1 0.005613674302374
2.6778425655975613 -0.1 0.004798000832986288
2.681863556851205 -0.1 0.004017006247396898
2.6855206997083476 -0.1 0.0032788471470220903
2.6887999999998926 -0.1 0.0025920000000000387
2.6916874635567436 -0.1 0.001965261141191166
2.6941690962098046 -0.1 0.0014077467721782533
2.696230903789979 -0.1 0.0009288929612661367
2.6978588921281714 -0.1 0.0005384556434818721
2.699039067055285 -0.1 0.00024651062057473583
2.6997574344022235 -0.1 6.345356101622457e-05
2.6999999999998914 -0.1 0.0
2.6999999999998914 -0.1 0.0
2.6999999999998914 -0.1 0.0
2.6999999999998914 -0.1 0.0
2.6999999999998914 -0.1 0.0
2.6999999999998914 -0.1 0.0
2.6999999999998914 -0.1 0.0
2.6999999999998914 -0.1 0.0
2.6999999999998914 -0.1 0.0
2.6999999999998914 -0.1 0.0
2.6999999999998914 -0.1 0.0
2.6999999999998914 -0.1 0.0
2.6999999999998914 -0.1 0.0
2.6999999999998914 -0.1 0.0
2.6999999999998914 -0.1 0.0
2.6999999999998914 -0.1 0.0
2.6999999999998914 -0.1 0.0
2.6999999999998914 -0.1 0.0
2.6999999999998914 -0.1 0.0
2.6999999999998914 -0.1 0.0
2.6999999999998914 -0.1 0.0
2.6999999999998914 -0.1 0.0
2.6999999999998914 -0.1 0.0
2.6999999999998914 -0.1 0.0
2.6999999999998914 -0.1 0.0
2.6999999999998914 -0.1 0.0
2.6999999999998914 -0.1 0.0
2.6999999999998914 -0.1 0.0
2.6999999999998914 -0.1 0.0
2.6999999999998914 -0.1 0.0
2.6999999999998914 -0.1 0.0
2.6999999999998914 -0.1 0.0
2.6999999999998914 -0.1 0.0
2.6999999999998914 -0.1 0.0
2.6999999999998914 -0.1 0.0
2.6999999999998914 -0.1 0.0
2.6999999999998914 -0.1 0.0
2.6999999999998914 -0.1 0.0
2.6999999999998914 -0.1 0.0
2.6999999999998914 -0.1 0.0
2.6999999999998914 -0.1 0.0
2.6999999999998914 -0.1 0.0
2.6999999999998914 -0.1 0.0
2.6999999999998914 -0.1 0.0
2.6999999999998914 -0.1 0.0
2.6999999999998914 -0.1 0.0
2.6999999999998914 -0.1 0.0
2.6999999999998914 -0.1 0.0
2.6999999999998914 -0.1 0.0
2.6999999999998914 -0.1 0.0
2.6999999999998914 -0.1 0.0
2.6999999999998914 -0.1 0.0
2.6999999999998914 -0.1 0.0
2.6999999999998914 -0.1 0.0
2.6999999999998914 -0.1 0.0
2.6999999999998914 -0.1 0.0
2.6999999999998914 -0.1 0.0
2.6999999999998914 -0.1 0.0
2.6999999999998914 -0.1 0.0
2.6999999999998914 -0.1 0.0
2.6999999999998914 -0.1 0.0
2.6999999999998914 -0.1 0.0
2.6999999999998914 -0.1 0.0
2.6999999999998914 -0.1 0.0
2.6999999999998914 -0.1 0.0
2.6999999999998914 -0.1 0.0
2.6999999999998914 -0.1 0.0
2.6999999999998914 -0.1 0.0
2.6999999999998914 -0.1 0.0
2.6999999999998914 -0.1 0.0
2.6999999999998914 -0.1 0.0
2.6999999999998914 -0.1 0.0
2.6999999999998914 -0.1 0.0
2.6999999999998914 -0.1 0.0
2.6999999999998914 -0.1 0.0
2.6999999999998914 -0.1 0.0
2.6999999999998914 -0.1 0.0
2.6999999999998914 -0.1 0.0
2.6999999999998914 -0.1 0.0
2.6999999999998914 -0.1 0.0
2.6999999999998914 -0.1 0.0
2.6999999999998914 -0.1 0.0
2.6999999999998914 -0.1 0.0
2.6999999999998914 -0.1 0.0
2.6999999999998914 -0.1 0.0
2.6999999999998914 -0.1 0.0
2.6999999999998914 -0.1 0.0
2.6999999999998914 -0.1 0.0
2.6999999999998914 -0.1 0.0
2.6999999999998914 -0.1 0.0
2.6999999999998914 -0.1 0.0
2.6999999999998914 -0.1 0.0
2.6999999999998914 -0.1 0.0
2.6999999999998914 -0.1 0.0
2.6999999999998914 -0.1 0.0
2.6999999999998914 -0.1 0.0
2.6999999999998914 -0.1 0.0
2.6999999999998914 -0.1 0.0
2.6999999999998914 -0.1 0.0
2.6999999999998914 -0.1 0.0
2.6999999999998914 -0.1 0.0
2.6999999999998914 -0.1 0.0
2.6999999999998914 -0.1 0.0
2.6999999999998914 -0.1 0.0
2.6999999999998914 -0.1 0.0
2.6999999999998914 -0.1 0.0
2.6999999999998914 -0.1 0.0
2.6999999999998914 -0.1 0.0
2.6999999999998914 -0.1 0.0
2.6999999999998914 -0.1 0.0
2.6999999999998914 -0.1 0.0
2.6999999999998914 -0.1 0.0
2.6999999999998914 -0.1 0.0
2.6999999999998914 -0.1 0.0
2.6999999999998914 -0.1 0.0
2.6999999999998914 -0.1 0.0
2.6999999999998914 -0.1 0.0
2.6999999999998914 -0.1 0.0
2.6999999999998914 -0.1 0.0
2.6999999999998914 -0.1 0.0
2.6999999999998914 -0.1 0.0
2.6999999999998914 -0.1 0.0
2.6999999999998914 -0.1 0.0
2.6999999999998914 -0.1 0.0
2.6999999999998914 -0.1 0.0
2.6999999999998914 -0.1 0.0
2.6999999999998914 -0.1 0.0
2.6999999999998914 -0.1 0.0
2.6999999999998914 -0.1 0.0
2.6999999999998914 -0.1 0.0
2.6999999999998914 -0.1 0.0
2.700242565597559 -0.1 6.345356101624323e-05
2.700960932944498 -0.1 0.0002465106205747605
2.7021411078716113 -0.1 0.0005384556434818824
2.7037690962098035 -0.1 0.000928892961266139
2.705830903789978 -0.1 0.001407746772178259
2.708312536443039 -0.1 0.00196526114119117
2.71119999999989 -0.1 0.0025919999999999997
2.714479300291435 -0.1 0.003278847147022074
2.7181364431485773 -0.1 0.004017006247396917
2.7221574344022215 -0.1 0.004798000832986255
2.7265282798832704 -0.1 0.00561367430237401
2.7312349854226285 -0.1 0.006456189920866304
2.7362635568511995 -0.1 0.007318030820491461
2.741599999999887 -0.1 0.008192
2.7472303206995945 -0.1 0.00907122032486464
2.7531405247812266 -0.1 0.009949134527280298
2.7593166180756867 -0.1 0.010819505206164096
2.7657446064138784 -0.1 0.01167641482715535
2.7724104956267057 -0.1 0.012514265722615575
2.779300291545072 -0.1 0.013327780091628487
2.786399999999882 -0.1 0.014112
2.7936956268220383 -0.1 0.014862287380258223
2.801173177842446 -0.1 0.015574324031653479
2.8088186588920077 -0.1 0.016244111620158264
2.8166180758016277 -0.1 0.016867971678467306
2.82455743440221 -0.1 0.0174425456059975
2.8326227405246582 -0.1 0.01796479466888796
2.840799999999876 -0.1 0.018431999999999997
2.849075218658767 -0.1 0.01884176259891711
2.8574344023322356 -0.1 0.019192003331945026
2.865863556851185 -0.1 0.01948096293211162
2.874348688046519 -0.1 0.019707201999167007
2.8828758017491425 -0.1 0.0198696009995835
2.8914309037899577 -0.1 0.019967360266555594
2.8999999999998693 -0.1 0.01999999999999999
2.908569096209781 -0.1 0.0199673602665556
2.917124198250596 -0.1 0.0198696009995835
2.9256513119532195 -0.1 0.019707201999167007
2.9341364431485535 -0.1 0.0194809629321116
2.942565597667503 -0.1 0.019192003331945026
2.9509247813409716 -0.1 0.018841762598917122
2.959199999999863 -0.1 0.018432000000000004
2.9673772594750805 -0.1 0.01796479466888795
2.9754425655975285 -0.1 0.017442545605997506
2.983381924198111 -0.1 0.01686797167846729
2.991181341107731 -0.1 0.016244111620158264
2.9988268221572927 -0.1 0.015574324031653486
3.0063043731777004 -0.1 0.014862287380258216
3.013599999999857 -0.1 0.014112000000000013
3.0206997084546665 -0.1 0.013327780091628494
3.027589504373033 -0.1 0.012514265722615547
3.0342553935858603 -0.1 0.01167641482715534
3.040683381924052 -0.1 0.01081950520616412
3.046859475218512 -0.1 0.009949134527280301
3.052769679300144 -0.1 0.009071220324864626
3.058399999999852 -0.1 0.008192000000000005
3.063736443148539 -0.1 0.007318030820491456
3.06876501457711 -0.1 0.006456189920866273
3.0734717201164683 -0.1 0.005613674302374
3.0778425655975172 -0.1 0.004798000832986288
3.081863556851161 -0.1 0.004017006247396898
3.0855206997083036 -0.1 0.0032788471470220903
3.0887999999998486 -0.1 0.0025920000000000387
3.0916874635566995 -0.1 0.001965261141191166
3.0941690962097605 -0.1 0.0014077467721782533
3.096230903789935 -0.1 0.0009288929612661367
3.0978588921281274 -0.1 0.0005384556434818721
3.099039067055241 -0.1 0.00024651062057473583
3.0997574344021794 -0.1 6.345356101622457e-05
3.0999999999998473 -0.1 0.0
3.0999999999998473 -0.1 0.0
3.0999999999998473 -0.1 0.0
3.0999999999998473 -0.1 0.0
3.0999999999998473 -0.1 0.0
3.0999999999998473 -0.1 0.0
3.0999999999998473 -0.1 0.0
3.0999999999998473 -0.1 0.0
3.0999999999998473 -0.1 0.0
3.0999999999998473 -0.1 0.0
3.0999999999998473 -0.1 0.0
3.0999999999998473 -0.1 0.0
3.0999999999998473 -0.1 0.0
3.0999999999998473 -0.1 0.0
3.0999999999998473 -0.1 0.0
3.0999999999998473 -0.1 0.0
3.0999999999998473 -0.1 0.0
3.0999999999998473 -0.1 0.0
3.0999999999998473 -0.1 0.0
3.0999999999998473 -0.1 0.0
3.0999999999998473 -0.1 0.0
3.0999999999998473 -0.1 0.0
3.0999999999998473 -0.1 0.0
3.0999999999998473 -0.1 0.0
3.0999999999998473 -0.1 0.0
3.0999999999998473 -0.1 0.0
3.0999999999998473 -0.1 0.0
3.0999999999998473 -0.1 0.0
3.0999999999998473 -0.1 0.0
3.0999999999998473 -0.1 0.0
3.0999999999998473 -0.1 0.0
3.0999999999998473 -0.1 0.0
3.0999999999998473 -0.1 0.0
3.0999999999998473 -0.1 0.0
3.0999999999998473 -0.1 0.0
3.0999999999998473 -0.1 0.0
3.0999999999998473 -0.1 0.0
3.0999999999998473 -0.1 0.0
3.0999999999998473 -0.1 0.0
3.0999999999998473 -0.1 0.0
3.0999999999998473 -0.1 0.0
3.0999999999998473 -0.1 0.0
3.0999999999998473 -0.1 0.0
3.0999999999998473 -0.1 0.0
3.0999999999998473 -0.1 0.0
3.0999999999998473 -0.1 0.0
3.0999999999998473 -0.1 0.0
3.0999999999998473 -0.1 0.0
3.0999999999998473 -0.1 0.0
3.0999999999998473 -0.1 0.0
3.0999999999998473 -0.1 0.0
3.0999999999998473 -0.1 0.0
3.0999999999998473 -0.1 0.0
3.0999999999998473 -0.1 0.0
3.0999999999998473 -0.1 0.0
3.0999999999998473 -0.1 0.0
3.0999999999998473 -0.1 0.0
3.0999999999998473 -0.1 0.0
3.0999999999998473 -0.1 0.0
3.0999999999998473 -0.1 0.0
3.0999999999998473 -0.1 0.0
3.0999999999998473 -0.1 0.0
3.0999999999998473 -0.1 0.0
3.0999999999998473 -0.1 0.0
3.0999999999998473 -0.1 0.0
3.0999999999998473 -0.1 0.0
3.0999999999998473 -0.1 0.0
3.0999999999998473 -0.1 0.0
3.0999999999998473 -0.1 0.0
3.0999999999998473 -0.1 0.0
3.0999999999998473 -0.1 0.0
3.0999999999998473 -0.1 0.0
3.0999999999998473 -0.1 0.0
3.0999999999998473 -0.1 0.0
3.0999999999998473 -0.1 0.0
3.0999999999998473 -0.1 0.0
3.0999999999998473 -0.1 0.0
3.0999999999998473 -0.1 0.0
3.0999999999998473 -0.1 0.0
3.0999999999998473 -0.1 0.0
3.0999999999998473 -0.1 0.0
3.0999999999998473 -0.1 0.0
3.0999999999998473 -0.1 0.0
3.0999999999998473 -0.1 0.0
3.0999999999998473 -0.1 0.0
3.0999999999998473 -0.1 0.0
3.0999999999998473 -0.1 0.0
3.0999999999998473 -0.1 0.0
3.0999999999998473 -0.1 0.0
3.0999999999998473 -0.1 0.0
3.0999999999998473 -0.1 0.0
3.0999999999998473 -0.1 0.0
3.0999999999998473 -0.1 0.0
3.0999999999998473 -0.1 0.0
3.0999999999998473 -0.1 0.0
3.0999999999998473 -0.1 0.0
3.0999999999998473 -0.1 0.0
3.0999999999998473 -0.1 0.0
3.0999999999998473 -0.1 0.0
3.0999999999998473 -0.1 0.0
3.0999999999998473 -0.1 0.0
3.0999999999998473 -0.1 0.0
3.0999999999998473 -0.1 0.0
3.0999999999998473 -0.1 0.0
3.0999999999998473 -0.1 0.0
3.0999999999998473 -0.1 0.0
3.0999999999998473 -0.1 0.0
3.0999999999998473 -0.1 0.0
3.0999999999998473 -0.1 0.0
3.0999999999998473 -0.1 0.0
3.0999999999998473 -0.1 0.0
3.0999999999998473 -0.1 0.0
3.0999999999998473 -0.1 0.0
3.0999999999998473 -0.1 0.0
3.0999999999998473 -0.1 0.0
3.0999999999998473 -0.1 0.0
3.0999999999998473 -0.1 0.0
3.0999999999998473 -0.1 0.0
3.0999999999998473 -0.1 0.0
3.0999999999998473 -0.1 0.0
3.0999999999998473 -0.1 0.0
3.0999999999998473 -0.1 0.0
3.0999999999998473 -0.1 0.0
3.0999999999998473 -0.1 0.0
3.0999999999998473 -0.1 0.0
3.0999999999998473 -0.1 0.0
3.0999999999998473 -0.1 0.0
3.0999999999998473 -0.1 0.0
3.0999999999998473 -0.1 0.0
3.0999999999998473 -0.1 0.0
